,qid,docno,score
0,19335,7122355,0.7038359045982361
1,19335,772234,0.6966739296913147
2,19335,1504746,0.6950675249099731
3,19335,1720389,0.6901305913925171
4,19335,1720395,0.6863328814506531
5,19335,2304005,0.6843371987342834
6,19335,2459779,0.6792171597480774
7,19335,211275,0.6735891103744507
8,19335,3559596,0.6669431328773499
9,19335,1143050,0.666469931602478
10,19335,3559593,0.6614532470703125
11,19335,5078863,0.6559733152389526
12,19335,6902389,0.6514636278152466
13,19335,161606,0.6490445733070374
14,19335,2874503,0.6428744792938232
15,19335,1720387,0.641703724861145
16,19335,7050803,0.6410644054412842
17,19335,2874497,0.6403716802597046
18,19335,1504747,0.6385307908058167
19,19335,93557,0.6375513672828674
20,19335,1720391,0.6360291838645935
21,19335,2459780,0.6318938136100769
22,19335,1469573,0.6298116445541382
23,19335,8231218,0.62674480676651
24,19335,6902384,0.6256369948387146
25,19335,342431,0.621039867401123
26,19335,4480945,0.6202306747436523
27,19335,2304004,0.6201262474060059
28,19335,3615083,0.6197444796562195
29,19335,6512137,0.6193500757217407
30,19335,5870000,0.6185685396194458
31,19335,1720388,0.6175768375396729
32,19335,8828698,0.6171960830688477
33,19335,2250973,0.6128863096237183
34,19335,3615080,0.6121459007263184
35,19335,8828697,0.6119781732559204
36,19335,5806604,0.6109763383865356
37,19335,3615078,0.6070846319198608
38,19335,772227,0.6064985990524292
39,19335,2459784,0.6061645746231079
40,19335,1717015,0.6044437885284424
41,19335,5711211,0.5940011739730835
42,19335,8412682,0.5911048650741577
43,19335,3615077,0.5894224643707275
44,19335,5091471,0.5871132612228394
45,19335,6512144,0.5843009352684021
46,19335,1169915,0.5811117887496948
47,19335,1504744,0.578842282295227
48,19335,4856832,0.5777441263198853
49,19335,210535,0.5762443542480469
50,19335,210536,0.5757642388343811
51,19335,354224,0.5755347013473511
52,19335,567427,0.5745849609375
53,19335,527692,0.5741658210754395
54,19335,7644151,0.5723656415939331
55,19335,1283519,0.5716451406478882
56,19335,6512138,0.5701419115066528
57,19335,7454464,0.5695971846580505
58,19335,527697,0.5694909691810608
59,19335,8412681,0.5687094926834106
60,19335,6902386,0.5683869123458862
61,19335,284841,0.567216157913208
62,19335,4480942,0.5666148662567139
63,19335,3045567,0.5660795569419861
64,19335,4480943,0.5624158382415771
65,19335,7915861,0.562105655670166
66,19335,354219,0.5618244409561157
67,19335,2174052,0.5608398914337158
68,19335,7007720,0.5606714487075806
69,19335,1163024,0.5605541467666626
70,19335,3587439,0.5577212572097778
71,19335,527695,0.5563400983810425
72,19335,8677296,0.5562065839767456
73,19335,6452949,0.5559414625167847
74,19335,7249140,0.5522850155830383
75,19335,6902385,0.5520723462104797
76,19335,5051739,0.5507726073265076
77,19335,6487786,0.5482732057571411
78,19335,584350,0.54736328125
79,19335,584358,0.5466508865356445
80,19335,7367411,0.5455167293548584
81,19335,6238007,0.5453715324401855
82,19335,5920774,0.5451529026031494
83,19335,5652225,0.5434743165969849
84,19335,8734155,0.5431320071220398
85,19335,6325748,0.5423861742019653
86,19335,6971799,0.5422154664993286
87,19335,1642909,0.5422154664993286
88,19335,800453,0.540841281414032
89,19335,6124005,0.5407726764678955
90,19335,8078021,0.5407397150993347
91,19335,6162001,0.5375375151634216
92,19335,8495713,0.537428617477417
93,19335,998984,0.5369837284088135
94,19335,2304000,0.5369495153427124
95,19335,7961908,0.5360763669013977
96,19335,2337477,0.5355274677276611
97,19335,7273446,0.5353839993476868
98,19335,1504748,0.5353118777275085
99,19335,114024,0.5348842144012451
100,19335,7778619,0.5346953868865967
101,19335,1717006,0.534207820892334
102,19335,6171257,0.533684253692627
103,19335,6188457,0.5334129333496094
104,19335,8098331,0.5327416062355042
105,19335,8664921,0.5327087640762329
106,19335,6568698,0.5322046279907227
107,19335,5078862,0.5318315029144287
108,19335,7460276,0.531764030456543
109,19335,1851907,0.5314544439315796
110,19335,2449497,0.5301122069358826
111,19335,4955494,0.5299990177154541
112,19335,7135584,0.5294779539108276
113,19335,429851,0.5294281840324402
114,19335,1905037,0.5275992155075073
115,19335,2054988,0.5275895595550537
116,19335,7249139,0.5262779593467712
117,19335,8798988,0.5255354642868042
118,19335,1720393,0.5254920721054077
119,19335,7267246,0.5237054824829102
120,19335,6188452,0.5234401822090149
121,19335,4874006,0.5226456522941589
122,19335,2223532,0.5223003625869751
123,19335,1568083,0.5221108198165894
124,19335,1544910,0.5212818384170532
125,19335,8078024,0.5210523009300232
126,19335,5711216,0.5205878019332886
127,19335,4480948,0.5204693078994751
128,19335,7367402,0.5202528238296509
129,19335,2046505,0.5193808674812317
130,19335,1396142,0.5191957354545593
131,19335,4874001,0.5189996957778931
132,19335,201231,0.518953800201416
133,19335,8664925,0.5182872414588928
134,19335,6773977,0.5175601243972778
135,19335,698652,0.5173971652984619
136,19335,1613255,0.5173105597496033
137,19335,712805,0.5172261595726013
138,19335,7273450,0.5170631408691406
139,19335,1902332,0.5170342922210693
140,19335,7109494,0.5170226097106934
141,19335,7235457,0.5168284177780151
142,19335,7781774,0.5165817737579346
143,19335,6623335,0.5165773630142212
144,19335,6210058,0.5157006978988647
145,19335,5629067,0.5153640508651733
146,19335,429849,0.5151993036270142
147,19335,3045565,0.5141003727912903
148,19335,763110,0.5135766863822937
149,19335,3374040,0.5135279893875122
150,19335,4874002,0.5130436420440674
151,19335,5568081,0.5124896764755249
152,19335,6487784,0.5123579502105713
153,19335,763113,0.5117585062980652
154,19335,8832563,0.5117125511169434
155,19335,7367410,0.511666476726532
156,19335,6902387,0.5112098455429077
157,19335,8591081,0.5110695362091064
158,19335,3374042,0.5099466443061829
159,19335,7122361,0.5099337100982666
160,19335,530424,0.5096030235290527
161,19335,3765100,0.5092596411705017
162,19335,5054684,0.5092319250106812
163,19335,1474455,0.5089936256408691
164,19335,7320616,0.5089670419692993
165,19335,5652224,0.5089423656463623
166,19335,8786632,0.5088396072387695
167,19335,8412683,0.5087751746177673
168,19335,980052,0.5086848735809326
169,19335,2093154,0.5085176825523376
170,19335,2054990,0.5082424283027649
171,19335,1568085,0.5079963207244873
172,19335,8664927,0.5075780153274536
173,19335,8040066,0.5074582695960999
174,19335,4874003,0.5074283480644226
175,19335,1956667,0.5065117478370667
176,19335,8231216,0.5062758326530457
177,19335,6568700,0.5060434341430664
178,19335,8633126,0.505957841873169
179,19335,2874496,0.5058304667472839
180,19335,6306225,0.5057686567306519
181,19335,3936280,0.5050922632217407
182,19335,8412684,0.504888653755188
183,19335,734245,0.5047802925109863
184,19335,763108,0.504544734954834
185,19335,2600801,0.5039219856262207
186,19335,7464792,0.5035272240638733
187,19335,2303999,0.5033605098724365
188,19335,1070289,0.5033224821090698
189,19335,7108635,0.5031012892723083
190,19335,284845,0.5027309656143188
191,19335,3064703,0.5021899342536926
192,19335,4066055,0.5021152496337891
193,19335,6626819,0.5019521713256836
194,19335,6306222,0.5011928081512451
195,19335,5091472,0.5011835098266602
196,19335,6487785,0.5006958842277527
197,19335,6238013,0.5006222724914551
198,19335,5711215,0.5001401901245117
199,19335,8798989,0.4998737573623657
200,19335,3131245,0.4993898570537567
201,19335,1642910,0.4990266263484955
202,19335,2325143,0.4986704885959625
203,19335,5829203,0.49864232540130615
204,19335,6162002,0.49863189458847046
205,19335,1825418,0.497781366109848
206,19335,2782898,0.4974062740802765
207,19335,3801663,0.4972463846206665
208,19335,5711219,0.49683693051338196
209,19335,1396143,0.49650153517723083
210,19335,5829200,0.49630439281463623
211,19335,1902333,0.4953659772872925
212,19335,1705526,0.4948769509792328
213,19335,6171253,0.4948047697544098
214,19335,6306220,0.49473971128463745
215,19335,6186331,0.4941082298755646
216,19335,6902383,0.49400001764297485
217,19335,1967030,0.49392661452293396
218,19335,7344317,0.49391230940818787
219,19335,6401787,0.4935879707336426
220,19335,1642906,0.4935614764690399
221,19335,3045566,0.4934236407279968
222,19335,503739,0.49229902029037476
223,19335,1730,0.4922841191291809
224,19335,8628823,0.49226605892181396
225,19335,5829198,0.4910317361354828
226,19335,3615079,0.49098098278045654
227,19335,2054989,0.4909210801124573
228,19335,298110,0.49061399698257446
229,19335,2137748,0.490352988243103
230,19335,4874004,0.48989903926849365
231,19335,7136165,0.4896133542060852
232,19335,5920775,0.48944219946861267
233,19335,1455057,0.48916566371917725
234,19335,3121937,0.489102840423584
235,19335,1720394,0.4888462424278259
236,19335,661560,0.4886346459388733
237,19335,6185977,0.4883378744125366
238,19335,392319,0.4880842864513397
239,19335,2443591,0.4874874949455261
240,19335,736386,0.4874723553657532
241,19335,2186129,0.4873303174972534
242,19335,530421,0.48722168803215027
243,19335,3445061,0.48707854747772217
244,19335,284842,0.48617926239967346
245,19335,7298832,0.4858921766281128
246,19335,5637911,0.48569512367248535
247,19335,3175480,0.485445499420166
248,19335,1077788,0.48499029874801636
249,19335,3706023,0.48489102721214294
250,19335,7778611,0.4846963584423065
251,19335,6487782,0.48469579219818115
252,19335,8078230,0.48460814356803894
253,19335,6568701,0.4839027225971222
254,19335,4955488,0.4838453531265259
255,19335,272520,0.4835963249206543
256,19335,5078867,0.48324933648109436
257,19335,5512991,0.48303669691085815
258,19335,5351351,0.482899934053421
259,19335,486385,0.48244863748550415
260,19335,636713,0.48235541582107544
261,19335,429852,0.48232483863830566
262,19335,3366913,0.48212769627571106
263,19335,4843828,0.48203837871551514
264,19335,2594897,0.4815096855163574
265,19335,6510257,0.48135805130004883
266,19335,8206869,0.4813378155231476
267,19335,8649613,0.48101145029067993
268,19335,359174,0.48092007637023926
269,19335,1077786,0.4806385338306427
270,19335,5829205,0.4801585078239441
271,19335,8608226,0.4793218672275543
272,19335,698651,0.4790533781051636
273,19335,201236,0.4790456295013428
274,19335,8751266,0.47884589433670044
275,19335,6109202,0.47882401943206787
276,19335,8457009,0.4785083532333374
277,19335,6411068,0.47755002975463867
278,19335,677305,0.4774603843688965
279,19335,256749,0.4774574041366577
280,19335,1902331,0.47722887992858887
281,19335,1902329,0.47697415947914124
282,19335,8664922,0.4769514799118042
283,19335,3844540,0.4768838584423065
284,19335,3800526,0.4768221378326416
285,19335,7856992,0.4767288863658905
286,19335,7693115,0.47606199979782104
287,19335,2054992,0.4757647216320038
288,19335,7267248,0.47545522451400757
289,19335,2866200,0.4752531349658966
290,19335,7460273,0.4745703339576721
291,19335,4066049,0.47443586587905884
292,19335,1434837,0.4742382764816284
293,19335,8608225,0.47403037548065186
294,19335,6162004,0.473985880613327
295,19335,4510384,0.4739103317260742
296,19335,8828699,0.4738280475139618
297,19335,1834232,0.47309789061546326
298,19335,3175477,0.47308096289634705
299,19335,4835654,0.47300025820732117
300,19335,2130187,0.47281646728515625
301,19335,129764,0.47244730591773987
302,19335,1967031,0.47243499755859375
303,19335,4050974,0.47233614325523376
304,19335,2325144,0.47232580184936523
305,19335,2067038,0.4718310832977295
306,19335,7954312,0.4712648391723633
307,19335,8453853,0.4710116982460022
308,19335,7464793,0.4710007309913635
309,19335,1902336,0.47074174880981445
310,19335,4835650,0.4707103967666626
311,19335,6464694,0.47060132026672363
312,19335,3121938,0.470357209444046
313,19335,3366911,0.47024717926979065
314,19335,8106746,0.47021278738975525
315,19335,2054991,0.4698684513568878
316,19335,579361,0.46960368752479553
317,19335,1642913,0.4694214463233948
318,19335,8754859,0.46940353512763977
319,19335,527690,0.46932053565979004
320,19335,2304002,0.46918928623199463
321,19335,6419393,0.4687977433204651
322,19335,3672133,0.46872586011886597
323,19335,161608,0.46840792894363403
324,19335,7344319,0.46823760867118835
325,19335,554950,0.46801531314849854
326,19335,769624,0.46783769130706787
327,19335,2304006,0.4677141010761261
328,19335,1390899,0.46757829189300537
329,19335,2054993,0.4672462046146393
330,19335,2337479,0.4671984910964966
331,19335,1192493,0.4670073390007019
332,19335,2437769,0.466998815536499
333,19335,7656731,0.4669910669326782
334,19335,161602,0.46665558218955994
335,19335,6784590,0.4665963649749756
336,19335,5805622,0.4664837718009949
337,19335,858584,0.46632617712020874
338,19335,763117,0.4663090407848358
339,19335,5164961,0.4662376344203949
340,19335,6800899,0.4661519229412079
341,19335,8653322,0.4659152030944824
342,19335,712806,0.4657028615474701
343,19335,4835657,0.46525901556015015
344,19335,5508123,0.46499595046043396
345,19335,5054689,0.4648067057132721
346,19335,1160871,0.46478593349456787
347,19335,4955486,0.464508056640625
348,19335,6526658,0.4642258882522583
349,19335,527698,0.46384546160697937
350,19335,3058982,0.46371933817863464
351,19335,7954313,0.4635259211063385
352,19335,6325754,0.4633884131908417
353,19335,5784447,0.4632647633552551
354,19335,6487787,0.4630125164985657
355,19335,1063647,0.4626477360725403
356,19335,772225,0.4625990390777588
357,19335,7763208,0.46258002519607544
358,19335,3822929,0.46254396438598633
359,19335,6542497,0.4625091254711151
360,19335,3646976,0.4625049829483032
361,19335,1720396,0.4623899757862091
362,19335,1958103,0.4623628854751587
363,19335,1958102,0.4622568190097809
364,19335,1504749,0.4622156620025635
365,19335,429850,0.46177610754966736
366,19335,2866201,0.4615800380706787
367,19335,39115,0.4615482985973358
368,19335,4482795,0.46151313185691833
369,19335,1825413,0.46123042702674866
370,19335,3517209,0.4612162113189697
371,19335,7198043,0.4611622095108032
372,19335,5767749,0.46105337142944336
373,19335,3517207,0.4610145092010498
374,19335,3058991,0.46098756790161133
375,19335,7670225,0.4608667492866516
376,19335,3650414,0.4607708156108856
377,19335,2866197,0.46036285161972046
378,19335,7198044,0.4603275656700134
379,19335,736388,0.4602009952068329
380,19335,7554232,0.46017900109291077
381,19335,5829199,0.4600535035133362
382,19335,1231806,0.459933876991272
383,19335,636710,0.4597546458244324
384,19335,6401788,0.4595572054386139
385,19335,1498856,0.45917853713035583
386,19335,3212083,0.4590858221054077
387,19335,6747374,0.4590803384780884
388,19335,4955490,0.45896923542022705
389,19335,1160863,0.4588918387889862
390,19335,7450029,0.45870843529701233
391,19335,5883476,0.458699107170105
392,19335,354218,0.45868420600891113
393,19335,272517,0.4585620164871216
394,19335,6187521,0.4584420919418335
395,19335,7778617,0.4582641124725342
396,19335,6747381,0.4582422971725464
397,19335,3616300,0.4581456482410431
398,19335,7320614,0.45789772272109985
399,19335,201237,0.4578384757041931
400,19335,7783924,0.4576246440410614
401,19335,4937589,0.45762062072753906
402,19335,1902334,0.45744138956069946
403,19335,6109207,0.4574013948440552
404,19335,8671390,0.4573725759983063
405,19335,8608230,0.4573551118373871
406,19335,1568086,0.4572708010673523
407,19335,8698722,0.45698291063308716
408,19335,1346787,0.45642387866973877
409,19335,7380830,0.45621851086616516
410,19335,8811937,0.45602065324783325
411,19335,4332002,0.4559910297393799
412,19335,92472,0.4555935859680176
413,19335,5078865,0.45546209812164307
414,19335,579364,0.4552600681781769
415,19335,2961544,0.454926997423172
416,19335,7231386,0.4548583924770355
417,19335,8696643,0.4546787738800049
418,19335,5829204,0.4545168876647949
419,19335,3445058,0.45450466871261597
420,19335,6210052,0.4539409577846527
421,19335,5508122,0.4538901746273041
422,19335,1916392,0.4537431001663208
423,19335,7007718,0.4531756043434143
424,19335,4718636,0.45293915271759033
425,19335,1192492,0.45290976762771606
426,19335,8677293,0.45290279388427734
427,19335,4470850,0.4527427554130554
428,19335,6184951,0.4525267481803894
429,19335,7109490,0.4523918032646179
430,19335,3175478,0.4523391127586365
431,19335,6210055,0.45203161239624023
432,19335,691493,0.45151013135910034
433,19335,1297802,0.45148178935050964
434,19335,7136170,0.45137009024620056
435,19335,4030517,0.4511200189590454
436,19335,1010661,0.4510416090488434
437,19335,6832543,0.4510382413864136
438,19335,7950618,0.45074307918548584
439,19335,7122359,0.4501219391822815
440,19335,505621,0.45010510087013245
441,19335,8424265,0.4499433934688568
442,19335,211269,0.4498814344406128
443,19335,2359342,0.4498787820339203
444,19335,6443305,0.4497661888599396
445,19335,3811976,0.4497537612915039
446,19335,4831119,0.44968706369400024
447,19335,5806598,0.44952714443206787
448,19335,3175481,0.4493618905544281
449,19335,4692187,0.44924360513687134
450,19335,7734100,0.44921964406967163
451,19335,6512009,0.4491782784461975
452,19335,8232808,0.4489836096763611
453,19335,3851607,0.44876033067703247
454,19335,7693117,0.4480185806751251
455,19335,4955491,0.4480060636997223
456,19335,1725,0.4479559063911438
457,19335,5091467,0.44784092903137207
458,19335,8453856,0.4476463794708252
459,19335,8055420,0.4475695490837097
460,19335,724361,0.4474453330039978
461,19335,4299349,0.44716164469718933
462,19335,711785,0.4470761716365814
463,19335,2250981,0.4468275308609009
464,19335,5164965,0.44658714532852173
465,19335,1851906,0.44651952385902405
466,19335,7693118,0.44651657342910767
467,19335,262137,0.4464895725250244
468,19335,7198042,0.4462575316429138
469,19335,1976396,0.44606369733810425
470,19335,8106744,0.4459798336029053
471,19335,3629431,0.44585394859313965
472,19335,3022560,0.44559547305107117
473,19335,8453854,0.44556453824043274
474,19335,3316410,0.44541284441947937
475,19335,1070297,0.44529420137405396
476,19335,6487790,0.4452133774757385
477,19335,8294200,0.44511064887046814
478,19335,1825415,0.44506749510765076
479,19335,1390904,0.4449138939380646
480,19335,1851905,0.4448942542076111
481,19335,8491597,0.4448511600494385
482,19335,4125467,0.4445911645889282
483,19335,1374917,0.4445250630378723
484,19335,1358308,0.44442930817604065
485,19335,6109201,0.4443778395652771
486,19335,8345728,0.44429898262023926
487,19335,5091216,0.44395577907562256
488,19335,4540816,0.44385623931884766
489,19335,2113205,0.4437476396560669
490,19335,1515595,0.4437026381492615
491,19335,6066675,0.44353485107421875
492,19335,6154303,0.44344037771224976
493,19335,118695,0.44310325384140015
494,19335,4346034,0.44279515743255615
495,19335,3615074,0.4427388906478882
496,19335,653003,0.44265127182006836
497,19335,1049026,0.4426443576812744
498,19335,1469575,0.44252872467041016
499,19335,7419906,0.4424550235271454
500,19335,8490160,0.44229957461357117
501,19335,8055424,0.44227683544158936
502,19335,1463612,0.44208312034606934
503,19335,6773976,0.4419671893119812
504,19335,470249,0.4419555366039276
505,19335,3539483,0.4418509006500244
506,19335,8828700,0.4416380524635315
507,19335,5544994,0.4416368901729584
508,19335,2866198,0.44163382053375244
509,19335,6487789,0.4415634274482727
510,19335,1987735,0.4415532648563385
511,19335,6432782,0.44154903292655945
512,19335,7198040,0.44150781631469727
513,19335,39111,0.44141411781311035
514,19335,5806603,0.44131869077682495
515,19335,859347,0.44129103422164917
516,19335,2699379,0.44094711542129517
517,19335,3200281,0.440845787525177
518,19335,1333092,0.44067859649658203
519,19335,5164964,0.44064420461654663
520,19335,6124004,0.4405962824821472
521,19335,5857337,0.440493106842041
522,19335,636717,0.44033950567245483
523,19335,4955487,0.44015899300575256
524,19335,2023364,0.43992936611175537
525,19335,1255791,0.43976399302482605
526,19335,636716,0.4396879971027374
527,19335,3316402,0.4394758343696594
528,19335,1455056,0.43946415185928345
529,19335,1469574,0.4393792748451233
530,19335,93371,0.43925994634628296
531,19335,1288496,0.43924617767333984
532,19335,1288498,0.43913692235946655
533,19335,6999143,0.43911850452423096
534,19335,7460274,0.4389118552207947
535,19335,901326,0.43884921073913574
536,19335,8015292,0.438762366771698
537,19335,1288511,0.43839603662490845
538,19335,7108634,0.4381795823574066
539,19335,8055426,0.4381096363067627
540,19335,5403963,0.4378834366798401
541,19335,1257534,0.43724334239959717
542,19335,5164967,0.437239408493042
543,19335,6745455,0.4370100498199463
544,19335,7249141,0.43694740533828735
545,19335,2606442,0.43662285804748535
546,19335,2978572,0.43641984462738037
547,19335,4480941,0.4362974166870117
548,19335,7122360,0.4360817074775696
549,19335,7526144,0.43577954173088074
550,19335,1293498,0.43553999066352844
551,19335,5829202,0.43528932332992554
552,19335,6463340,0.4351714849472046
553,19335,5668490,0.4351714849472046
554,19335,1084801,0.4349385201931
555,19335,3800519,0.43477633595466614
556,19335,2021245,0.4347749352455139
557,19335,5846734,0.4347730576992035
558,19335,677301,0.43477296829223633
559,19335,4583846,0.43471473455429077
560,19335,197029,0.4345279037952423
561,19335,429847,0.4344772696495056
562,19335,1555321,0.43442437052726746
563,19335,1905034,0.43435126543045044
564,19335,5821871,0.43407416343688965
565,19335,1568084,0.4340153932571411
566,19335,2304001,0.43390971422195435
567,19335,7654765,0.43390536308288574
568,19335,1204005,0.43384766578674316
569,19335,2093161,0.4336578845977783
570,19335,7526141,0.43365198373794556
571,19335,4718635,0.4336118698120117
572,19335,392315,0.4335944652557373
573,19335,2946695,0.43349671363830566
574,19335,8635984,0.43326905369758606
575,19335,4571513,0.4331887364387512
576,19335,6773975,0.4329436123371124
577,19335,577193,0.4327694773674011
578,19335,3058989,0.43274569511413574
579,19335,8389346,0.432593435049057
580,19335,8635981,0.4324377775192261
581,19335,7961907,0.4324343204498291
582,19335,6795928,0.4322736859321594
583,19335,2530105,0.4322606921195984
584,19335,6407998,0.43215012550354004
585,19335,5459549,0.43212440609931946
586,19335,1568088,0.4321150481700897
587,19335,1567678,0.43171584606170654
588,19335,2443589,0.43168580532073975
589,19335,4307819,0.4312516152858734
590,19335,5939239,0.430943101644516
591,19335,1255798,0.43092426657676697
592,19335,2838718,0.4307592213153839
593,19335,4357163,0.43072453141212463
594,19335,4961528,0.4307008981704712
595,19335,4874010,0.430583655834198
596,19335,650882,0.43057793378829956
597,19335,1705528,0.43057340383529663
598,19335,132894,0.43052685260772705
599,19335,7638999,0.43050462007522583
600,19335,772228,0.43046844005584717
601,19335,7665056,0.4303330183029175
602,19335,853001,0.43030843138694763
603,19335,3494240,0.4302713871002197
604,19335,6568699,0.4301621913909912
605,19335,1567674,0.43006715178489685
606,19335,211270,0.43005430698394775
607,19335,7267242,0.4300394356250763
608,19335,1848701,0.42995184659957886
609,19335,5541612,0.4299115538597107
610,19335,5614924,0.4298526644706726
611,19335,2071726,0.42985132336616516
612,19335,1143051,0.4297785758972168
613,19335,4349926,0.42955052852630615
614,19335,201234,0.42954590916633606
615,19335,501867,0.4295007288455963
616,19335,8378960,0.42949092388153076
617,19335,7891863,0.4294692873954773
618,19335,527689,0.42931097745895386
619,19335,5748997,0.42912161350250244
620,19335,211271,0.4291025996208191
621,19335,7939664,0.4290297329425812
622,19335,2898020,0.4289669990539551
623,19335,1433938,0.4289354681968689
624,19335,3545921,0.4284510016441345
625,19335,2544110,0.42845049500465393
626,19335,636712,0.4284180700778961
627,19335,6268545,0.42837315797805786
628,19335,5652228,0.42819303274154663
629,19335,2921386,0.42810675501823425
630,19335,1469578,0.42808306217193604
631,19335,1025076,0.4279788136482239
632,19335,5238692,0.42797356843948364
633,19335,5668548,0.4277692437171936
634,19335,7433190,0.4277442991733551
635,19335,6350043,0.4275383949279785
636,19335,1010659,0.42707639932632446
637,19335,2158357,0.4270646572113037
638,19335,7961905,0.42688998579978943
639,19335,3964106,0.42685621976852417
640,19335,5906515,0.42680495977401733
641,19335,6412500,0.42666324973106384
642,19335,3909645,0.4265727996826172
643,19335,7267459,0.42644280195236206
644,19335,4769408,0.42643624544143677
645,19335,7665057,0.4263579249382019
646,19335,6999135,0.42623692750930786
647,19335,1916395,0.4261375963687897
648,19335,6759448,0.42579740285873413
649,19335,129765,0.42570677399635315
650,19335,161604,0.42567694187164307
651,19335,6401784,0.425651490688324
652,19335,8608231,0.4256265163421631
653,19335,7727457,0.4254480004310608
654,19335,865965,0.4253019094467163
655,19335,2669043,0.42528510093688965
656,19335,6640681,0.425203800201416
657,19335,3588444,0.4251022934913635
658,19335,5403962,0.42482542991638184
659,19335,6832547,0.42478203773498535
660,19335,1964677,0.4247486889362335
661,19335,6894783,0.42468854784965515
662,19335,1948855,0.42466574907302856
663,19335,5541604,0.4244294762611389
664,19335,8628824,0.42431938648223877
665,19335,5614928,0.42431581020355225
666,19335,3885567,0.4243079423904419
667,19335,5081058,0.42421960830688477
668,19335,6747380,0.42416611313819885
669,19335,1766565,0.4239521026611328
670,19335,4876285,0.42374658584594727
671,19335,5614927,0.42361128330230713
672,19335,3356803,0.42352205514907837
673,19335,6306224,0.4233449697494507
674,19335,3244082,0.42327243089675903
675,19335,3356799,0.42306774854660034
676,19335,8786627,0.4230426549911499
677,19335,8335324,0.42302843928337097
678,19335,7333475,0.4230077862739563
679,19335,3356801,0.42286694049835205
680,19335,2304007,0.4227790832519531
681,19335,1813895,0.4226945638656616
682,19335,8628821,0.4226246178150177
683,19335,201239,0.4223431348800659
684,19335,7615296,0.4222570061683655
685,19335,800444,0.42215847969055176
686,19335,1288489,0.42207497358322144
687,19335,8117139,0.4220571517944336
688,19335,8575815,0.42180025577545166
689,19335,7081889,0.42178088426589966
690,19335,3117494,0.4217756390571594
691,19335,2203340,0.4216717481613159
692,19335,1192499,0.4214533567428589
693,19335,7970330,0.42133575677871704
694,19335,8213863,0.4212775230407715
695,19335,3629427,0.4212770164012909
696,19335,7146672,0.4212619662284851
697,19335,2223535,0.42126113176345825
698,19335,6568697,0.4212506115436554
699,19335,1385453,0.42108577489852905
700,19335,4946901,0.42099523544311523
701,19335,4257020,0.4209885001182556
702,19335,8089405,0.42097270488739014
703,19335,736389,0.4208827316761017
704,19335,1819120,0.42065441608428955
705,19335,1434829,0.42062222957611084
706,19335,2020519,0.42062216997146606
707,19335,8117140,0.4205623269081116
708,19335,7464838,0.4205315411090851
709,19335,800449,0.42041826248168945
710,19335,1942845,0.42019912600517273
711,19335,8230000,0.4200931489467621
712,19335,8591085,0.4200581908226013
713,19335,7239020,0.42005687952041626
714,19335,6982142,0.420027494430542
715,19335,1509463,0.41976356506347656
716,19335,312778,0.41975611448287964
717,19335,1042135,0.4196684658527374
718,19335,8483961,0.41964447498321533
719,19335,6069804,0.4196084439754486
720,19335,7136164,0.4195466637611389
721,19335,5711213,0.4195227026939392
722,19335,8069822,0.41948047280311584
723,19335,6154304,0.41946864128112793
724,19335,8260320,0.419262170791626
725,19335,648325,0.4192105531692505
726,19335,3430028,0.4191012680530548
727,19335,3259670,0.41864901781082153
728,19335,1288497,0.4185672104358673
729,19335,8329525,0.4185222089290619
730,19335,2175842,0.41802114248275757
731,19335,5091466,0.41796228289604187
732,19335,698653,0.41788604855537415
733,19335,5164963,0.41775691509246826
734,19335,2250982,0.4177328050136566
735,19335,2695454,0.4176883101463318
736,19335,3406663,0.4176539182662964
737,19335,698649,0.4174625277519226
738,19335,7230508,0.4173315763473511
739,19335,6737151,0.41731783747673035
740,19335,7954314,0.4172854423522949
741,19335,7239025,0.4172816872596741
742,19335,5020162,0.4170385003089905
743,19335,6401790,0.41689515113830566
744,19335,8591236,0.41683775186538696
745,19335,3851613,0.4166085422039032
746,19335,901325,0.4164048731327057
747,19335,7311936,0.4163053631782532
748,19335,7239023,0.41618871688842773
749,19335,3290855,0.4160940945148468
750,19335,6489245,0.41600167751312256
751,19335,8457600,0.41579583287239075
752,19335,2594900,0.41578489542007446
753,19335,312770,0.4157732129096985
754,19335,8611570,0.4156867563724518
755,19335,7769741,0.41565924882888794
756,19335,8055419,0.41562947630882263
757,19335,3058988,0.4155731797218323
758,19335,2978573,0.4155378043651581
759,19335,2613102,0.4155135452747345
760,19335,7126278,0.415492981672287
761,19335,1617022,0.4153875708580017
762,19335,1054284,0.41528743505477905
763,19335,1504753,0.41525810956954956
764,19335,161086,0.41524916887283325
765,19335,3058983,0.415083110332489
766,19335,5914912,0.41506415605545044
767,19335,4460566,0.41505464911460876
768,19335,7132815,0.4150471091270447
769,19335,2688844,0.41485798358917236
770,19335,7778910,0.41484200954437256
771,19335,7298837,0.4147384762763977
772,19335,2582610,0.4147220253944397
773,19335,5164962,0.4146132469177246
774,19335,1288509,0.41455399990081787
775,19335,2520827,0.4145050644874573
776,19335,1923121,0.41449445486068726
777,19335,7389038,0.4144865870475769
778,19335,7671202,0.41444098949432373
779,19335,29850,0.4143703281879425
780,19335,3559594,0.41431576013565063
781,19335,2129062,0.41427263617515564
782,19335,6191867,0.41427236795425415
783,19335,7464796,0.4141812324523926
784,19335,5374937,0.4140890836715698
785,19335,4463942,0.41387078166007996
786,19335,201238,0.4138084948062897
787,19335,2565362,0.4136843979358673
788,19335,340864,0.4135676920413971
789,19335,7831668,0.413536012172699
790,19335,5402858,0.4133525490760803
791,19335,175043,0.41323089599609375
792,19335,6505245,0.41314956545829773
793,19335,6485046,0.41313862800598145
794,19335,3851608,0.4130655527114868
795,19335,5614926,0.4130266308784485
796,19335,8800088,0.4130029082298279
797,19335,4101516,0.41286933422088623
798,19335,2866203,0.4127615690231323
799,19335,7166364,0.41267386078834534
800,19335,3200268,0.4125225245952606
801,19335,5020159,0.41245245933532715
802,19335,6186330,0.4123772084712982
803,19335,7239024,0.4122658371925354
804,19335,1414260,0.41225099563598633
805,19335,765817,0.41224050521850586
806,19335,2459775,0.4122231900691986
807,19335,8412685,0.4120904505252838
808,19335,5869178,0.4118448495864868
809,19335,4099849,0.41168710589408875
810,19335,6444983,0.41154640913009644
811,19335,1661619,0.41146719455718994
812,19335,4746842,0.4112513065338135
813,19335,7973105,0.4112352728843689
814,19335,1087181,0.41103947162628174
815,19335,8352985,0.4110029637813568
816,19335,4183016,0.4109625816345215
817,19335,8810468,0.4109399616718292
818,19335,5222876,0.4108849763870239
819,19335,272519,0.4108489155769348
820,19335,429846,0.4106173515319824
821,19335,342427,0.4104892313480377
822,19335,1731,0.4103895425796509
823,19335,7108632,0.41014981269836426
824,19335,6589684,0.4101421535015106
825,19335,2819100,0.4101148247718811
826,19335,1819116,0.4100303649902344
827,19335,1907724,0.4099748134613037
828,19335,5222877,0.4099017381668091
829,19335,530425,0.4098784029483795
830,19335,6658542,0.40987515449523926
831,19335,2093155,0.40986746549606323
832,19335,6069801,0.40969833731651306
833,19335,4038211,0.40967702865600586
834,19335,724473,0.40965259075164795
835,19335,5619312,0.409551203250885
836,19335,5692464,0.4094664454460144
837,19335,858581,0.4094429314136505
838,19335,6463334,0.40930116176605225
839,19335,2020513,0.40922605991363525
840,19335,7480783,0.4091964364051819
841,19335,1010663,0.40917056798934937
842,19335,3093142,0.40911608934402466
843,19335,4463602,0.4090607166290283
844,19335,8205492,0.40904197096824646
845,19335,2657591,0.40902063250541687
846,19335,4606888,0.40901950001716614
847,19335,4658599,0.40881526470184326
848,19335,5806600,0.40877658128738403
849,19335,7190037,0.4087519645690918
850,19335,1017759,0.4087376594543457
851,19335,813866,0.4086580276489258
852,19335,2071723,0.4084863066673279
853,19335,7167537,0.408423513174057
854,19335,8258640,0.40839025378227234
855,19335,7333476,0.40837281942367554
856,19335,765809,0.4081467390060425
857,19335,8681230,0.4079512059688568
858,19335,1270413,0.40783676505088806
859,19335,3058990,0.40770423412323
860,19335,8297656,0.4076904058456421
861,19335,2459783,0.40768104791641235
862,19335,298108,0.40763041377067566
863,19335,3058987,0.40756726264953613
864,19335,1661107,0.4075441062450409
865,19335,763562,0.40746331214904785
866,19335,7162936,0.40723830461502075
867,19335,650883,0.4072248935699463
868,19335,2053769,0.4071803390979767
869,19335,3140103,0.40711548924446106
870,19335,6800897,0.4070991277694702
871,19335,6485045,0.4070967435836792
872,19335,5128895,0.4068182110786438
873,19335,5355704,0.4067448079586029
874,19335,6606655,0.4067012369632721
875,19335,5906521,0.40668976306915283
876,19335,6498096,0.40663546323776245
877,19335,129316,0.4065844416618347
878,19335,2550718,0.40650489926338196
879,19335,134574,0.4064704179763794
880,19335,1839934,0.40641748905181885
881,19335,6579945,0.40637311339378357
882,19335,1010666,0.40626558661460876
883,19335,6961741,0.40602126717567444
884,19335,3698247,0.4059749245643616
885,19335,1469576,0.4056946039199829
886,19335,7231394,0.4055860936641693
887,19335,167774,0.40557771921157837
888,19335,765816,0.4055054187774658
889,19335,392020,0.40543097257614136
890,19335,5965936,0.4053332209587097
891,19335,5118926,0.4052906036376953
892,19335,5732400,0.4052695631980896
893,19335,1819112,0.4052068591117859
894,19335,7940854,0.4050484895706177
895,19335,899676,0.40502047538757324
896,19335,6124003,0.4048449397087097
897,19335,19367,0.40484216809272766
898,19335,6161999,0.40479975938796997
899,19335,4946900,0.4047582149505615
900,19335,3265476,0.40473365783691406
901,19335,1293500,0.40463873744010925
902,19335,3211038,0.40454137325286865
903,19335,3846528,0.40452200174331665
904,19335,5816775,0.4045090973377228
905,19335,6118475,0.4043940603733063
906,19335,1493294,0.4043506979942322
907,19335,6562111,0.4042721390724182
908,19335,5302561,0.40413981676101685
909,19335,2608262,0.4041353762149811
910,19335,312769,0.40404075384140015
911,19335,2946697,0.4039859175682068
912,19335,8562490,0.40392863750457764
913,19335,1555317,0.40388190746307373
914,19335,7298840,0.4037753641605377
915,19335,6812366,0.4037488102912903
916,19335,818282,0.40360045433044434
917,19335,7692043,0.40359604358673096
918,19335,1605498,0.4035550355911255
919,19335,1703591,0.40340137481689453
920,19335,1746951,0.40327662229537964
921,19335,5238690,0.40317773818969727
922,19335,6851859,0.40295445919036865
923,19335,129318,0.40286344289779663
924,19335,6157980,0.4027692675590515
925,19335,11410,0.4025847911834717
926,19335,4192611,0.40250980854034424
927,19335,7231382,0.40244221687316895
928,19335,1813892,0.40222856402397156
929,19335,1482380,0.4021599292755127
930,19335,342432,0.4021221995353699
931,19335,1817454,0.40212035179138184
932,19335,844918,0.40211111307144165
933,19335,5703597,0.40205585956573486
934,19335,6139521,0.40199118852615356
935,19335,1447771,0.40197253227233887
936,19335,6568873,0.4019220471382141
937,19335,39113,0.40187644958496094
938,19335,8055421,0.4018571376800537
939,19335,7186413,0.4017740488052368
940,19335,6482832,0.4017428159713745
941,19335,6109208,0.40169307589530945
942,19335,503735,0.4016420841217041
943,19335,2359421,0.40161269903182983
944,19335,698648,0.4015732407569885
945,19335,2933759,0.4015693664550781
946,19335,8155681,0.4015287458896637
947,19335,7526137,0.40146979689598083
948,19335,2140408,0.40134331583976746
949,19335,6310528,0.4013405442237854
950,19335,414739,0.4012865424156189
951,19335,3265554,0.4012792110443115
952,19335,504659,0.4012407660484314
953,19335,6568872,0.40107259154319763
954,19335,1923122,0.40103861689567566
955,19335,7200537,0.4010065197944641
956,19335,5732401,0.40100571513175964
957,19335,276232,0.40096041560173035
958,19335,6785802,0.40090736746788025
959,19335,6745456,0.400839626789093
960,19335,302702,0.40079474449157715
961,19335,6072550,0.4007799029350281
962,19335,6434989,0.4006931483745575
963,19335,7109493,0.4006767272949219
964,19335,340865,0.4006609320640564
965,19335,4066054,0.40060997009277344
966,19335,7742659,0.40055161714553833
967,19335,132896,0.40047675371170044
968,19335,7137357,0.40038052201271057
969,19335,1487852,0.4003559947013855
970,19335,1286549,0.40032607316970825
971,19335,527694,0.4003140330314636
972,19335,3231514,0.4003007113933563
973,19335,1647083,0.40028801560401917
974,19335,6124002,0.40019169449806213
975,19335,7022806,0.4001629650592804
976,19335,2943092,0.4001254439353943
977,19335,4583847,0.3999893367290497
978,19335,8584320,0.3997530937194824
979,19335,7443674,0.3997478485107422
980,19335,6795927,0.39971375465393066
981,19335,6902382,0.3996943235397339
982,19335,7239017,0.399607390165329
983,19335,8184296,0.39952588081359863
984,19335,8022484,0.39948010444641113
985,19335,8526197,0.39945390820503235
986,19335,5054680,0.39941108226776123
987,19335,2117198,0.39939963817596436
988,19335,7333478,0.3993217349052429
989,19335,4421763,0.3993186354637146
990,19335,2873842,0.3993035554885864
991,19335,1680242,0.39903533458709717
992,19335,6185976,0.3989573121070862
993,19335,354223,0.3988620638847351
994,19335,3131241,0.39877405762672424
995,19335,4446779,0.398713082075119
996,19335,6785807,0.3986845016479492
997,19335,691500,0.39867132902145386
998,19335,1504751,0.3986643850803375
999,19335,1544664,0.3986217975616455
1000,47923,5417582,0.6944689750671387
1001,47923,8641107,0.6763433218002319
1002,47923,5032362,0.6731455326080322
1003,47923,6191,0.6687403917312622
1004,47923,6241147,0.665539026260376
1005,47923,618556,0.6613732576370239
1006,47923,4297620,0.6606920957565308
1007,47923,8418681,0.653739869594574
1008,47923,6241150,0.6500951051712036
1009,47923,6241151,0.6410843133926392
1010,47923,6241148,0.6349369287490845
1011,47923,1681332,0.6340512037277222
1012,47923,6643066,0.6272565126419067
1013,47923,6241152,0.6222643852233887
1014,47923,986177,0.6219965219497681
1015,47923,8418683,0.6211872100830078
1016,47923,6241154,0.6177950501441956
1017,47923,1681334,0.6175018548965454
1018,47923,5417578,0.6103002429008484
1019,47923,1681337,0.6092497110366821
1020,47923,8327407,0.6068848371505737
1021,47923,8418686,0.6060407161712646
1022,47923,913042,0.5995180606842041
1023,47923,6241153,0.5986988544464111
1024,47923,3008962,0.5960818529129028
1025,47923,1681339,0.5948322415351868
1026,47923,8641104,0.5861445665359497
1027,47923,525511,0.5831153988838196
1028,47923,473809,0.5822347402572632
1029,47923,1681331,0.5812436938285828
1030,47923,1767240,0.5809590220451355
1031,47923,473807,0.578725278377533
1032,47923,7747055,0.5769922733306885
1033,47923,5417579,0.5755903124809265
1034,47923,917155,0.5710806250572205
1035,47923,1681336,0.5690827369689941
1036,47923,5417581,0.5690104365348816
1037,47923,3008963,0.5685912370681763
1038,47923,7936847,0.5651901364326477
1039,47923,1767243,0.5647708177566528
1040,47923,385679,0.5634533762931824
1041,47923,3348838,0.5630115270614624
1042,47923,820642,0.561638355255127
1043,47923,3008961,0.5600634217262268
1044,47923,1868437,0.5595422983169556
1045,47923,288290,0.5592148303985596
1046,47923,820644,0.558731198310852
1047,47923,7071695,0.5544225573539734
1048,47923,4652795,0.5520055294036865
1049,47923,7417276,0.550573468208313
1050,47923,2333954,0.5463497638702393
1051,47923,385680,0.5435347557067871
1052,47923,3744477,0.5413260459899902
1053,47923,566677,0.5410914421081543
1054,47923,385685,0.5402547121047974
1055,47923,385678,0.5401548147201538
1056,47923,5417584,0.539107620716095
1057,47923,1681340,0.5380063056945801
1058,47923,6960369,0.5366848707199097
1059,47923,4523463,0.535950779914856
1060,47923,459890,0.5346388816833496
1061,47923,6960365,0.5345115661621094
1062,47923,966946,0.5340480804443359
1063,47923,966945,0.5337709188461304
1064,47923,4286048,0.530863881111145
1065,47923,3506083,0.5281277894973755
1066,47923,8641106,0.5274857878684998
1067,47923,4202492,0.5274718999862671
1068,47923,913045,0.5235944986343384
1069,47923,951595,0.5235189199447632
1070,47923,459887,0.5221152305603027
1071,47923,1767245,0.5213996171951294
1072,47923,7685162,0.5213325023651123
1073,47923,913049,0.519456684589386
1074,47923,966951,0.5192410945892334
1075,47923,388874,0.5192028880119324
1076,47923,459886,0.5186827182769775
1077,47923,388877,0.5185443758964539
1078,47923,6919836,0.515862226486206
1079,47923,1673465,0.5150774121284485
1080,47923,2670112,0.5138273239135742
1081,47923,8348762,0.5133994817733765
1082,47923,4286049,0.5130724906921387
1083,47923,291227,0.5130102634429932
1084,47923,525507,0.5126597881317139
1085,47923,2139524,0.5126276016235352
1086,47923,820640,0.5123767852783203
1087,47923,8418680,0.5123696327209473
1088,47923,3348834,0.5114043951034546
1089,47923,6960364,0.5113233923912048
1090,47923,820641,0.5110903978347778
1091,47923,5949687,0.511077880859375
1092,47923,951591,0.5093660354614258
1093,47923,6960366,0.508409857749939
1094,47923,5417577,0.508266806602478
1095,47923,5846131,0.5079357624053955
1096,47923,917151,0.5076489448547363
1097,47923,4525877,0.5067188739776611
1098,47923,2838668,0.5059536695480347
1099,47923,5846130,0.5058608651161194
1100,47923,2139523,0.5058561563491821
1101,47923,2956414,0.5057856440544128
1102,47923,1681333,0.5055068731307983
1103,47923,5854800,0.5053439140319824
1104,47923,917153,0.5053404569625854
1105,47923,5147527,0.505061149597168
1106,47923,4846551,0.50401771068573
1107,47923,2838662,0.503989040851593
1108,47923,5147526,0.5036729574203491
1109,47923,3008969,0.5027103424072266
1110,47923,3348831,0.5026372075080872
1111,47923,3008967,0.5025538206100464
1112,47923,1734765,0.5021982192993164
1113,47923,3853976,0.5007405281066895
1114,47923,966950,0.5005543828010559
1115,47923,5936350,0.5002501010894775
1116,47923,2101908,0.49975910782814026
1117,47923,6960368,0.4997434616088867
1118,47923,951592,0.49863970279693604
1119,47923,4257344,0.49835801124572754
1120,47923,6696631,0.4982842206954956
1121,47923,6210760,0.4980342984199524
1122,47923,5417580,0.49731236696243286
1123,47923,1375576,0.495940625667572
1124,47923,5854797,0.49540144205093384
1125,47923,618560,0.4940248131752014
1126,47923,4257345,0.49378135800361633
1127,47923,5147529,0.4921802282333374
1128,47923,3853973,0.4901700019836426
1129,47923,7600800,0.4900689423084259
1130,47923,7685010,0.48855650424957275
1131,47923,5147531,0.4884638786315918
1132,47923,7261339,0.48788130283355713
1133,47923,618557,0.48788124322891235
1134,47923,1659143,0.4872845411300659
1135,47923,4064329,0.4871370196342468
1136,47923,4505117,0.48678773641586304
1137,47923,5417583,0.48674634099006653
1138,47923,4687494,0.48611167073249817
1139,47923,6492202,0.4857277274131775
1140,47923,3008964,0.48510879278182983
1141,47923,917157,0.4850577414035797
1142,47923,2139522,0.48486098647117615
1143,47923,6919841,0.4841058850288391
1144,47923,5147528,0.4841007590293884
1145,47923,3866323,0.4840461015701294
1146,47923,525513,0.483640193939209
1147,47923,2839018,0.4827302098274231
1148,47923,5846132,0.48246052861213684
1149,47923,4780456,0.4818804860115051
1150,47923,6507989,0.4806542992591858
1151,47923,3748443,0.4801832437515259
1152,47923,7949621,0.47935521602630615
1153,47923,6432758,0.47834429144859314
1154,47923,820639,0.4779953956604004
1155,47923,7038130,0.47785842418670654
1156,47923,8043493,0.4777964949607849
1157,47923,5137400,0.47770845890045166
1158,47923,5420303,0.47770416736602783
1159,47923,5586330,0.47729188203811646
1160,47923,3196222,0.47714412212371826
1161,47923,2898432,0.4768833518028259
1162,47923,8418679,0.47599077224731445
1163,47923,4064328,0.4757609963417053
1164,47923,7071694,0.4752240777015686
1165,47923,5032365,0.4750306308269501
1166,47923,1569550,0.4748198986053467
1167,47923,5832637,0.47467517852783203
1168,47923,618554,0.47456347942352295
1169,47923,6813699,0.473558247089386
1170,47923,5032363,0.4734809994697571
1171,47923,7086728,0.4711896479129791
1172,47923,2699736,0.471031129360199
1173,47923,6067090,0.4708802103996277
1174,47923,7071689,0.47065216302871704
1175,47923,495327,0.4705164432525635
1176,47923,7511875,0.4704219698905945
1177,47923,8216702,0.4698764681816101
1178,47923,8619130,0.4698065519332886
1179,47923,6241155,0.4696521759033203
1180,47923,6359996,0.4696131646633148
1181,47923,7045933,0.4696107506752014
1182,47923,197724,0.469490647315979
1183,47923,5854798,0.46939733624458313
1184,47923,3550090,0.4687355160713196
1185,47923,3667137,0.4683261513710022
1186,47923,1508659,0.46813392639160156
1187,47923,8418684,0.46782705187797546
1188,47923,5310902,0.4674345552921295
1189,47923,3550087,0.4671918451786041
1190,47923,8421421,0.4665708541870117
1191,47923,2508225,0.46649038791656494
1192,47923,5295458,0.4664318561553955
1193,47923,1767239,0.4660886526107788
1194,47923,4814607,0.4655505418777466
1195,47923,3630933,0.46547162532806396
1196,47923,2508223,0.4653680622577667
1197,47923,829489,0.46533116698265076
1198,47923,38694,0.46508902311325073
1199,47923,1868438,0.4647117257118225
1200,47923,8263883,0.4646979570388794
1201,47923,820645,0.464588463306427
1202,47923,4523464,0.46439898014068604
1203,47923,385687,0.4641690254211426
1204,47923,2199457,0.46409475803375244
1205,47923,3306871,0.46381980180740356
1206,47923,1488918,0.46380287408828735
1207,47923,3934807,0.46380066871643066
1208,47923,8418682,0.46324795484542847
1209,47923,8373606,0.4628317952156067
1210,47923,6929868,0.4626832604408264
1211,47923,3082088,0.46200114488601685
1212,47923,1443273,0.4619881808757782
1213,47923,8068698,0.461810827255249
1214,47923,4908690,0.4612586498260498
1215,47923,51712,0.4610424041748047
1216,47923,201915,0.4602915346622467
1217,47923,727614,0.45981138944625854
1218,47923,1508655,0.45980304479599
1219,47923,6241149,0.45972180366516113
1220,47923,476983,0.4596824049949646
1221,47923,5854802,0.4595625102519989
1222,47923,3657623,0.4594739079475403
1223,47923,3832223,0.45934855937957764
1224,47923,8619129,0.4586033821105957
1225,47923,2284128,0.4583091735839844
1226,47923,6984897,0.45808833837509155
1227,47923,8067611,0.45751088857650757
1228,47923,3082091,0.45732033252716064
1229,47923,8418678,0.456981897354126
1230,47923,7675005,0.45635873079299927
1231,47923,4997373,0.4563162326812744
1232,47923,1161936,0.4563009738922119
1233,47923,288288,0.4560126066207886
1234,47923,4513012,0.45594432950019836
1235,47923,5891535,0.45577871799468994
1236,47923,2772864,0.45548582077026367
1237,47923,6626705,0.45544084906578064
1238,47923,7914824,0.4552342891693115
1239,47923,2893182,0.4550693929195404
1240,47923,829484,0.4548913240432739
1241,47923,5027669,0.45451873540878296
1242,47923,4778734,0.45413339138031006
1243,47923,3688363,0.45396825671195984
1244,47923,1161940,0.4537205994129181
1245,47923,5966643,0.453594446182251
1246,47923,4799949,0.4534609317779541
1247,47923,3925776,0.4534493088722229
1248,47923,5032364,0.453180730342865
1249,47923,10851,0.4530419707298279
1250,47923,5137404,0.4527055025100708
1251,47923,3748437,0.4526914358139038
1252,47923,8012628,0.45213866233825684
1253,47923,6626703,0.4518529772758484
1254,47923,1420181,0.451851487159729
1255,47923,4257346,0.4517350196838379
1256,47923,1827449,0.45148345828056335
1257,47923,8110289,0.45124009251594543
1258,47923,1496426,0.45123279094696045
1259,47923,5476010,0.45111769437789917
1260,47923,8516189,0.4510868191719055
1261,47923,4064327,0.45074331760406494
1262,47923,2508227,0.4499683976173401
1263,47923,4404353,0.4496897757053375
1264,47923,5940153,0.4492478370666504
1265,47923,3196227,0.4491209089756012
1266,47923,6213244,0.4491209089756012
1267,47923,3023993,0.449094295501709
1268,47923,5949693,0.4490806758403778
1269,47923,2199458,0.44898951053619385
1270,47923,3506084,0.44890671968460083
1271,47923,6139484,0.4488925039768219
1272,47923,8619128,0.4485376179218292
1273,47923,3883232,0.4483225345611572
1274,47923,7644552,0.4480804204940796
1275,47923,7227864,0.44805997610092163
1276,47923,6603643,0.4479246139526367
1277,47923,4021214,0.4475898742675781
1278,47923,6590929,0.44728028774261475
1279,47923,8110288,0.4472629427909851
1280,47923,8088501,0.44708386063575745
1281,47923,4513005,0.4470103979110718
1282,47923,8432427,0.4467567205429077
1283,47923,5804796,0.4465777575969696
1284,47923,5506607,0.4461462199687958
1285,47923,495321,0.44556111097335815
1286,47923,4021217,0.4455423951148987
1287,47923,5878048,0.4454067349433899
1288,47923,5282403,0.44537773728370667
1289,47923,4523462,0.4451610743999481
1290,47923,913044,0.44497495889663696
1291,47923,3688361,0.44475406408309937
1292,47923,2517457,0.4445496201515198
1293,47923,1200258,0.44446343183517456
1294,47923,2306559,0.44437122344970703
1295,47923,1354798,0.44406402111053467
1296,47923,291219,0.4440346956253052
1297,47923,766019,0.44394299387931824
1298,47923,2447196,0.4436603784561157
1299,47923,3734272,0.4434613883495331
1300,47923,4404349,0.4429730176925659
1301,47923,6272902,0.44276589155197144
1302,47923,7566140,0.4427298903465271
1303,47923,7760764,0.4424315392971039
1304,47923,3883233,0.442322701215744
1305,47923,7774318,0.44228464365005493
1306,47923,5289343,0.44205549359321594
1307,47923,4503052,0.4419668912887573
1308,47923,1488923,0.441849946975708
1309,47923,7015417,0.44169506430625916
1310,47923,913050,0.4416300058364868
1311,47923,3438939,0.4415953457355499
1312,47923,7417274,0.4415307641029358
1313,47923,6492201,0.4412603974342346
1314,47923,2239943,0.4411894977092743
1315,47923,1605205,0.4411313831806183
1316,47923,4916881,0.4409751892089844
1317,47923,6965006,0.4409577250480652
1318,47923,727611,0.4407772421836853
1319,47923,2843078,0.44064900279045105
1320,47923,5586331,0.44058191776275635
1321,47923,5309861,0.440516859292984
1322,47923,7747053,0.44044631719589233
1323,47923,2823987,0.44039973616600037
1324,47923,3395316,0.44039785861968994
1325,47923,8813603,0.4403722286224365
1326,47923,4329425,0.44036900997161865
1327,47923,1419715,0.4403320550918579
1328,47923,618559,0.44032132625579834
1329,47923,7747061,0.43996965885162354
1330,47923,1488919,0.4398806393146515
1331,47923,6272906,0.43969038128852844
1332,47923,3631390,0.43966710567474365
1333,47923,5935566,0.4396613836288452
1334,47923,4938698,0.43963396549224854
1335,47923,6252689,0.4395718276500702
1336,47923,7261337,0.43946337699890137
1337,47923,4655679,0.43931055068969727
1338,47923,7511879,0.43930453062057495
1339,47923,766021,0.43924829363822937
1340,47923,6267282,0.43917781114578247
1341,47923,3217351,0.439094603061676
1342,47923,3610816,0.43895620107650757
1343,47923,3529305,0.4388512969017029
1344,47923,1569551,0.43877238035202026
1345,47923,1827456,0.4387708008289337
1346,47923,2355829,0.4387698471546173
1347,47923,8619126,0.4387562870979309
1348,47923,1488921,0.4387555718421936
1349,47923,5476007,0.43857741355895996
1350,47923,8280309,0.43845677375793457
1351,47923,5289336,0.43837350606918335
1352,47923,6511301,0.43820756673812866
1353,47923,3361445,0.43817001581192017
1354,47923,5310899,0.4381069540977478
1355,47923,7261338,0.4380500018596649
1356,47923,618555,0.43791818618774414
1357,47923,7318488,0.4378713369369507
1358,47923,7228931,0.4375991225242615
1359,47923,6214335,0.4374004900455475
1360,47923,7644550,0.43728533387184143
1361,47923,4513010,0.4371435046195984
1362,47923,6684360,0.4370729923248291
1363,47923,6294814,0.4370426535606384
1364,47923,8418685,0.4368605613708496
1365,47923,3196223,0.4367324709892273
1366,47923,3023984,0.4367324709892273
1367,47923,4669071,0.43650296330451965
1368,47923,4539168,0.43642979860305786
1369,47923,8327409,0.4363959729671478
1370,47923,4850941,0.43639540672302246
1371,47923,2831042,0.4363797903060913
1372,47923,3691165,0.43636706471443176
1373,47923,4505116,0.4363511800765991
1374,47923,8693737,0.43627846240997314
1375,47923,7847076,0.43592241406440735
1376,47923,2719555,0.43544134497642517
1377,47923,4119528,0.43532294034957886
1378,47923,7566139,0.43527084589004517
1379,47923,2384575,0.43510180711746216
1380,47923,1424815,0.43500152230262756
1381,47923,515335,0.4347376525402069
1382,47923,4011796,0.43462127447128296
1383,47923,6488580,0.43432360887527466
1384,47923,4140321,0.43421947956085205
1385,47923,1488916,0.43416881561279297
1386,47923,2003886,0.4341498017311096
1387,47923,3631393,0.43414345383644104
1388,47923,6297180,0.43394654989242554
1389,47923,6080622,0.43386417627334595
1390,47923,388876,0.4337654113769531
1391,47923,4335697,0.43365412950515747
1392,47923,8421415,0.433501660823822
1393,47923,1734759,0.43331706523895264
1394,47923,288293,0.4331848621368408
1395,47923,2939965,0.43317359685897827
1396,47923,6110788,0.43313461542129517
1397,47923,291218,0.43310362100601196
1398,47923,1972099,0.4328983426094055
1399,47923,778273,0.43272101879119873
1400,47923,8090621,0.4324302077293396
1401,47923,1260329,0.43238264322280884
1402,47923,7747054,0.43226736783981323
1403,47923,3217354,0.4321199655532837
1404,47923,7816333,0.43211454153060913
1405,47923,2622296,0.43201953172683716
1406,47923,7955277,0.4319187104701996
1407,47923,8208705,0.4318390488624573
1408,47923,473808,0.4316588044166565
1409,47923,4513009,0.43159282207489014
1410,47923,1346417,0.4315505623817444
1411,47923,5940152,0.4314749240875244
1412,47923,4908689,0.43103307485580444
1413,47923,1443821,0.43092846870422363
1414,47923,5506608,0.4309225082397461
1415,47923,8787982,0.43085867166519165
1416,47923,8318430,0.4308472275733948
1417,47923,1354790,0.43082648515701294
1418,47923,2655670,0.43080440163612366
1419,47923,1346419,0.4307768940925598
1420,47923,4505120,0.430767685174942
1421,47923,3853733,0.4306475520133972
1422,47923,7137895,0.4304468035697937
1423,47923,3850579,0.4303739070892334
1424,47923,8022455,0.43033188581466675
1425,47923,917218,0.4301348924636841
1426,47923,4652799,0.43011748790740967
1427,47923,4818815,0.4299250841140747
1428,47923,5083083,0.4297817349433899
1429,47923,8625733,0.42976805567741394
1430,47923,2284133,0.42944973707199097
1431,47923,1335421,0.4293365478515625
1432,47923,473811,0.42925944924354553
1433,47923,4536183,0.429164320230484
1434,47923,5405058,0.42909204959869385
1435,47923,1139785,0.42891573905944824
1436,47923,3691168,0.42879027128219604
1437,47923,2199462,0.42869019508361816
1438,47923,8012627,0.4286889433860779
1439,47923,6089361,0.4286006689071655
1440,47923,1602759,0.4284887909889221
1441,47923,487800,0.4282803535461426
1442,47923,4789467,0.4282624125480652
1443,47923,2284134,0.42794090509414673
1444,47923,1420185,0.4277658760547638
1445,47923,6222131,0.42761874198913574
1446,47923,1443272,0.4276042580604553
1447,47923,4064333,0.4275745749473572
1448,47923,3154671,0.4275279641151428
1449,47923,5125548,0.42751771211624146
1450,47923,1964652,0.427493155002594
1451,47923,4398016,0.4274072051048279
1452,47923,4064332,0.4272817075252533
1453,47923,510098,0.4272514283657074
1454,47923,2073845,0.42720866203308105
1455,47923,5211205,0.42715102434158325
1456,47923,8648047,0.4269828200340271
1457,47923,2135499,0.4268501400947571
1458,47923,7305703,0.4265252947807312
1459,47923,8828410,0.4264727830886841
1460,47923,6960367,0.42640817165374756
1461,47923,1959972,0.42635443806648254
1462,47923,5595916,0.4262979030609131
1463,47923,829481,0.4262937903404236
1464,47923,1827452,0.42624107003211975
1465,47923,5053384,0.4259795844554901
1466,47923,5170373,0.42585116624832153
1467,47923,4503054,0.42574623227119446
1468,47923,8403373,0.42562419176101685
1469,47923,4064331,0.4255322515964508
1470,47923,3586552,0.42516767978668213
1471,47923,129218,0.42492878437042236
1472,47923,5586327,0.4248148798942566
1473,47923,5898845,0.42477667331695557
1474,47923,2701718,0.4245756268501282
1475,47923,3154673,0.4245595633983612
1476,47923,8662615,0.42444276809692383
1477,47923,2948628,0.4244133234024048
1478,47923,2886085,0.42435532808303833
1479,47923,3174640,0.4243330955505371
1480,47923,3439979,0.42407292127609253
1481,47923,6765610,0.4240315556526184
1482,47923,5346045,0.42392396926879883
1483,47923,5935572,0.4239184856414795
1484,47923,1453951,0.42376023530960083
1485,47923,2624166,0.4236709475517273
1486,47923,3449429,0.42361345887184143
1487,47923,4684893,0.42360836267471313
1488,47923,5443246,0.42351290583610535
1489,47923,5722483,0.42349928617477417
1490,47923,6603647,0.42347612977027893
1491,47923,3457208,0.42343243956565857
1492,47923,4335699,0.423419713973999
1493,47923,8216698,0.42340582609176636
1494,47923,23552,0.4234057366847992
1495,47923,2804953,0.4233900010585785
1496,47923,917160,0.42331916093826294
1497,47923,8497315,0.4232354760169983
1498,47923,4416475,0.4230794906616211
1499,47923,1145714,0.4230794906616211
1500,47923,238515,0.42297229170799255
1501,47923,2622292,0.4228818416595459
1502,47923,6067088,0.4227917790412903
1503,47923,1602766,0.4226350784301758
1504,47923,3784242,0.4225180149078369
1505,47923,8012623,0.4223947823047638
1506,47923,3357507,0.4223843812942505
1507,47923,5935568,0.4221113920211792
1508,47923,986180,0.4220971465110779
1509,47923,4565442,0.4220971465110779
1510,47923,1767242,0.4220268130302429
1511,47923,2402772,0.4220045208930969
1512,47923,3216254,0.42199140787124634
1513,47923,4071481,0.42186951637268066
1514,47923,6640348,0.4217771291732788
1515,47923,8217554,0.42144107818603516
1516,47923,3868030,0.4214233160018921
1517,47923,3322713,0.42141562700271606
1518,47923,4622300,0.4214145243167877
1519,47923,8418687,0.4211077094078064
1520,47923,2704001,0.4209440350532532
1521,47923,6193687,0.42032450437545776
1522,47923,291221,0.42022645473480225
1523,47923,3328178,0.4202025830745697
1524,47923,6037264,0.4201694130897522
1525,47923,8318428,0.4201299846172333
1526,47923,5055003,0.4201146960258484
1527,47923,2719547,0.4200378656387329
1528,47923,326965,0.4199898838996887
1529,47923,5201528,0.4198063313961029
1530,47923,495318,0.41971075534820557
1531,47923,5076932,0.419522225856781
1532,47923,5966645,0.41933608055114746
1533,47923,2306555,0.41922515630722046
1534,47923,339476,0.41921359300613403
1535,47923,6032469,0.4189724922180176
1536,47923,295853,0.4188683032989502
1537,47923,84017,0.41884276270866394
1538,47923,6151997,0.41884130239486694
1539,47923,7685156,0.4187736511230469
1540,47923,5878045,0.4187285006046295
1541,47923,7557631,0.4185822904109955
1542,47923,4506399,0.418363481760025
1543,47923,3113243,0.41834187507629395
1544,47923,5289342,0.41832414269447327
1545,47923,7940798,0.41824668645858765
1546,47923,1827448,0.418037086725235
1547,47923,3217353,0.4180043339729309
1548,47923,7430505,0.41800105571746826
1549,47923,6267284,0.4179130792617798
1550,47923,1346418,0.41772082448005676
1551,47923,7432257,0.4176459014415741
1552,47923,3446168,0.4175426959991455
1553,47923,2948629,0.417539119720459
1554,47923,2948621,0.4173039197921753
1555,47923,3893402,0.4172721803188324
1556,47923,5586333,0.41722744703292847
1557,47923,201913,0.4172006845474243
1558,47923,7038129,0.417153924703598
1559,47923,7272585,0.41711610555648804
1560,47923,4513008,0.41711175441741943
1561,47923,2486273,0.4168635606765747
1562,47923,5153229,0.41660985350608826
1563,47923,5506611,0.4165988564491272
1564,47923,8362034,0.41658830642700195
1565,47923,5476012,0.41634464263916016
1566,47923,594738,0.41629087924957275
1567,47923,5201031,0.4160988926887512
1568,47923,3631388,0.4160988926887512
1569,47923,3222981,0.4160554111003876
1570,47923,3631392,0.4159729480743408
1571,47923,1673462,0.4159716069698334
1572,47923,5307274,0.41567620635032654
1573,47923,3113242,0.41565319895744324
1574,47923,1419712,0.41558918356895447
1575,47923,3004711,0.4155597388744354
1576,47923,4489376,0.4155271649360657
1577,47923,8681278,0.41549643874168396
1578,47923,2508230,0.4154086709022522
1579,47923,1604352,0.41540277004241943
1580,47923,4366459,0.4153628349304199
1581,47923,6111305,0.41527286171913147
1582,47923,2148997,0.41525405645370483
1583,47923,2148998,0.41512250900268555
1584,47923,545970,0.4150804281234741
1585,47923,6080624,0.415047824382782
1586,47923,1753942,0.41502994298934937
1587,47923,3630932,0.41498395800590515
1588,47923,1285288,0.4149830639362335
1589,47923,7055589,0.4148859977722168
1590,47923,2838666,0.41483739018440247
1591,47923,2517453,0.41474777460098267
1592,47923,8216700,0.4146760106086731
1593,47923,4667391,0.41459712386131287
1594,47923,774787,0.4145699441432953
1595,47923,6080620,0.4143502116203308
1596,47923,6001322,0.41431480646133423
1597,47923,829486,0.414126455783844
1598,47923,2831043,0.414126455783844
1599,47923,6725367,0.4140881896018982
1600,47923,7795707,0.41403698921203613
1601,47923,5475616,0.4140319526195526
1602,47923,7085360,0.413995623588562
1603,47923,8660595,0.41385114192962646
1604,47923,829487,0.4138180911540985
1605,47923,8327487,0.4137376546859741
1606,47923,1426436,0.4136737883090973
1607,47923,2620879,0.41360288858413696
1608,47923,5076935,0.4135262966156006
1609,47923,1213721,0.4134988486766815
1610,47923,6272905,0.41347751021385193
1611,47923,7427214,0.41345688700675964
1612,47923,5940148,0.41344788670539856
1613,47923,553847,0.41334885358810425
1614,47923,1969514,0.4133121371269226
1615,47923,6828596,0.4132818579673767
1616,47923,7227881,0.4131718873977661
1617,47923,4523459,0.4131662845611572
1618,47923,3660743,0.4131593406200409
1619,47923,2948622,0.4130851924419403
1620,47923,3449434,0.4130241274833679
1621,47923,10006,0.41302409768104553
1622,47923,3135136,0.4129316210746765
1623,47923,1146458,0.412916898727417
1624,47923,3529302,0.41287511587142944
1625,47923,3113246,0.4128308892250061
1626,47923,2412404,0.4127122759819031
1627,47923,4813859,0.4125980734825134
1628,47923,2367030,0.41242220997810364
1629,47923,3023989,0.41240060329437256
1630,47923,3676062,0.4123484492301941
1631,47923,3875731,0.41231030225753784
1632,47923,2220826,0.41225725412368774
1633,47923,2486274,0.412204384803772
1634,47923,291226,0.4121357798576355
1635,47923,3785498,0.41209208965301514
1636,47923,2297110,0.4120875597000122
1637,47923,3818838,0.41199198365211487
1638,47923,8143823,0.41190239787101746
1639,47923,4818814,0.4118202328681946
1640,47923,913048,0.41179585456848145
1641,47923,4799951,0.4117708206176758
1642,47923,7800799,0.4117465615272522
1643,47923,2839464,0.4117410182952881
1644,47923,6139483,0.4116019606590271
1645,47923,129219,0.41159045696258545
1646,47923,6210759,0.41145217418670654
1647,47923,3582262,0.41143563389778137
1648,47923,2239941,0.41139763593673706
1649,47923,7774321,0.4113142490386963
1650,47923,3030108,0.41098663210868835
1651,47923,5971070,0.4108579158782959
1652,47923,1460688,0.410838782787323
1653,47923,2430727,0.4108167588710785
1654,47923,3784248,0.4106983542442322
1655,47923,3874883,0.4105778932571411
1656,47923,2039429,0.41051408648490906
1657,47923,3132341,0.4104346036911011
1658,47923,6193689,0.41037845611572266
1659,47923,3599214,0.41035884618759155
1660,47923,5681929,0.41035035252571106
1661,47923,4322132,0.41029608249664307
1662,47923,2402776,0.4102592468261719
1663,47923,878974,0.4102126955986023
1664,47923,926887,0.41013187170028687
1665,47923,4997371,0.41011112928390503
1666,47923,2772857,0.4100644588470459
1667,47923,8246691,0.4100329577922821
1668,47923,6323749,0.40993595123291016
1669,47923,8142983,0.4099125564098358
1670,47923,8574909,0.40991032123565674
1671,47923,2842807,0.40982088446617126
1672,47923,2355831,0.40978503227233887
1673,47923,2973367,0.40968436002731323
1674,47923,5898846,0.40963518619537354
1675,47923,4464002,0.4096137583255768
1676,47923,1064509,0.4094911813735962
1677,47923,1803184,0.40946799516677856
1678,47923,2471811,0.40941861271858215
1679,47923,1326512,0.40939199924468994
1680,47923,3170136,0.40936315059661865
1681,47923,5966644,0.4092676639556885
1682,47923,7840180,0.409237265586853
1683,47923,7654510,0.40911850333213806
1684,47923,4085480,0.4090632200241089
1685,47923,1414782,0.4089711308479309
1686,47923,6111296,0.40864449739456177
1687,47923,3529304,0.40863704681396484
1688,47923,712496,0.40856289863586426
1689,47923,6640341,0.4084729552268982
1690,47923,129217,0.4083331227302551
1691,47923,7829394,0.40826573967933655
1692,47923,3457200,0.40817734599113464
1693,47923,4997370,0.4080478847026825
1694,47923,8641101,0.40800076723098755
1695,47923,592697,0.4078918695449829
1696,47923,1139784,0.4078295826911926
1697,47923,6075602,0.4078088402748108
1698,47923,7261336,0.40772396326065063
1699,47923,4202490,0.40764597058296204
1700,47923,8680371,0.4075188636779785
1701,47923,2517452,0.4074682891368866
1702,47923,7225726,0.40746694803237915
1703,47923,6916640,0.40745633840560913
1704,47923,778272,0.40745192766189575
1705,47923,3680916,0.4073837399482727
1706,47923,6492203,0.4073392450809479
1707,47923,4398816,0.4072921872138977
1708,47923,4464005,0.40726423263549805
1709,47923,5065570,0.4071340560913086
1710,47923,7774322,0.40675655007362366
1711,47923,8166787,0.40665364265441895
1712,47923,3576863,0.4066346287727356
1713,47923,6824103,0.40660953521728516
1714,47923,7086726,0.40651243925094604
1715,47923,5620464,0.40644556283950806
1716,47923,4454464,0.40637972950935364
1717,47923,7936852,0.4062206745147705
1718,47923,3834852,0.4061737656593323
1719,47923,4505114,0.40612781047821045
1720,47923,3132346,0.40612196922302246
1721,47923,2602729,0.4061126112937927
1722,47923,3784245,0.4060848355293274
1723,47923,3449436,0.4060327708721161
1724,47923,6167103,0.4060143828392029
1725,47923,3680910,0.4059799909591675
1726,47923,3701526,0.40594834089279175
1727,47923,8092132,0.4059178829193115
1728,47923,7976273,0.405916303396225
1729,47923,3680913,0.4058760404586792
1730,47923,1213727,0.4058617055416107
1731,47923,4512908,0.40585631132125854
1732,47923,3694265,0.40584951639175415
1733,47923,6550064,0.40583452582359314
1734,47923,4321228,0.4058022201061249
1735,47923,5681928,0.4057901203632355
1736,47923,2486278,0.4057462811470032
1737,47923,5949690,0.4056028723716736
1738,47923,4465013,0.4055793285369873
1739,47923,4321233,0.40556371212005615
1740,47923,1622445,0.405474990606308
1741,47923,2253025,0.4053862690925598
1742,47923,932212,0.4053458571434021
1743,47923,2719548,0.4053106904029846
1744,47923,7081674,0.40527501702308655
1745,47923,7045935,0.40524721145629883
1746,47923,4861278,0.4051259160041809
1747,47923,8667489,0.4051159918308258
1748,47923,4944016,0.40509772300720215
1749,47923,1602764,0.4049905836582184
1750,47923,1793105,0.40498894453048706
1751,47923,1605203,0.40485548973083496
1752,47923,7071687,0.4048430323600769
1753,47923,8497313,0.4047914743423462
1754,47923,6009501,0.404770165681839
1755,47923,2355835,0.4047212600708008
1756,47923,4202487,0.4046386480331421
1757,47923,8076086,0.40463072061538696
1758,47923,1424520,0.4045628607273102
1759,47923,6089359,0.4043806195259094
1760,47923,6652176,0.4043522775173187
1761,47923,6492198,0.4042069911956787
1762,47923,7342474,0.40414538979530334
1763,47923,2912419,0.40409594774246216
1764,47923,2220823,0.40407484769821167
1765,47923,1827451,0.40403082966804504
1766,47923,6680236,0.40383797883987427
1767,47923,1604354,0.40371257066726685
1768,47923,4059770,0.4036501944065094
1769,47923,3530852,0.4036177396774292
1770,47923,3135129,0.40360790491104126
1771,47923,4456676,0.4034801721572876
1772,47923,3986046,0.4034673869609833
1773,47923,2374920,0.4034227728843689
1774,47923,996439,0.40341687202453613
1775,47923,6037258,0.40341687202453613
1776,47923,7929424,0.4032144546508789
1777,47923,5432766,0.4031705856323242
1778,47923,2602728,0.40313291549682617
1779,47923,2486270,0.4031108021736145
1780,47923,3868036,0.4031091332435608
1781,47923,3688366,0.40304863452911377
1782,47923,7774316,0.4030405879020691
1783,47923,5310900,0.4030035138130188
1784,47923,2306558,0.4029846787452698
1785,47923,932214,0.40297040343284607
1786,47923,8816432,0.40296024084091187
1787,47923,8475402,0.402945339679718
1788,47923,7535390,0.40293341875076294
1789,47923,3550086,0.402853786945343
1790,47923,2043790,0.4027920663356781
1791,47923,7102235,0.40276992321014404
1792,47923,291225,0.4026121497154236
1793,47923,994679,0.4025176763534546
1794,47923,4371351,0.40251463651657104
1795,47923,6626700,0.402474045753479
1796,47923,6399477,0.4023749828338623
1797,47923,2704000,0.4023328423500061
1798,47923,1898645,0.4022284746170044
1799,47923,1717546,0.40213286876678467
1800,47923,6626699,0.40211060643196106
1801,47923,8574911,0.4020553529262543
1802,47923,4938969,0.4019402861595154
1803,47923,2408261,0.4019128382205963
1804,47923,39814,0.40191107988357544
1805,47923,4940577,0.40184834599494934
1806,47923,3853969,0.401821494102478
1807,47923,8067604,0.4018011689186096
1808,47923,3653265,0.4017779529094696
1809,47923,2278676,0.40167123079299927
1810,47923,8437683,0.40166807174682617
1811,47923,4721980,0.40166234970092773
1812,47923,6299830,0.4016226530075073
1813,47923,5935569,0.40157607197761536
1814,47923,1161932,0.4015433192253113
1815,47923,3135130,0.40148329734802246
1816,47923,1212427,0.40141913294792175
1817,47923,7278331,0.4013923406600952
1818,47923,1508658,0.401286244392395
1819,47923,7086724,0.40124616026878357
1820,47923,8246685,0.4012241065502167
1821,47923,592690,0.40113571286201477
1822,47923,4461639,0.40112370252609253
1823,47923,7158736,0.40109172463417053
1824,47923,3174641,0.40108615159988403
1825,47923,7034524,0.40106523036956787
1826,47923,2306561,0.40099412202835083
1827,47923,3270020,0.40088337659835815
1828,47923,8327408,0.40084919333457947
1829,47923,6274257,0.40080320835113525
1830,47923,8591414,0.40078723430633545
1831,47923,6274501,0.40072375535964966
1832,47923,401349,0.40069934725761414
1833,47923,3558940,0.400658518075943
1834,47923,2603748,0.4006487727165222
1835,47923,7004354,0.4006432890892029
1836,47923,5966648,0.40054234862327576
1837,47923,1717547,0.4004932641983032
1838,47923,8214976,0.40048763155937195
1839,47923,510090,0.40047627687454224
1840,47923,1426435,0.40047016739845276
1841,47923,6316239,0.40046432614326477
1842,47923,3853968,0.40038859844207764
1843,47923,1767241,0.4003179967403412
1844,47923,4297614,0.40030747652053833
1845,47923,2276290,0.4002436101436615
1846,47923,1346412,0.4002208113670349
1847,47923,7566134,0.400215208530426
1848,47923,8836262,0.4001966118812561
1849,47923,7417272,0.40017446875572205
1850,47923,3174639,0.4001687169075012
1851,47923,8246690,0.40004873275756836
1852,47923,3865327,0.3999182879924774
1853,47923,10000,0.39985236525535583
1854,47923,8134045,0.3997763395309448
1855,47923,3085853,0.3997184634208679
1856,47923,4838195,0.39966341853141785
1857,47923,4365072,0.39957916736602783
1858,47923,8318431,0.3995351493358612
1859,47923,8676245,0.39952707290649414
1860,47923,5211212,0.3995113968849182
1861,47923,7164307,0.3993505835533142
1862,47923,4652167,0.3992812931537628
1863,47923,3357508,0.3992578387260437
1864,47923,5681930,0.39920881390571594
1865,47923,6011526,0.39918380975723267
1866,47923,3660741,0.3991547226905823
1867,47923,2415837,0.39901724457740784
1868,47923,7257783,0.39899879693984985
1869,47923,2894896,0.3989829421043396
1870,47923,4534256,0.3989785313606262
1871,47923,1236611,0.39893320202827454
1872,47923,6294817,0.3988867402076721
1873,47923,4789466,0.39888349175453186
1874,47923,1320404,0.3988511264324188
1875,47923,8441076,0.39882344007492065
1876,47923,1174645,0.3987985849380493
1877,47923,3449433,0.39878636598587036
1878,47923,6111304,0.39875954389572144
1879,47923,7261843,0.3987382650375366
1880,47923,4137887,0.3987308740615845
1881,47923,3897628,0.39866334199905396
1882,47923,2044900,0.3986114263534546
1883,47923,6299833,0.398599237203598
1884,47923,6210754,0.39856845140457153
1885,47923,2139526,0.3985649049282074
1886,47923,3595497,0.39853039383888245
1887,47923,917226,0.39847660064697266
1888,47923,6037742,0.3984339237213135
1889,47923,6222128,0.3984326720237732
1890,47923,3529308,0.39839041233062744
1891,47923,8808653,0.39837414026260376
1892,47923,3781858,0.3983666002750397
1893,47923,238517,0.3983278274536133
1894,47923,284590,0.39829888939857483
1895,47923,7004601,0.3982175588607788
1896,47923,1488922,0.39815956354141235
1897,47923,2087265,0.3981027603149414
1898,47923,7227865,0.3980931043624878
1899,47923,2838664,0.39802128076553345
1900,47923,3719508,0.39786189794540405
1901,47923,146706,0.3977999687194824
1902,47923,3348836,0.3977239429950714
1903,47923,4808361,0.39770299196243286
1904,47923,7007832,0.39770156145095825
1905,47923,458245,0.39770060777664185
1906,47923,404319,0.39768725633621216
1907,47923,2857973,0.39768263697624207
1908,47923,3781855,0.39763861894607544
1909,47923,166336,0.3976384997367859
1910,47923,6274256,0.3976256847381592
1911,47923,8121377,0.39762258529663086
1912,47923,5815693,0.3975368142127991
1913,47923,4814606,0.39747628569602966
1914,47923,593542,0.3974130153656006
1915,47923,1291404,0.3974003195762634
1916,47923,8373610,0.3973941206932068
1917,47923,326957,0.3973545730113983
1918,47923,1414778,0.3973398506641388
1919,47923,2772858,0.3973321318626404
1920,47923,7164305,0.3972635567188263
1921,47923,1689519,0.39725273847579956
1922,47923,6725362,0.3971392512321472
1923,47923,3595496,0.39679446816444397
1924,47923,2622290,0.39675095677375793
1925,47923,2020930,0.39671629667282104
1926,47923,8518042,0.3967127203941345
1927,47923,1508661,0.39670348167419434
1928,47923,2699737,0.396697461605072
1929,47923,3132347,0.39668968319892883
1930,47923,7107867,0.3965790569782257
1931,47923,8246689,0.3965485692024231
1932,47923,2353061,0.39652615785598755
1933,47923,7786722,0.3965126872062683
1934,47923,6297182,0.39638322591781616
1935,47923,1673461,0.39637064933776855
1936,47923,5605618,0.3963451385498047
1937,47923,4366457,0.3963407874107361
1938,47923,8169179,0.3963347375392914
1939,47923,7261844,0.3963077962398529
1940,47923,817962,0.39627188444137573
1941,47923,4687492,0.39602142572402954
1942,47923,7004355,0.39595600962638855
1943,47923,98604,0.3959396481513977
1944,47923,4257339,0.39586472511291504
1945,47923,5405057,0.3958565592765808
1946,47923,4060093,0.3958524465560913
1947,47923,721394,0.39585021138191223
1948,47923,2346198,0.3957962393760681
1949,47923,3883238,0.39571619033813477
1950,47923,5911793,0.39567703008651733
1951,47923,5678196,0.39562398195266724
1952,47923,4655223,0.39560070633888245
1953,47923,5681932,0.39559924602508545
1954,47923,522620,0.3954712748527527
1955,47923,5708043,0.39539116621017456
1956,47923,4565446,0.39531517028808594
1957,47923,3589353,0.39525851607322693
1958,47923,2831048,0.3952193260192871
1959,47923,2139525,0.39519765973091125
1960,47923,6378779,0.3951694965362549
1961,47923,271968,0.3951079249382019
1962,47923,5935564,0.39510202407836914
1963,47923,2109545,0.3950488567352295
1964,47923,7922681,0.39504316449165344
1965,47923,1515068,0.39490237832069397
1966,47923,7864980,0.39490190148353577
1967,47923,5854796,0.3948749899864197
1968,47923,39815,0.39487212896347046
1969,47923,4160820,0.39487114548683167
1970,47923,8126085,0.3948543667793274
1971,47923,1488924,0.39484483003616333
1972,47923,1496427,0.3948262333869934
1973,47923,2517449,0.39473432302474976
1974,47923,525508,0.3947070240974426
1975,47923,3343727,0.3946725130081177
1976,47923,6603650,0.3946436643600464
1977,47923,294788,0.39456799626350403
1978,47923,1569556,0.39455294609069824
1979,47923,6271407,0.39444872736930847
1980,47923,4813860,0.394410103559494
1981,47923,695691,0.3943180739879608
1982,47923,5821582,0.39421090483665466
1983,47923,868127,0.39420515298843384
1984,47923,5443389,0.3941553235054016
1985,47923,7004596,0.3940674066543579
1986,47923,4195073,0.39404797554016113
1987,47923,391173,0.3940262794494629
1988,47923,1604348,0.3939179480075836
1989,47923,8058482,0.3938445448875427
1990,47923,4256776,0.393812894821167
1991,47923,2465126,0.3938005566596985
1992,47923,865018,0.3937441110610962
1993,47923,1960641,0.39371711015701294
1994,47923,5147530,0.3937113285064697
1995,47923,1733838,0.39365154504776
1996,47923,836641,0.39364421367645264
1997,47923,6294816,0.39363759756088257
1998,47923,1161934,0.3936341404914856
1999,47923,7227863,0.3936246931552887
2000,87181,6521366,0.8240163326263428
2001,87181,8332546,0.8048093318939209
2002,87181,2986227,0.7978894710540771
2003,87181,6484575,0.763835608959198
2004,87181,2530252,0.7511652708053589
2005,87181,8534134,0.7415732145309448
2006,87181,8683181,0.7408204078674316
2007,87181,6484576,0.7323335409164429
2008,87181,8683183,0.727092981338501
2009,87181,8683185,0.7225208282470703
2010,87181,47207,0.7221255302429199
2011,87181,5197130,0.7185511589050293
2012,87181,47210,0.7090224623680115
2013,87181,5197133,0.7087804079055786
2014,87181,2556144,0.7061945796012878
2015,87181,2556150,0.7061759829521179
2016,87181,5758954,0.7030748724937439
2017,87181,8565420,0.7030357122421265
2018,87181,7666831,0.7018237709999084
2019,87181,6484577,0.6991496086120605
2020,87181,47203,0.6982476711273193
2021,87181,2556151,0.6966135501861572
2022,87181,8151926,0.693069577217102
2023,87181,4689525,0.6877594590187073
2024,87181,7666828,0.6865473985671997
2025,87181,123547,0.6854410171508789
2026,87181,3817259,0.6847821474075317
2027,87181,8534135,0.682460367679596
2028,87181,5197135,0.6786623597145081
2029,87181,2556149,0.6786587238311768
2030,87181,8165398,0.675505518913269
2031,87181,6774305,0.6747226715087891
2032,87181,4689523,0.6729423403739929
2033,87181,6747685,0.6697481274604797
2034,87181,8332547,0.6642789840698242
2035,87181,742425,0.6620944738388062
2036,87181,8332551,0.6562986373901367
2037,87181,47212,0.6552019119262695
2038,87181,2530257,0.6511185169219971
2039,87181,4786305,0.6507951617240906
2040,87181,1950532,0.6494460701942444
2041,87181,8534130,0.6491868495941162
2042,87181,6484578,0.6485093235969543
2043,87181,7504775,0.644594669342041
2044,87181,2307979,0.643883466720581
2045,87181,6521360,0.6423913836479187
2046,87181,8664069,0.6417543888092041
2047,87181,8165403,0.6403365731239319
2048,87181,5197138,0.6368664503097534
2049,87181,47208,0.6353433728218079
2050,87181,6262327,0.6338017582893372
2051,87181,47211,0.6337486505508423
2052,87181,8165404,0.6335222721099854
2053,87181,7057928,0.6296069622039795
2054,87181,3216315,0.6275228261947632
2055,87181,1902827,0.624417781829834
2056,87181,6969187,0.6239699721336365
2057,87181,8522403,0.6200655698776245
2058,87181,2024860,0.6191264390945435
2059,87181,5103079,0.613595724105835
2060,87181,4632251,0.610090970993042
2061,87181,5103077,0.6096607446670532
2062,87181,8183982,0.6086578369140625
2063,87181,2530227,0.6057037115097046
2064,87181,1242186,0.6015220880508423
2065,87181,5469038,0.6012129783630371
2066,87181,6685092,0.6004512906074524
2067,87181,3354162,0.599463701248169
2068,87181,5197136,0.5958966016769409
2069,87181,8183981,0.5952553749084473
2070,87181,1902823,0.5938185453414917
2071,87181,1902826,0.5937206745147705
2072,87181,3782592,0.593688428401947
2073,87181,8534136,0.5887975692749023
2074,87181,8165401,0.5884275436401367
2075,87181,4639455,0.5884262919425964
2076,87181,7139898,0.5883492231369019
2077,87181,8151921,0.5869168043136597
2078,87181,528092,0.5842984318733215
2079,87181,8332550,0.5842589735984802
2080,87181,3347046,0.5839457511901855
2081,87181,1852747,0.5827761888504028
2082,87181,2810890,0.5817264914512634
2083,87181,8332552,0.581354022026062
2084,87181,6055565,0.5809580683708191
2085,87181,47206,0.5785825848579407
2086,87181,8037179,0.5785780549049377
2087,87181,5497677,0.5778518915176392
2088,87181,2587564,0.5775458812713623
2089,87181,2375154,0.5749320983886719
2090,87181,6521367,0.5748782157897949
2091,87181,3914970,0.574643611907959
2092,87181,1992881,0.5720113515853882
2093,87181,7898244,0.5711007118225098
2094,87181,7768837,0.5710054636001587
2095,87181,5503697,0.5703955888748169
2096,87181,3216319,0.5702986121177673
2097,87181,3817258,0.5700589418411255
2098,87181,47205,0.56839919090271
2099,87181,2644930,0.5672699213027954
2100,87181,6429125,0.5663350820541382
2101,87181,8738512,0.5658333897590637
2102,87181,5809693,0.5657975673675537
2103,87181,8332555,0.5657888650894165
2104,87181,799882,0.5653619170188904
2105,87181,4689524,0.5650135278701782
2106,87181,8592770,0.5648521184921265
2107,87181,6728918,0.5613083243370056
2108,87181,6331789,0.5613031387329102
2109,87181,2993464,0.5607374906539917
2110,87181,3363608,0.558777928352356
2111,87181,3363613,0.5582219362258911
2112,87181,5480605,0.558081865310669
2113,87181,3347044,0.5579351186752319
2114,87181,1950526,0.5575355291366577
2115,87181,8332554,0.557286262512207
2116,87181,628944,0.556821882724762
2117,87181,4365285,0.5556566715240479
2118,87181,2714169,0.5550525188446045
2119,87181,2556153,0.5544072389602661
2120,87181,8683178,0.5536626577377319
2121,87181,8356380,0.5502454042434692
2122,87181,7139901,0.5500150322914124
2123,87181,8499367,0.5497055053710938
2124,87181,1729154,0.5493534803390503
2125,87181,6480987,0.5490296483039856
2126,87181,8037186,0.5484164953231812
2127,87181,8534133,0.5479413270950317
2128,87181,1766470,0.5475481748580933
2129,87181,178775,0.5470821857452393
2130,87181,803960,0.547033429145813
2131,87181,1829735,0.5454590320587158
2132,87181,3667955,0.5448912382125854
2133,87181,5190136,0.5444170236587524
2134,87181,2307974,0.5439481735229492
2135,87181,3347040,0.5433645844459534
2136,87181,8291860,0.5433424711227417
2137,87181,6727822,0.5432329773902893
2138,87181,5197134,0.5429282188415527
2139,87181,122207,0.542815625667572
2140,87181,1992887,0.5427362322807312
2141,87181,3551964,0.5422264337539673
2142,87181,2976592,0.541590690612793
2143,87181,8128987,0.5408813953399658
2144,87181,753718,0.5400392413139343
2145,87181,1201297,0.5398540496826172
2146,87181,8165390,0.5396916270256042
2147,87181,5197132,0.5394020080566406
2148,87181,3692038,0.5388734936714172
2149,87181,2214710,0.5372797846794128
2150,87181,8246410,0.5372109413146973
2151,87181,1528894,0.5366188287734985
2152,87181,893876,0.5364651679992676
2153,87181,5876154,0.534964382648468
2154,87181,7973257,0.5347176790237427
2155,87181,8165400,0.5346561074256897
2156,87181,2838931,0.5340485572814941
2157,87181,283781,0.5338759422302246
2158,87181,6727820,0.5332055687904358
2159,87181,8037181,0.5329347848892212
2160,87181,7586365,0.5318536758422852
2161,87181,8614359,0.5315394997596741
2162,87181,588535,0.5311623215675354
2163,87181,3887367,0.5309951901435852
2164,87181,7179330,0.5306065082550049
2165,87181,6129695,0.530380368232727
2166,87181,4331340,0.529526948928833
2167,87181,5647750,0.5295232534408569
2168,87181,5899049,0.5291553735733032
2169,87181,3825323,0.5290358066558838
2170,87181,1201298,0.5280662775039673
2171,87181,256175,0.5278115272521973
2172,87181,8037187,0.5277476906776428
2173,87181,2675327,0.5273466110229492
2174,87181,8602858,0.5267526507377625
2175,87181,2993463,0.5258713960647583
2176,87181,122212,0.5258235931396484
2177,87181,8602857,0.5248397588729858
2178,87181,2533073,0.5246763229370117
2179,87181,4298940,0.5234469175338745
2180,87181,2310764,0.5231709480285645
2181,87181,4724225,0.5225769281387329
2182,87181,2763493,0.5223652124404907
2183,87181,1681728,0.5210102796554565
2184,87181,5103078,0.5203335285186768
2185,87181,47204,0.5196728706359863
2186,87181,8738510,0.5192044973373413
2187,87181,1829729,0.5191115140914917
2188,87181,7726386,0.5189880728721619
2189,87181,1288518,0.5189630389213562
2190,87181,5019067,0.5183024406433105
2191,87181,8088543,0.517916202545166
2192,87181,2525994,0.5171741247177124
2193,87181,8395839,0.5168581604957581
2194,87181,2858206,0.5164346694946289
2195,87181,2978900,0.5163053274154663
2196,87181,1401430,0.5150554180145264
2197,87181,5660356,0.5149552822113037
2198,87181,6195577,0.5148813128471375
2199,87181,1893574,0.5148357152938843
2200,87181,8614360,0.5147193670272827
2201,87181,6052130,0.5146244764328003
2202,87181,6521365,0.5144640207290649
2203,87181,2396492,0.5144007205963135
2204,87181,8201558,0.513845682144165
2205,87181,8793319,0.5135157704353333
2206,87181,7109963,0.5133056640625
2207,87181,2211360,0.5130834579467773
2208,87181,3943679,0.5126456022262573
2209,87181,1961300,0.5125972032546997
2210,87181,6411533,0.5122939348220825
2211,87181,3517996,0.5122274160385132
2212,87181,1115006,0.51202392578125
2213,87181,8628202,0.5119673013687134
2214,87181,749337,0.5118887424468994
2215,87181,2157630,0.5117720365524292
2216,87181,8332553,0.511460542678833
2217,87181,1992879,0.5114101767539978
2218,87181,5394326,0.5110267996788025
2219,87181,5783716,0.5109970569610596
2220,87181,6345060,0.5090478658676147
2221,87181,5298150,0.5089707970619202
2222,87181,7139904,0.5088159441947937
2223,87181,630097,0.5087194442749023
2224,87181,48083,0.5086795091629028
2225,87181,1496468,0.5086218118667603
2226,87181,1219830,0.5086039900779724
2227,87181,2669665,0.5080345273017883
2228,87181,3745760,0.5079417824745178
2229,87181,6107506,0.5076440572738647
2230,87181,8482341,0.507419764995575
2231,87181,1219824,0.5073624849319458
2232,87181,5894675,0.5072656869888306
2233,87181,2152034,0.5072441101074219
2234,87181,2524922,0.5072336196899414
2235,87181,953056,0.5072305798530579
2236,87181,7788092,0.5064058303833008
2237,87181,4396822,0.506195068359375
2238,87181,7679894,0.5060797929763794
2239,87181,8482340,0.5059288144111633
2240,87181,518470,0.505764365196228
2241,87181,6394820,0.5057324767112732
2242,87181,3176179,0.5056481957435608
2243,87181,3327517,0.5053625106811523
2244,87181,2847323,0.5051438808441162
2245,87181,3252499,0.5047435760498047
2246,87181,6615043,0.5047279000282288
2247,87181,4331339,0.504709005355835
2248,87181,4298825,0.5043941140174866
2249,87181,1223225,0.5043880343437195
2250,87181,3594908,0.5041157007217407
2251,87181,2533078,0.5038098096847534
2252,87181,5394321,0.5038097500801086
2253,87181,957418,0.5036255121231079
2254,87181,7589453,0.5035471320152283
2255,87181,7077624,0.5033437013626099
2256,87181,4298833,0.5030617713928223
2257,87181,7886725,0.5028928518295288
2258,87181,518465,0.502397894859314
2259,87181,2363147,0.5021942853927612
2260,87181,1032587,0.502005934715271
2261,87181,7429409,0.502000093460083
2262,87181,8468438,0.5016161203384399
2263,87181,5226018,0.5011745095252991
2264,87181,7077627,0.501128613948822
2265,87181,6411302,0.5010925531387329
2266,87181,2772565,0.5010467767715454
2267,87181,123548,0.5007073879241943
2268,87181,3782591,0.5004724264144897
2269,87181,2357514,0.50034099817276
2270,87181,5878991,0.500268816947937
2271,87181,4243302,0.5000128149986267
2272,87181,6918214,0.49985846877098083
2273,87181,7553061,0.4998382329940796
2274,87181,3517994,0.49969053268432617
2275,87181,4550760,0.4996016025543213
2276,87181,1893573,0.49951454997062683
2277,87181,6896088,0.49936121702194214
2278,87181,1592847,0.49935460090637207
2279,87181,7342916,0.49912142753601074
2280,87181,7137336,0.4990774393081665
2281,87181,8358274,0.4987146258354187
2282,87181,6248894,0.49857228994369507
2283,87181,1242179,0.4984396994113922
2284,87181,5023995,0.4983418583869934
2285,87181,137517,0.4982905387878418
2286,87181,4667390,0.49816298484802246
2287,87181,7898247,0.4979107975959778
2288,87181,2893632,0.4978710114955902
2289,87181,2681614,0.497104674577713
2290,87181,2530229,0.49704810976982117
2291,87181,6411527,0.496735155582428
2292,87181,224973,0.4963982105255127
2293,87181,631186,0.49634644389152527
2294,87181,7471298,0.49633318185806274
2295,87181,945495,0.4963184595108032
2296,87181,3203046,0.49622273445129395
2297,87181,274521,0.4960830807685852
2298,87181,5197137,0.49582216143608093
2299,87181,2893634,0.49570026993751526
2300,87181,4423959,0.4951814115047455
2301,87181,7183525,0.4949904680252075
2302,87181,6728919,0.4947744905948639
2303,87181,3594911,0.49401894211769104
2304,87181,5394328,0.49401021003723145
2305,87181,5656368,0.4938164949417114
2306,87181,5103080,0.49375471472740173
2307,87181,1681730,0.49363642930984497
2308,87181,2976588,0.4936083257198334
2309,87181,2429822,0.49354255199432373
2310,87181,4552702,0.4934990406036377
2311,87181,7974133,0.49290210008621216
2312,87181,634429,0.4928857386112213
2313,87181,8035054,0.4927002787590027
2314,87181,1296653,0.4926649332046509
2315,87181,3252502,0.4920411705970764
2316,87181,7471295,0.4916731119155884
2317,87181,1346118,0.4914931654930115
2318,87181,7104389,0.491371750831604
2319,87181,7914934,0.4912716746330261
2320,87181,7711138,0.4912523627281189
2321,87181,5297950,0.4907713234424591
2322,87181,1941964,0.49062579870224
2323,87181,4560858,0.4902973771095276
2324,87181,3782589,0.48999112844467163
2325,87181,7206146,0.48969513177871704
2326,87181,8416028,0.48943573236465454
2327,87181,7005612,0.4892847239971161
2328,87181,1248449,0.48868298530578613
2329,87181,1856242,0.4884294271469116
2330,87181,4167599,0.4884011745452881
2331,87181,5920635,0.4883801341056824
2332,87181,3943672,0.48831313848495483
2333,87181,3363615,0.4881442189216614
2334,87181,2525988,0.4879748821258545
2335,87181,7900562,0.48787379264831543
2336,87181,1059517,0.4878332018852234
2337,87181,834713,0.48781704902648926
2338,87181,172170,0.48766279220581055
2339,87181,195142,0.4876558184623718
2340,87181,2396286,0.4876187741756439
2341,87181,1001327,0.48696663975715637
2342,87181,1915834,0.48689138889312744
2343,87181,3249128,0.4866921305656433
2344,87181,1223228,0.4866701662540436
2345,87181,8179745,0.4864549934864044
2346,87181,5770592,0.486327588558197
2347,87181,7519309,0.4862622022628784
2348,87181,919032,0.4861783981323242
2349,87181,8286412,0.4861583113670349
2350,87181,8151924,0.48606956005096436
2351,87181,5787636,0.4858095645904541
2352,87181,2970959,0.4854649603366852
2353,87181,1618669,0.4854629933834076
2354,87181,8357281,0.48516425490379333
2355,87181,8049855,0.48515281081199646
2356,87181,2838932,0.48490381240844727
2357,87181,6247222,0.4848859906196594
2358,87181,7666835,0.4848625957965851
2359,87181,7981978,0.48433762788772583
2360,87181,3367787,0.4842706322669983
2361,87181,8321513,0.4839407503604889
2362,87181,1401431,0.4839065968990326
2363,87181,1729147,0.48341548442840576
2364,87181,7900564,0.4833373427391052
2365,87181,5197131,0.4830683469772339
2366,87181,5576958,0.48296210169792175
2367,87181,4497543,0.4827846884727478
2368,87181,6058647,0.48259949684143066
2369,87181,8078683,0.4824507236480713
2370,87181,4845542,0.4823365807533264
2371,87181,2023142,0.4820001721382141
2372,87181,5676026,0.48154163360595703
2373,87181,3197074,0.4814509153366089
2374,87181,653011,0.48127037286758423
2375,87181,1948088,0.48118531703948975
2376,87181,1740465,0.4811473488807678
2377,87181,7761386,0.48107945919036865
2378,87181,8103921,0.4809437096118927
2379,87181,1511496,0.4809144139289856
2380,87181,7112968,0.48081570863723755
2381,87181,653016,0.48061227798461914
2382,87181,8602859,0.4803548753261566
2383,87181,1622428,0.4800483286380768
2384,87181,2528292,0.4799690842628479
2385,87181,2026711,0.4798247218132019
2386,87181,5531010,0.47980284690856934
2387,87181,2182894,0.47971928119659424
2388,87181,1370213,0.47944432497024536
2389,87181,1505456,0.4793444573879242
2390,87181,6393422,0.47931522130966187
2391,87181,6521363,0.4792206585407257
2392,87181,3817251,0.47920018434524536
2393,87181,5353363,0.47902730107307434
2394,87181,3194988,0.4788719713687897
2395,87181,169489,0.4788546860218048
2396,87181,5878992,0.4788529872894287
2397,87181,3655002,0.4787091612815857
2398,87181,2978901,0.4783947765827179
2399,87181,679433,0.47835391759872437
2400,87181,8151922,0.4781615436077118
2401,87181,1992888,0.4776526093482971
2402,87181,2024858,0.4775138199329376
2403,87181,8014659,0.47739285230636597
2404,87181,6743117,0.4771696627140045
2405,87181,644101,0.477142333984375
2406,87181,7666829,0.4766925573348999
2407,87181,2528295,0.4766692817211151
2408,87181,6918510,0.4765818119049072
2409,87181,5676024,0.47653263807296753
2410,87181,1893577,0.47626426815986633
2411,87181,7519306,0.47615763545036316
2412,87181,5288974,0.47614890336990356
2413,87181,1519996,0.47609013319015503
2414,87181,5375330,0.476020872592926
2415,87181,6802050,0.47589319944381714
2416,87181,4786314,0.4757407009601593
2417,87181,225226,0.47529396414756775
2418,87181,803955,0.4751441776752472
2419,87181,2414268,0.4750638008117676
2420,87181,8340667,0.4747128486633301
2421,87181,2810887,0.4746917486190796
2422,87181,2842948,0.47466814517974854
2423,87181,4423956,0.47442761063575745
2424,87181,5990476,0.4742952585220337
2425,87181,894668,0.47413280606269836
2426,87181,5839263,0.47391369938850403
2427,87181,5020729,0.4738806486129761
2428,87181,7112964,0.47368714213371277
2429,87181,5303665,0.4734310507774353
2430,87181,7504779,0.47335243225097656
2431,87181,76523,0.4733138680458069
2432,87181,1114998,0.4732920527458191
2433,87181,1893576,0.47320792078971863
2434,87181,6185123,0.4731135368347168
2435,87181,2950399,0.4730699062347412
2436,87181,2307980,0.473067969083786
2437,87181,6514938,0.47302401065826416
2438,87181,7077626,0.47262901067733765
2439,87181,7007728,0.4725370407104492
2440,87181,528056,0.47247588634490967
2441,87181,742804,0.47231078147888184
2442,87181,4075360,0.47200167179107666
2443,87181,5690712,0.4719497561454773
2444,87181,2048500,0.4717846214771271
2445,87181,4458899,0.4717647433280945
2446,87181,7265525,0.47174766659736633
2447,87181,8618325,0.4717339277267456
2448,87181,7885534,0.4716234803199768
2449,87181,4725707,0.4715315103530884
2450,87181,6185120,0.47146669030189514
2451,87181,1948083,0.47137343883514404
2452,87181,6423809,0.4712890088558197
2453,87181,762198,0.47128182649612427
2454,87181,7077622,0.4712562561035156
2455,87181,2627193,0.47114792466163635
2456,87181,3528516,0.47113898396492004
2457,87181,1681726,0.4707348942756653
2458,87181,8196994,0.47070983052253723
2459,87181,306054,0.4706765115261078
2460,87181,4786312,0.47061318159103394
2461,87181,8032048,0.47053420543670654
2462,87181,3817255,0.4705202281475067
2463,87181,5142165,0.47049611806869507
2464,87181,467601,0.4704780876636505
2465,87181,8774923,0.4702659249305725
2466,87181,8088546,0.4701707363128662
2467,87181,6462023,0.47008806467056274
2468,87181,377543,0.46990132331848145
2469,87181,306062,0.4697869122028351
2470,87181,6482229,0.4697771668434143
2471,87181,4560852,0.46963635087013245
2472,87181,858961,0.4695546627044678
2473,87181,3198050,0.4695237874984741
2474,87181,595418,0.46935534477233887
2475,87181,295628,0.4693160355091095
2476,87181,6955009,0.4692857563495636
2477,87181,3604163,0.46919336915016174
2478,87181,8664064,0.46914142370224
2479,87181,1681724,0.4691248834133148
2480,87181,131520,0.4691212475299835
2481,87181,6547027,0.4690297245979309
2482,87181,3817253,0.4686998724937439
2483,87181,8214381,0.468655526638031
2484,87181,5294480,0.46840980648994446
2485,87181,8197001,0.4683356285095215
2486,87181,3827297,0.4683254361152649
2487,87181,48079,0.46824201941490173
2488,87181,3445699,0.46823567152023315
2489,87181,2415753,0.4680973291397095
2490,87181,2868356,0.46804797649383545
2491,87181,4760529,0.4680425524711609
2492,87181,3197075,0.4679187536239624
2493,87181,8217811,0.4678908586502075
2494,87181,6345059,0.46783947944641113
2495,87181,7376809,0.4677993655204773
2496,87181,8697844,0.4677745997905731
2497,87181,5103083,0.4677029848098755
2498,87181,7137236,0.467682421207428
2499,87181,5531027,0.4676254093647003
2500,87181,1856241,0.46756231784820557
2501,87181,3141619,0.4673915505409241
2502,87181,7754186,0.467340350151062
2503,87181,8575740,0.4673115909099579
2504,87181,4179053,0.46705102920532227
2505,87181,1054975,0.4667934775352478
2506,87181,2556146,0.46670660376548767
2507,87181,6685489,0.4666556417942047
2508,87181,2441408,0.4666212201118469
2509,87181,1281894,0.4662640690803528
2510,87181,7077621,0.4661446213722229
2511,87181,4491325,0.4660547971725464
2512,87181,7103856,0.4660045802593231
2513,87181,6266703,0.4659843444824219
2514,87181,8602863,0.46586212515830994
2515,87181,5402748,0.4658549427986145
2516,87181,2525997,0.46569427847862244
2517,87181,2126716,0.465524822473526
2518,87181,5103084,0.46526795625686646
2519,87181,1250949,0.4652555286884308
2520,87181,6484574,0.4652308225631714
2521,87181,3487877,0.46501389145851135
2522,87181,8011209,0.4649488031864166
2523,87181,5489615,0.46481651067733765
2524,87181,7904114,0.4647709131240845
2525,87181,8151923,0.46476584672927856
2526,87181,3216314,0.4647587537765503
2527,87181,1893581,0.4647071957588196
2528,87181,6262329,0.46455931663513184
2529,87181,2452972,0.4645591080188751
2530,87181,1114997,0.46449166536331177
2531,87181,2766567,0.4644724130630493
2532,87181,6521359,0.4642440378665924
2533,87181,1866619,0.4641609191894531
2534,87181,1905710,0.46385619044303894
2535,87181,7234003,0.4636726975440979
2536,87181,7526679,0.4636104702949524
2537,87181,4511302,0.46353983879089355
2538,87181,1681723,0.4635339081287384
2539,87181,4799397,0.4634314775466919
2540,87181,3986072,0.4633173644542694
2541,87181,612313,0.4632890522480011
2542,87181,178773,0.4632568359375
2543,87181,7599796,0.4630877673625946
2544,87181,8258301,0.46300429105758667
2545,87181,6164671,0.46296384930610657
2546,87181,7680061,0.46292775869369507
2547,87181,18840,0.46280747652053833
2548,87181,5394320,0.4627411961555481
2549,87181,7898243,0.4627014994621277
2550,87181,3908526,0.46245044469833374
2551,87181,4356972,0.46232688426971436
2552,87181,8151919,0.4622858762741089
2553,87181,4579241,0.46226125955581665
2554,87181,6038404,0.46224552392959595
2555,87181,8217812,0.4621526598930359
2556,87181,7593631,0.46205443143844604
2557,87181,440180,0.4620004892349243
2558,87181,7443701,0.4619807004928589
2559,87181,6506826,0.46194759011268616
2560,87181,7081615,0.4616994261741638
2561,87181,652422,0.4615797698497772
2562,87181,3740116,0.46153703331947327
2563,87181,921633,0.4613277316093445
2564,87181,178777,0.4612821936607361
2565,87181,2259139,0.4611020088195801
2566,87181,377545,0.46108388900756836
2567,87181,5482976,0.46092796325683594
2568,87181,4298826,0.4609256982803345
2569,87181,8664067,0.4608873426914215
2570,87181,1534212,0.46075597405433655
2571,87181,6278412,0.46073129773139954
2572,87181,455976,0.46072298288345337
2573,87181,3403216,0.4606449604034424
2574,87181,6462028,0.4606282114982605
2575,87181,3184957,0.46052491664886475
2576,87181,6266173,0.46041277050971985
2577,87181,4799394,0.46029579639434814
2578,87181,1700168,0.4602634608745575
2579,87181,1401434,0.4601471424102783
2580,87181,6204581,0.46014124155044556
2581,87181,4556656,0.46004024147987366
2582,87181,48080,0.46000194549560547
2583,87181,7419918,0.4598299562931061
2584,87181,2569920,0.45966750383377075
2585,87181,275460,0.45963096618652344
2586,87181,1110337,0.4593666195869446
2587,87181,169646,0.4593009054660797
2588,87181,4148752,0.45925968885421753
2589,87181,3495619,0.459232360124588
2590,87181,8482336,0.4592149555683136
2591,87181,6333310,0.45910221338272095
2592,87181,481035,0.4590817093849182
2593,87181,301827,0.4588884115219116
2594,87181,8090617,0.4586002230644226
2595,87181,6222599,0.45833253860473633
2596,87181,7137238,0.45827025175094604
2597,87181,4280172,0.4582080543041229
2598,87181,1772831,0.45817989110946655
2599,87181,7005616,0.45808151364326477
2600,87181,7185756,0.45790088176727295
2601,87181,4511297,0.45779353380203247
2602,87181,122213,0.45771998167037964
2603,87181,5533493,0.4576839804649353
2604,87181,631187,0.4576307237148285
2605,87181,4511298,0.45751315355300903
2606,87181,295630,0.457478791475296
2607,87181,3094606,0.4574652910232544
2608,87181,2453920,0.4571980834007263
2609,87181,8027460,0.45715779066085815
2610,87181,3528519,0.4571525454521179
2611,87181,390019,0.4570147693157196
2612,87181,4436454,0.4569479823112488
2613,87181,8395842,0.45684558153152466
2614,87181,2525990,0.45683276653289795
2615,87181,7077620,0.45669859647750854
2616,87181,4725801,0.4564962089061737
2617,87181,6767678,0.4564878046512604
2618,87181,5628061,0.4564385414123535
2619,87181,4822864,0.45630043745040894
2620,87181,7932578,0.4562833309173584
2621,87181,6068110,0.45625540614128113
2622,87181,3688090,0.4562333822250366
2623,87181,120753,0.4561634957790375
2624,87181,8507753,0.4561188220977783
2625,87181,7069856,0.45594900846481323
2626,87181,6252740,0.45590707659721375
2627,87181,6180604,0.4559011459350586
2628,87181,3038652,0.45589616894721985
2629,87181,8708938,0.4558647572994232
2630,87181,3978972,0.45586293935775757
2631,87181,301825,0.45577532052993774
2632,87181,6654763,0.4557257294654846
2633,87181,4290769,0.4556872546672821
2634,87181,4997330,0.45553362369537354
2635,87181,8291858,0.45552611351013184
2636,87181,653018,0.4554990530014038
2637,87181,2729990,0.4554879069328308
2638,87181,4997331,0.45547714829444885
2639,87181,7419922,0.45535770058631897
2640,87181,6411531,0.45526716113090515
2641,87181,8664066,0.4552001357078552
2642,87181,6038405,0.45515167713165283
2643,87181,1849619,0.4550228714942932
2644,87181,6462025,0.4549163579940796
2645,87181,504116,0.45486214756965637
2646,87181,2951423,0.454850971698761
2647,87181,2120903,0.45479100942611694
2648,87181,238461,0.45478659868240356
2649,87181,1597933,0.45470455288887024
2650,87181,2713524,0.45454472303390503
2651,87181,2591810,0.45454031229019165
2652,87181,1539826,0.4544253349304199
2653,87181,2638899,0.45435136556625366
2654,87181,735532,0.4542543292045593
2655,87181,1713241,0.45412784814834595
2656,87181,1408697,0.45405006408691406
2657,87181,1585959,0.4539858102798462
2658,87181,1413290,0.4538443684577942
2659,87181,4511304,0.4538281261920929
2660,87181,5862371,0.45381951332092285
2661,87181,6222597,0.4537416994571686
2662,87181,3495617,0.45365196466445923
2663,87181,3667956,0.4536139965057373
2664,87181,6222603,0.4535112977027893
2665,87181,8032050,0.4534730911254883
2666,87181,893875,0.4534137547016144
2667,87181,3850049,0.4533255696296692
2668,87181,8196998,0.45332175493240356
2669,87181,6462027,0.45309168100357056
2670,87181,4978627,0.45309022068977356
2671,87181,7055446,0.45304960012435913
2672,87181,2048504,0.4529358148574829
2673,87181,3939799,0.45289376378059387
2674,87181,7481261,0.45287856459617615
2675,87181,627779,0.45276278257369995
2676,87181,5631828,0.4527527689933777
2677,87181,4331338,0.45273280143737793
2678,87181,4851900,0.45269685983657837
2679,87181,5375328,0.4526301622390747
2680,87181,2070724,0.45257675647735596
2681,87181,1261812,0.452524870634079
2682,87181,2385796,0.4523613154888153
2683,87181,1445221,0.45230698585510254
2684,87181,6727817,0.45217815041542053
2685,87181,8032053,0.45214834809303284
2686,87181,4423955,0.4521067142486572
2687,87181,7553401,0.45208126306533813
2688,87181,2489700,0.45204031467437744
2689,87181,6566387,0.45199984312057495
2690,87181,1497950,0.4519941508769989
2691,87181,3015054,0.451986163854599
2692,87181,6058651,0.4519358277320862
2693,87181,5753303,0.4518166780471802
2694,87181,7137284,0.4517480731010437
2695,87181,7593638,0.451724112033844
2696,87181,6132734,0.45163971185684204
2697,87181,1811381,0.4515601396560669
2698,87181,7005611,0.45154523849487305
2699,87181,2356960,0.4514990448951721
2700,87181,2178293,0.4514346122741699
2701,87181,7112704,0.4513305425643921
2702,87181,7472048,0.45115962624549866
2703,87181,7041103,0.4511326253414154
2704,87181,699255,0.45103371143341064
2705,87181,125359,0.4507254362106323
2706,87181,4579242,0.45062050223350525
2707,87181,7058261,0.4505252242088318
2708,87181,1681725,0.45044994354248047
2709,87181,8079946,0.45043012499809265
2710,87181,5103082,0.4504147171974182
2711,87181,8476330,0.4502447545528412
2712,87181,4204843,0.4501912593841553
2713,87181,8128128,0.4501451253890991
2714,87181,6747681,0.4500654637813568
2715,87181,2211359,0.4500553011894226
2716,87181,4997334,0.44996532797813416
2717,87181,5876309,0.449920654296875
2718,87181,613535,0.44972649216651917
2719,87181,6185125,0.44972461462020874
2720,87181,3038182,0.4495862126350403
2721,87181,7005613,0.44955942034721375
2722,87181,7744605,0.4495585858821869
2723,87181,1411474,0.4494984745979309
2724,87181,48082,0.44947439432144165
2725,87181,7744607,0.4494728446006775
2726,87181,4331341,0.4493797719478607
2727,87181,6069444,0.4493722915649414
2728,87181,4449767,0.44933173060417175
2729,87181,582420,0.44925832748413086
2730,87181,63296,0.4492557644844055
2731,87181,6471150,0.44918447732925415
2732,87181,4331337,0.44917863607406616
2733,87181,8468431,0.4490407109260559
2734,87181,974804,0.44894030690193176
2735,87181,229431,0.4487088918685913
2736,87181,1290914,0.44869425892829895
2737,87181,6843516,0.4486435055732727
2738,87181,306065,0.4486362934112549
2739,87181,4639453,0.4486064910888672
2740,87181,970066,0.44857680797576904
2741,87181,7581576,0.44855618476867676
2742,87181,4326182,0.4483729302883148
2743,87181,3604161,0.4482431411743164
2744,87181,7863595,0.44823241233825684
2745,87181,1137719,0.44820636510849
2746,87181,5482974,0.4481813311576843
2747,87181,5286565,0.4481768310070038
2748,87181,6480986,0.44813138246536255
2749,87181,4113607,0.4480251669883728
2750,87181,1950529,0.4479806423187256
2751,87181,2533075,0.4479069113731384
2752,87181,7369036,0.44787082076072693
2753,87181,2530253,0.4475242495536804
2754,87181,6029786,0.44750502705574036
2755,87181,1994260,0.4474824070930481
2756,87181,5899044,0.4474356770515442
2757,87181,4639448,0.4474356770515442
2758,87181,957417,0.4474312663078308
2759,87181,1708554,0.4473789930343628
2760,87181,1463549,0.4473657011985779
2761,87181,275911,0.4473414421081543
2762,87181,6058653,0.44730842113494873
2763,87181,5050453,0.44730260968208313
2764,87181,6771669,0.4472239911556244
2765,87181,4749850,0.4472179412841797
2766,87181,8079048,0.44717949628829956
2767,87181,1201303,0.4471781849861145
2768,87181,2799928,0.4470643401145935
2769,87181,7081609,0.4470568895339966
2770,87181,3690537,0.4469286799430847
2771,87181,3967552,0.44687747955322266
2772,87181,697300,0.4468727707862854
2773,87181,2383554,0.44675976037979126
2774,87181,818616,0.4466249942779541
2775,87181,403578,0.4465548098087311
2776,87181,3782588,0.4464675784111023
2777,87181,2627708,0.446449339389801
2778,87181,4605981,0.44638964533805847
2779,87181,7077628,0.44635987281799316
2780,87181,5935574,0.4463430345058441
2781,87181,1242182,0.4462337791919708
2782,87181,419754,0.4461933970451355
2783,87181,4349942,0.446118026971817
2784,87181,6823909,0.4460449516773224
2785,87181,5106587,0.44602102041244507
2786,87181,6950915,0.4459712505340576
2787,87181,1140044,0.445930153131485
2788,87181,3943674,0.44588702917099
2789,87181,1653380,0.4458106756210327
2790,87181,2842950,0.4457963705062866
2791,87181,707402,0.44574832916259766
2792,87181,7253648,0.44569656252861023
2793,87181,5339010,0.44556742906570435
2794,87181,2606483,0.4455640912055969
2795,87181,2308251,0.4455221891403198
2796,87181,1251473,0.4455176591873169
2797,87181,7895698,0.4452946186065674
2798,87181,6436242,0.4452340602874756
2799,87181,674462,0.44517913460731506
2800,87181,64530,0.44496244192123413
2801,87181,2120906,0.4449567198753357
2802,87181,8793314,0.444761723279953
2803,87181,2356959,0.44474512338638306
2804,87181,5986643,0.4446982145309448
2805,87181,1759418,0.4445562958717346
2806,87181,611655,0.44453132152557373
2807,87181,5417967,0.4445228576660156
2808,87181,3363614,0.4443809688091278
2809,87181,6918505,0.44437175989151
2810,87181,4235992,0.44424378871917725
2811,87181,7932572,0.44402480125427246
2812,87181,4632256,0.44397246837615967
2813,87181,1759419,0.4439392387866974
2814,87181,2335887,0.443936824798584
2815,87181,745877,0.44384557008743286
2816,87181,1759416,0.44377946853637695
2817,87181,5846417,0.44377678632736206
2818,87181,2315275,0.4437500536441803
2819,87181,5533778,0.4436877965927124
2820,87181,8082516,0.4434581398963928
2821,87181,7620517,0.4432823657989502
2822,87181,6267329,0.44320693612098694
2823,87181,7404160,0.4432052969932556
2824,87181,2986234,0.4431982636451721
2825,87181,6411528,0.4431966543197632
2826,87181,1681727,0.4431745409965515
2827,87181,1766467,0.44315341114997864
2828,87181,6885718,0.4431169629096985
2829,87181,2553132,0.44307446479797363
2830,87181,1929610,0.443040668964386
2831,87181,3588835,0.4430336356163025
2832,87181,5576953,0.44298845529556274
2833,87181,5628060,0.44298142194747925
2834,87181,2752841,0.4429416060447693
2835,87181,3145560,0.4428555965423584
2836,87181,1893578,0.4427061975002289
2837,87181,1549628,0.4426073431968689
2838,87181,3240685,0.4425816535949707
2839,87181,1902824,0.442551851272583
2840,87181,6436244,0.4425384998321533
2841,87181,1626783,0.442476749420166
2842,87181,8664071,0.4424157738685608
2843,87181,2898766,0.44241034984588623
2844,87181,120752,0.4422755837440491
2845,87181,2069318,0.44223350286483765
2846,87181,7127780,0.44221657514572144
2847,87181,635264,0.44215893745422363
2848,87181,679524,0.44214048981666565
2849,87181,2178412,0.4421056807041168
2850,87181,218122,0.44209468364715576
2851,87181,7376415,0.44208240509033203
2852,87181,5895407,0.4420628547668457
2853,87181,19125,0.44188594818115234
2854,87181,4075363,0.4418778419494629
2855,87181,5958472,0.44179198145866394
2856,87181,812671,0.4417724013328552
2857,87181,403583,0.44164860248565674
2858,87181,2030235,0.44163572788238525
2859,87181,4215175,0.44161853194236755
2860,87181,6191775,0.44161733984947205
2861,87181,5782355,0.4414446949958801
2862,87181,1159570,0.44144144654273987
2863,87181,3862641,0.4414340555667877
2864,87181,594069,0.44141191244125366
2865,87181,2126717,0.4412645101547241
2866,87181,6185127,0.44117337465286255
2867,87181,1110382,0.441052109003067
2868,87181,4597327,0.4410346746444702
2869,87181,2164664,0.4408543109893799
2870,87181,5140790,0.44083893299102783
2871,87181,2152033,0.44081056118011475
2872,87181,3909527,0.440759539604187
2873,87181,6194807,0.440664142370224
2874,87181,1042822,0.4406306743621826
2875,87181,902294,0.44062623381614685
2876,87181,8351013,0.44060850143432617
2877,87181,7450233,0.4405006170272827
2878,87181,2259137,0.44039762020111084
2879,87181,3363607,0.4403572976589203
2880,87181,4075362,0.44032785296440125
2881,87181,1082553,0.4403260350227356
2882,87181,6615438,0.4402884244918823
2883,87181,7794487,0.4402287006378174
2884,87181,2556147,0.44004154205322266
2885,87181,4786279,0.44001442193984985
2886,87181,3203979,0.4400002062320709
2887,87181,961109,0.43991124629974365
2888,87181,478092,0.4398932456970215
2889,87181,1766853,0.4398460388183594
2890,87181,5101043,0.43980342149734497
2891,87181,6654762,0.4396870732307434
2892,87181,2802426,0.4396488070487976
2893,87181,7272225,0.4396069645881653
2894,87181,220016,0.4395565390586853
2895,87181,4881079,0.4393569827079773
2896,87181,7185750,0.43930312991142273
2897,87181,1708553,0.4391244351863861
2898,87181,3794946,0.43912360072135925
2899,87181,8422875,0.43907493352890015
2900,87181,4760530,0.4390731453895569
2901,87181,2079773,0.43905267119407654
2902,87181,4669119,0.43897607922554016
2903,87181,679532,0.43885260820388794
2904,87181,2627190,0.43881624937057495
2905,87181,8497785,0.4387301504611969
2906,87181,3483867,0.43869373202323914
2907,87181,8037185,0.4386836886405945
2908,87181,2030230,0.43867191672325134
2909,87181,957415,0.4386637806892395
2910,87181,858959,0.4386283755302429
2911,87181,6860947,0.43861332535743713
2912,87181,1518291,0.4386104941368103
2913,87181,7504783,0.4384937882423401
2914,87181,5294484,0.43848851323127747
2915,87181,6757396,0.43846750259399414
2916,87181,7146502,0.43843504786491394
2917,87181,1856244,0.43842145800590515
2918,87181,6771459,0.4381529688835144
2919,87181,7469165,0.4381037950515747
2920,87181,5628059,0.43800994753837585
2921,87181,3690536,0.4378715753555298
2922,87181,6038074,0.43782317638397217
2923,87181,4256268,0.4378140866756439
2924,87181,5631825,0.4378097653388977
2925,87181,974797,0.4377363622188568
2926,87181,1653381,0.43772533535957336
2927,87181,4204847,0.4377022981643677
2928,87181,4576388,0.4375191032886505
2929,87181,7113424,0.4373992681503296
2930,87181,8587963,0.4372635781764984
2931,87181,958844,0.4371936321258545
2932,87181,1376787,0.4370577931404114
2933,87181,55738,0.4369969069957733
2934,87181,6069445,0.43688639998435974
2935,87181,1909191,0.436855673789978
2936,87181,1027082,0.4367854595184326
2937,87181,6298811,0.4367624521255493
2938,87181,1100527,0.436742901802063
2939,87181,3540009,0.43666210770606995
2940,87181,6316255,0.4366408884525299
2941,87181,2877404,0.4364473819732666
2942,87181,228876,0.4362773597240448
2943,87181,4690420,0.4362744390964508
2944,87181,6030182,0.4362744390964508
2945,87181,6318409,0.43626728653907776
2946,87181,5460787,0.43625175952911377
2947,87181,5427145,0.43622642755508423
2948,87181,1678894,0.43612492084503174
2949,87181,1549521,0.436107337474823
2950,87181,5190144,0.43608516454696655
2951,87181,5647751,0.4359537363052368
2952,87181,1614657,0.4359493553638458
2953,87181,4491328,0.43588778376579285
2954,87181,1986821,0.43581825494766235
2955,87181,2441407,0.43574410676956177
2956,87181,3596605,0.4356875717639923
2957,87181,8823859,0.43565765023231506
2958,87181,6197112,0.43560856580734253
2959,87181,3745262,0.4354711174964905
2960,87181,8678080,0.43545210361480713
2961,87181,5889577,0.4354287087917328
2962,87181,2528296,0.43535488843917847
2963,87181,4508649,0.4353235363960266
2964,87181,1221509,0.43528246879577637
2965,87181,6579246,0.4352036416530609
2966,87181,2809142,0.4351999759674072
2967,87181,8520448,0.43512803316116333
2968,87181,1543229,0.434876412153244
2969,87181,655304,0.43487119674682617
2970,87181,1201305,0.4348437786102295
2971,87181,989032,0.4347711205482483
2972,87181,7469163,0.434736967086792
2973,87181,6514944,0.4347214996814728
2974,87181,2941237,0.43462562561035156
2975,87181,5291583,0.4345692992210388
2976,87181,6851519,0.43455761671066284
2977,87181,7330328,0.43451565504074097
2978,87181,6541858,0.43449920415878296
2979,87181,2009313,0.4344644248485565
2980,87181,7617161,0.434207022190094
2981,87181,4556650,0.434184193611145
2982,87181,4330262,0.434181272983551
2983,87181,5023991,0.43416279554367065
2984,87181,7501736,0.43415698409080505
2985,87181,182780,0.4341062009334564
2986,87181,3062241,0.4340168535709381
2987,87181,1101458,0.4339557886123657
2988,87181,1110329,0.43390190601348877
2989,87181,1448088,0.43372777104377747
2990,87181,122206,0.43369466066360474
2991,87181,522049,0.43365800380706787
2992,87181,1829727,0.43365147709846497
2993,87181,420357,0.43363916873931885
2994,87181,7265523,0.4336385726928711
2995,87181,7210044,0.43360742926597595
2996,87181,7267586,0.43360358476638794
2997,87181,4475763,0.4335269033908844
2998,87181,4458902,0.4335203170776367
2999,87181,351647,0.4335026144981384
3000,87452,8819116,0.6547750234603882
3001,87452,8819111,0.6306579113006592
3002,87452,8333919,0.6305040121078491
3003,87452,186939,0.6098635792732239
3004,87452,8333920,0.5743129253387451
3005,87452,6018163,0.572753369808197
3006,87452,4872055,0.567391037940979
3007,87452,6018168,0.5645126104354858
3008,87452,6018169,0.5555064678192139
3009,87452,5286924,0.548096239566803
3010,87452,6018162,0.5420386791229248
3011,87452,8819113,0.5325062274932861
3012,87452,8436579,0.5197259187698364
3013,87452,8436578,0.5190378427505493
3014,87452,408552,0.5169825553894043
3015,87452,7843984,0.5114708542823792
3016,87452,2026777,0.5097417831420898
3017,87452,8333912,0.5028575658798218
3018,87452,6018161,0.502488911151886
3019,87452,8436576,0.49950167536735535
3020,87452,4993648,0.49625152349472046
3021,87452,6042747,0.49583083391189575
3022,87452,186931,0.490464448928833
3023,87452,2740337,0.4869910180568695
3024,87452,2205474,0.48629647493362427
3025,87452,8819112,0.484321653842926
3026,87452,1395631,0.4833982288837433
3027,87452,6018167,0.4830141067504883
3028,87452,1395625,0.4799661934375763
3029,87452,6018166,0.4792916178703308
3030,87452,7417468,0.47839048504829407
3031,87452,280278,0.4778289794921875
3032,87452,5851095,0.4774544835090637
3033,87452,2205470,0.4765399098396301
3034,87452,1890452,0.47364649176597595
3035,87452,5746167,0.47324514389038086
3036,87452,8588022,0.46920207142829895
3037,87452,8436572,0.4689349830150604
3038,87452,8333921,0.4678274095058441
3039,87452,4634899,0.46688875555992126
3040,87452,8436575,0.4652218222618103
3041,87452,8055174,0.4635467827320099
3042,87452,6018165,0.4632273316383362
3043,87452,5751686,0.4619690477848053
3044,87452,8819114,0.4601103961467743
3045,87452,119524,0.46003100275993347
3046,87452,6096580,0.4596688747406006
3047,87452,5348458,0.458529531955719
3048,87452,8152222,0.4584657549858093
3049,87452,119522,0.45827192068099976
3050,87452,8436580,0.4579917788505554
3051,87452,6018160,0.4577905833721161
3052,87452,3888538,0.4568536877632141
3053,87452,2997464,0.45499855279922485
3054,87452,119526,0.45443007349967957
3055,87452,3505333,0.45338645577430725
3056,87452,994547,0.45260143280029297
3057,87452,7304545,0.45252570509910583
3058,87452,2026774,0.4524393379688263
3059,87452,7166749,0.45239007472991943
3060,87452,8126315,0.44968849420547485
3061,87452,4496461,0.4488069713115692
3062,87452,6018164,0.4476197361946106
3063,87452,1528487,0.44700926542282104
3064,87452,7481965,0.446285605430603
3065,87452,5851090,0.4455101788043976
3066,87452,4814582,0.44484272599220276
3067,87452,8436574,0.44413745403289795
3068,87452,95475,0.44394761323928833
3069,87452,6321579,0.44290393590927124
3070,87452,2740338,0.4421156346797943
3071,87452,230603,0.44184398651123047
3072,87452,4937137,0.4401290714740753
3073,87452,7843982,0.4397989511489868
3074,87452,274880,0.4396354556083679
3075,87452,4008487,0.4392348527908325
3076,87452,7965011,0.43855738639831543
3077,87452,5348457,0.4380926489830017
3078,87452,2740333,0.4372960329055786
3079,87452,5219890,0.43722864985466003
3080,87452,3809020,0.4367225170135498
3081,87452,8436571,0.4356413781642914
3082,87452,2162858,0.43477439880371094
3083,87452,5268236,0.4346327483654022
3084,87452,8413044,0.43383240699768066
3085,87452,7641652,0.4335324466228485
3086,87452,8081937,0.43342074751853943
3087,87452,8152220,0.43286919593811035
3088,87452,7166743,0.4325791299343109
3089,87452,2179884,0.4323417842388153
3090,87452,4557554,0.4322938024997711
3091,87452,8521583,0.4322779178619385
3092,87452,5987883,0.4321383833885193
3093,87452,3505336,0.43173593282699585
3094,87452,5618307,0.4315553307533264
3095,87452,4634903,0.43082380294799805
3096,87452,3809014,0.43061181902885437
3097,87452,7166746,0.4304966330528259
3098,87452,2179879,0.42940425872802734
3099,87452,8425095,0.4281758666038513
3100,87452,2571223,0.42795971035957336
3101,87452,4008495,0.4274657964706421
3102,87452,7166751,0.4273848235607147
3103,87452,8763001,0.42731380462646484
3104,87452,3505331,0.426690936088562
3105,87452,7556981,0.42612046003341675
3106,87452,4307936,0.42547327280044556
3107,87452,7964693,0.42539194226264954
3108,87452,8496921,0.42495089769363403
3109,87452,8183206,0.42444491386413574
3110,87452,2771908,0.42419469356536865
3111,87452,2771910,0.42418691515922546
3112,87452,8333917,0.424050509929657
3113,87452,8639344,0.42376357316970825
3114,87452,7588880,0.42339038848876953
3115,87452,3673526,0.42325109243392944
3116,87452,5224668,0.4226939082145691
3117,87452,3620640,0.4203956127166748
3118,87452,7965005,0.4202018976211548
3119,87452,3670538,0.41960203647613525
3120,87452,5704237,0.4193868637084961
3121,87452,3067269,0.41876161098480225
3122,87452,5780807,0.41872531175613403
3123,87452,7704182,0.4184393286705017
3124,87452,8081930,0.41802889108657837
3125,87452,8152221,0.41785645484924316
3126,87452,3381484,0.41743770241737366
3127,87452,4866237,0.4173513352870941
3128,87452,335702,0.4173325300216675
3129,87452,8039261,0.417271226644516
3130,87452,1518706,0.41703227162361145
3131,87452,6679974,0.4166100025177002
3132,87452,4248450,0.41652971506118774
3133,87452,662254,0.4161275029182434
3134,87452,7319835,0.41522371768951416
3135,87452,1598547,0.4149951934814453
3136,87452,5299878,0.41485652327537537
3137,87452,8310480,0.41475462913513184
3138,87452,2856060,0.4145345985889435
3139,87452,3670535,0.4144410490989685
3140,87452,8152224,0.4137258529663086
3141,87452,8680816,0.4136699438095093
3142,87452,3242437,0.4130118489265442
3143,87452,1090052,0.41196948289871216
3144,87452,3290959,0.41187453269958496
3145,87452,2369261,0.41166484355926514
3146,87452,5502955,0.4115025997161865
3147,87452,1118401,0.41003596782684326
3148,87452,5180113,0.4099630117416382
3149,87452,5628388,0.4097362756729126
3150,87452,5179708,0.40866878628730774
3151,87452,4492248,0.40811076760292053
3152,87452,5506223,0.407805860042572
3153,87452,6289834,0.4076578617095947
3154,87452,6938395,0.4075074791908264
3155,87452,162085,0.4067841172218323
3156,87452,4634900,0.4066699743270874
3157,87452,338682,0.4063848853111267
3158,87452,712365,0.40636786818504333
3159,87452,5568394,0.40584880113601685
3160,87452,2931471,0.40476715564727783
3161,87452,3809021,0.4044535756111145
3162,87452,8414599,0.40355509519577026
3163,87452,2571220,0.4033133387565613
3164,87452,5225223,0.40316736698150635
3165,87452,2571221,0.4031325578689575
3166,87452,1642856,0.4027426838874817
3167,87452,2740334,0.4026367664337158
3168,87452,8521585,0.40236198902130127
3169,87452,7115848,0.4022795557975769
3170,87452,7003780,0.402182400226593
3171,87452,6363462,0.4020581841468811
3172,87452,5732043,0.4018869400024414
3173,87452,8515873,0.40179330110549927
3174,87452,7208274,0.4015662968158722
3175,87452,4852772,0.40153390169143677
3176,87452,3280341,0.40151798725128174
3177,87452,2331148,0.4014520049095154
3178,87452,4461395,0.40144234895706177
3179,87452,5853216,0.40092265605926514
3180,87452,4353700,0.40031179785728455
3181,87452,447279,0.3999482989311218
3182,87452,4814583,0.39979737997055054
3183,87452,5193938,0.3997723460197449
3184,87452,4798321,0.39946627616882324
3185,87452,8152226,0.39944571256637573
3186,87452,2013138,0.399130642414093
3187,87452,559109,0.39903151988983154
3188,87452,7542008,0.3983740508556366
3189,87452,1119065,0.39836037158966064
3190,87452,7296339,0.39779502153396606
3191,87452,4929487,0.39747655391693115
3192,87452,1119068,0.39738547801971436
3193,87452,3168701,0.39709609746932983
3194,87452,8183202,0.39709609746932983
3195,87452,6250867,0.3970556855201721
3196,87452,6782264,0.396965354681015
3197,87452,4225208,0.3969513773918152
3198,87452,6478928,0.39659106731414795
3199,87452,3702989,0.3964201509952545
3200,87452,5561899,0.39628270268440247
3201,87452,4324421,0.396251916885376
3202,87452,4634904,0.3962046504020691
3203,87452,152861,0.39592254161834717
3204,87452,5704233,0.39586132764816284
3205,87452,3731848,0.3955698609352112
3206,87452,4198442,0.39554446935653687
3207,87452,7621163,0.3955026865005493
3208,87452,4514656,0.3949672281742096
3209,87452,7225834,0.3949217200279236
3210,87452,2357235,0.3948037028312683
3211,87452,1395633,0.39480042457580566
3212,87452,230601,0.3947780728340149
3213,87452,8030028,0.39455100893974304
3214,87452,6357396,0.39454013109207153
3215,87452,6363468,0.3945184648036957
3216,87452,2076378,0.3944660425186157
3217,87452,2308288,0.3942674696445465
3218,87452,3901335,0.3939858675003052
3219,87452,824454,0.39356255531311035
3220,87452,8152218,0.3934762179851532
3221,87452,8183201,0.39331209659576416
3222,87452,6073899,0.3931986689567566
3223,87452,8727223,0.39307400584220886
3224,87452,3022749,0.39279890060424805
3225,87452,276519,0.3927032947540283
3226,87452,2282213,0.39219510555267334
3227,87452,8640716,0.3915782868862152
3228,87452,5460721,0.3914240002632141
3229,87452,57650,0.3913697600364685
3230,87452,2099053,0.3913613259792328
3231,87452,1079698,0.39116185903549194
3232,87452,2663994,0.39083054661750793
3233,87452,5851096,0.3908015489578247
3234,87452,7806861,0.3905591368675232
3235,87452,8789507,0.3905112147331238
3236,87452,3841122,0.3905070424079895
3237,87452,1339637,0.3903888463973999
3238,87452,7837208,0.3901624381542206
3239,87452,1989381,0.3900369703769684
3240,87452,2321285,0.39000990986824036
3241,87452,5704231,0.3899845480918884
3242,87452,7556460,0.3898956775665283
3243,87452,2474881,0.38989248871803284
3244,87452,1124458,0.3897293210029602
3245,87452,5746165,0.38950031995773315
3246,87452,2311254,0.3893967270851135
3247,87452,3953626,0.38892653584480286
3248,87452,4215358,0.3889257609844208
3249,87452,7797376,0.3888104259967804
3250,87452,1895989,0.3883882164955139
3251,87452,5190112,0.3881828784942627
3252,87452,119521,0.3880385160446167
3253,87452,7368516,0.38801902532577515
3254,87452,7556982,0.3879004716873169
3255,87452,7133469,0.38771945238113403
3256,87452,3153996,0.38730287551879883
3257,87452,6735084,0.38708099722862244
3258,87452,6448667,0.3870465159416199
3259,87452,5092559,0.38703373074531555
3260,87452,4492250,0.38695624470710754
3261,87452,4016455,0.38686543703079224
3262,87452,4650424,0.38683855533599854
3263,87452,7628827,0.38680702447891235
3264,87452,4491543,0.38677549362182617
3265,87452,2385242,0.38617458939552307
3266,87452,3620638,0.3861185312271118
3267,87452,5066721,0.3859589695930481
3268,87452,7561800,0.3856583833694458
3269,87452,8449329,0.3855842649936676
3270,87452,8689978,0.3849426507949829
3271,87452,8395820,0.3844860792160034
3272,87452,4594052,0.3843904733657837
3273,87452,7481966,0.38437485694885254
3274,87452,8496922,0.3843196630477905
3275,87452,5882863,0.3843158483505249
3276,87452,3715494,0.3840862810611725
3277,87452,6661350,0.38403376936912537
3278,87452,4541810,0.38376331329345703
3279,87452,4457124,0.3836984634399414
3280,87452,280276,0.38367581367492676
3281,87452,341473,0.38357847929000854
3282,87452,7412665,0.38347306847572327
3283,87452,2723740,0.38345104455947876
3284,87452,5219889,0.383415549993515
3285,87452,5951689,0.3831669092178345
3286,87452,2876967,0.38312870264053345
3287,87452,6958464,0.3828211724758148
3288,87452,5424908,0.3826780915260315
3289,87452,8033860,0.3826427459716797
3290,87452,5506228,0.3823179006576538
3291,87452,4999683,0.3823026418685913
3292,87452,7062633,0.38215839862823486
3293,87452,4307932,0.38209524750709534
3294,87452,5079577,0.3819846212863922
3295,87452,4894130,0.38177788257598877
3296,87452,5048394,0.3817100524902344
3297,87452,7205478,0.381560742855072
3298,87452,2728073,0.3814414143562317
3299,87452,5704238,0.38142284750938416
3300,87452,3925711,0.3814021944999695
3301,87452,1196180,0.3811313211917877
3302,87452,5080906,0.3810982406139374
3303,87452,844401,0.38097816705703735
3304,87452,8083091,0.38093996047973633
3305,87452,1166563,0.3808853328227997
3306,87452,3268221,0.38088351488113403
3307,87452,2012503,0.38087671995162964
3308,87452,2312971,0.3808053731918335
3309,87452,110898,0.3806378245353699
3310,87452,6978931,0.3805617392063141
3311,87452,3885892,0.3804938495159149
3312,87452,7257680,0.38040441274642944
3313,87452,1245147,0.3804035484790802
3314,87452,3563022,0.3802414834499359
3315,87452,2859273,0.38023048639297485
3316,87452,5061525,0.3801698088645935
3317,87452,5220014,0.3800257444381714
3318,87452,183850,0.3800198435783386
3319,87452,7296343,0.3799532651901245
3320,87452,6679972,0.3799431324005127
3321,87452,401492,0.3798549771308899
3322,87452,4052913,0.37979164719581604
3323,87452,8679221,0.3795500099658966
3324,87452,5180111,0.3794913589954376
3325,87452,8521577,0.37926536798477173
3326,87452,3732898,0.37919068336486816
3327,87452,5424906,0.3791789412498474
3328,87452,1563161,0.37911611795425415
3329,87452,4634897,0.3790284991264343
3330,87452,7545057,0.3789442181587219
3331,87452,1413725,0.37891891598701477
3332,87452,515543,0.3787764310836792
3333,87452,4395814,0.37876853346824646
3334,87452,4845294,0.3787494897842407
3335,87452,88522,0.37871474027633667
3336,87452,5810342,0.3787091076374054
3337,87452,3411676,0.3785088062286377
3338,87452,6952674,0.37845709919929504
3339,87452,5240356,0.3784506916999817
3340,87452,7839639,0.3781999349594116
3341,87452,2732501,0.378086656332016
3342,87452,5031550,0.3779548108577728
3343,87452,263705,0.3779509663581848
3344,87452,1526355,0.377884179353714
3345,87452,136787,0.3778793513774872
3346,87452,4634898,0.37775471806526184
3347,87452,5081155,0.3777538239955902
3348,87452,2026775,0.3776737153530121
3349,87452,1560795,0.3776421546936035
3350,87452,4634896,0.37751755118370056
3351,87452,5851098,0.37741774320602417
3352,87452,3211632,0.3773357570171356
3353,87452,6209770,0.3771529793739319
3354,87452,458068,0.3768823444843292
3355,87452,2601502,0.37686970829963684
3356,87452,7296338,0.37681061029434204
3357,87452,5459085,0.3767804205417633
3358,87452,7628826,0.3765973746776581
3359,87452,336192,0.37656116485595703
3360,87452,5422407,0.37627220153808594
3361,87452,1800532,0.3762178421020508
3362,87452,2069452,0.3762103319168091
3363,87452,2156851,0.3760732412338257
3364,87452,268064,0.37598246335983276
3365,87452,7481967,0.37575578689575195
3366,87452,4710112,0.37574610114097595
3367,87452,8724248,0.3756691515445709
3368,87452,1983206,0.3756115436553955
3369,87452,5853221,0.3755359351634979
3370,87452,4866238,0.3752950429916382
3371,87452,7403507,0.3752158582210541
3372,87452,3534636,0.3750847280025482
3373,87452,1385605,0.37507957220077515
3374,87452,4008491,0.37502583861351013
3375,87452,7647394,0.3749813735485077
3376,87452,7308369,0.3748649060726166
3377,87452,4559730,0.3748638927936554
3378,87452,7671764,0.37468278408050537
3379,87452,6272230,0.3744693100452423
3380,87452,5511499,0.3744022846221924
3381,87452,5326432,0.3743993043899536
3382,87452,7782839,0.37429189682006836
3383,87452,8746086,0.3742586374282837
3384,87452,3137008,0.3742232322692871
3385,87452,6761795,0.3742142915725708
3386,87452,8680820,0.373954713344574
3387,87452,940970,0.37393918633461
3388,87452,5230786,0.3737226128578186
3389,87452,1526350,0.37372082471847534
3390,87452,3055752,0.37366628646850586
3391,87452,4752185,0.3736605644226074
3392,87452,1859996,0.37363195419311523
3393,87452,559115,0.37348300218582153
3394,87452,8434230,0.3733789324760437
3395,87452,5618308,0.37331271171569824
3396,87452,4307941,0.3732677400112152
3397,87452,4261629,0.3732493221759796
3398,87452,6112878,0.37304550409317017
3399,87452,7460456,0.3730008006095886
3400,87452,4730915,0.37272679805755615
3401,87452,2719294,0.37270689010620117
3402,87452,2026778,0.37270355224609375
3403,87452,7771443,0.3724840581417084
3404,87452,4634902,0.37246841192245483
3405,87452,2112116,0.37242960929870605
3406,87452,3933286,0.3724293112754822
3407,87452,1609070,0.3723330497741699
3408,87452,5463854,0.37229233980178833
3409,87452,274878,0.3721662759780884
3410,87452,3076816,0.37214529514312744
3411,87452,7965008,0.371898889541626
3412,87452,2026780,0.371734619140625
3413,87452,4903177,0.3716655969619751
3414,87452,2743289,0.3716351389884949
3415,87452,5238759,0.37149786949157715
3416,87452,5061523,0.37146392464637756
3417,87452,2804597,0.3712289333343506
3418,87452,8213481,0.3711715340614319
3419,87452,3738408,0.3711126744747162
3420,87452,6108130,0.3710964620113373
3421,87452,752162,0.3709866404533386
3422,87452,8665116,0.370924174785614
3423,87452,8185445,0.3708992898464203
3424,87452,5405364,0.3708985447883606
3425,87452,8213483,0.37088996171951294
3426,87452,8775626,0.3708621859550476
3427,87452,7426341,0.37084224820137024
3428,87452,5732048,0.37078624963760376
3429,87452,2384595,0.370764821767807
3430,87452,7954454,0.3707236051559448
3431,87452,2610123,0.3706746995449066
3432,87452,2463256,0.3704736828804016
3433,87452,8701683,0.3703598380088806
3434,87452,6979820,0.3703283667564392
3435,87452,2626189,0.37023845314979553
3436,87452,747167,0.3701983392238617
3437,87452,4846191,0.37007302045822144
3438,87452,1440702,0.36984798312187195
3439,87452,4131952,0.36980879306793213
3440,87452,3009845,0.3696582615375519
3441,87452,6026550,0.3695615530014038
3442,87452,6407993,0.3694544732570648
3443,87452,6566265,0.3694543242454529
3444,87452,7113314,0.36945241689682007
3445,87452,6730261,0.3692145347595215
3446,87452,950962,0.3690766990184784
3447,87452,6037191,0.36873430013656616
3448,87452,25993,0.3685961961746216
3449,87452,1806783,0.3685264587402344
3450,87452,3530522,0.3683587908744812
3451,87452,5831295,0.3683474063873291
3452,87452,7461838,0.36833810806274414
3453,87452,2474880,0.36829859018325806
3454,87452,1642851,0.3682307004928589
3455,87452,6010424,0.3682239353656769
3456,87452,5210733,0.36790797114372253
3457,87452,8611254,0.36790478229522705
3458,87452,3291672,0.3678911626338959
3459,87452,5342956,0.36782562732696533
3460,87452,1212472,0.36778968572616577
3461,87452,1448188,0.367699533700943
3462,87452,2987334,0.3676522374153137
3463,87452,4896693,0.36764055490493774
3464,87452,8055167,0.3676379323005676
3465,87452,5066726,0.3675997257232666
3466,87452,8344197,0.3673529326915741
3467,87452,7886763,0.3673175871372223
3468,87452,6943542,0.36730074882507324
3469,87452,945895,0.3672983944416046
3470,87452,3474672,0.36728736758232117
3471,87452,2723743,0.36726808547973633
3472,87452,1733687,0.36707842350006104
3473,87452,7782244,0.36706727743148804
3474,87452,5321773,0.3670412003993988
3475,87452,4157764,0.36696845293045044
3476,87452,8361917,0.36693665385246277
3477,87452,4846192,0.3669290840625763
3478,87452,1709441,0.3668730556964874
3479,87452,7482189,0.36686843633651733
3480,87452,5180105,0.3668226897716522
3481,87452,8416552,0.36676985025405884
3482,87452,2282210,0.36648544669151306
3483,87452,88525,0.36643731594085693
3484,87452,6227193,0.36637961864471436
3485,87452,7250849,0.36632394790649414
3486,87452,7643286,0.36631810665130615
3487,87452,2508054,0.36619818210601807
3488,87452,6042748,0.36618828773498535
3489,87452,6771672,0.3661600947380066
3490,87452,5460725,0.3661487102508545
3491,87452,7444007,0.36605075001716614
3492,87452,5819018,0.36604076623916626
3493,87452,8230013,0.3659908175468445
3494,87452,1863605,0.3658532500267029
3495,87452,6146579,0.36583393812179565
3496,87452,5204784,0.3658159375190735
3497,87452,8836293,0.36573269963264465
3498,87452,393450,0.3656989336013794
3499,87452,3211639,0.36567333340644836
3500,87452,6763127,0.3653198480606079
3501,87452,585404,0.36531710624694824
3502,87452,7008119,0.365316778421402
3503,87452,2527630,0.36528319120407104
3504,87452,8789506,0.36519235372543335
3505,87452,2850938,0.3651367425918579
3506,87452,7855078,0.36497414112091064
3507,87452,2996739,0.3649576008319855
3508,87452,1307553,0.3648354113101959
3509,87452,7995216,0.36483216285705566
3510,87452,1864630,0.36477014422416687
3511,87452,6055755,0.3647669553756714
3512,87452,2026779,0.3647255003452301
3513,87452,8462819,0.3647037148475647
3514,87452,5299876,0.364679217338562
3515,87452,4541811,0.36462873220443726
3516,87452,3776464,0.36461156606674194
3517,87452,1003707,0.3645785450935364
3518,87452,8839999,0.3645552098751068
3519,87452,4461389,0.3644920587539673
3520,87452,5299881,0.3644636869430542
3521,87452,630784,0.36446332931518555
3522,87452,2624272,0.3644067943096161
3523,87452,3152972,0.3643326461315155
3524,87452,857742,0.3643189072608948
3525,87452,7926329,0.36420464515686035
3526,87452,7115852,0.36416545510292053
3527,87452,4492256,0.3641536235809326
3528,87452,7604447,0.3640614449977875
3529,87452,4654955,0.36398786306381226
3530,87452,4872054,0.3639451265335083
3531,87452,2043089,0.36383381485939026
3532,87452,2693157,0.3637491464614868
3533,87452,1101814,0.3637481927871704
3534,87452,3891720,0.36365947127342224
3535,87452,23073,0.3635149300098419
3536,87452,2758368,0.36349570751190186
3537,87452,4160262,0.3634953200817108
3538,87452,7643290,0.3634190857410431
3539,87452,6345816,0.36341115832328796
3540,87452,4496457,0.3632136583328247
3541,87452,4846198,0.36320871114730835
3542,87452,2989286,0.36317580938339233
3543,87452,4654957,0.36314934492111206
3544,87452,2026776,0.363094687461853
3545,87452,7743668,0.36301925778388977
3546,87452,1714832,0.36295631527900696
3547,87452,8197981,0.3629204034805298
3548,87452,1167205,0.36289656162261963
3549,87452,5786935,0.36283034086227417
3550,87452,7071090,0.3628278374671936
3551,87452,8521582,0.3627946972846985
3552,87452,5141464,0.36279165744781494
3553,87452,4940304,0.36275309324264526
3554,87452,847793,0.3627215325832367
3555,87452,5165787,0.36271899938583374
3556,87452,1343763,0.36270204186439514
3557,87452,5656862,0.3626338243484497
3558,87452,2825020,0.3625490069389343
3559,87452,8456596,0.3625336289405823
3560,87452,7826586,0.36248844861984253
3561,87452,4851045,0.3623965382575989
3562,87452,4396254,0.3622285723686218
3563,87452,1749882,0.36206215620040894
3564,87452,4688522,0.3620600998401642
3565,87452,7880853,0.3620169162750244
3566,87452,447286,0.36199164390563965
3567,87452,3539912,0.36196956038475037
3568,87452,4015906,0.36188048124313354
3569,87452,7468799,0.36187082529067993
3570,87452,6936035,0.3618684411048889
3571,87452,3732894,0.36183589696884155
3572,87452,522095,0.361824095249176
3573,87452,8310476,0.36181640625
3574,87452,2833264,0.36175793409347534
3575,87452,2120711,0.36170753836631775
3576,87452,2109980,0.36167654395103455
3577,87452,4160261,0.3616064786911011
3578,87452,3929819,0.36160480976104736
3579,87452,2666249,0.3615688383579254
3580,87452,7635841,0.3614526391029358
3581,87452,7713107,0.36141109466552734
3582,87452,6168073,0.36141061782836914
3583,87452,2205471,0.36139076948165894
3584,87452,8310478,0.36138659715652466
3585,87452,2923167,0.361351877450943
3586,87452,4557555,0.3612896203994751
3587,87452,5169977,0.36127179861068726
3588,87452,7412152,0.36124831438064575
3589,87452,1168657,0.3612099885940552
3590,87452,7296336,0.36116570234298706
3591,87452,8055172,0.360980749130249
3592,87452,5360187,0.3609296381473541
3593,87452,273609,0.3609136939048767
3594,87452,8082293,0.36086946725845337
3595,87452,1690303,0.36084407567977905
3596,87452,7481969,0.3607918620109558
3597,87452,1010499,0.36075615882873535
3598,87452,8237446,0.3606758117675781
3599,87452,846071,0.36066877841949463
3600,87452,6836587,0.3606258034706116
3601,87452,138866,0.3604857921600342
3602,87452,5446103,0.3604360818862915
3603,87452,7661222,0.3604336977005005
3604,87452,7863882,0.3603972792625427
3605,87452,1572747,0.3603828549385071
3606,87452,689028,0.3603326678276062
3607,87452,6730263,0.36032456159591675
3608,87452,4868610,0.36031246185302734
3609,87452,1124459,0.36026448011398315
3610,87452,8438356,0.3602539002895355
3611,87452,338687,0.36020171642303467
3612,87452,7388835,0.3600911796092987
3613,87452,7806860,0.36004838347435
3614,87452,4491547,0.3599441647529602
3615,87452,783280,0.3599380850791931
3616,87452,4034244,0.359920859336853
3617,87452,5516053,0.35990220308303833
3618,87452,1135322,0.3598693609237671
3619,87452,5506226,0.3598173260688782
3620,87452,3127825,0.359743595123291
3621,87452,8481099,0.35968950390815735
3622,87452,766473,0.35965535044670105
3623,87452,258600,0.3595097064971924
3624,87452,6195057,0.3595011830329895
3625,87452,5858402,0.35933947563171387
3626,87452,1403781,0.35927504301071167
3627,87452,8152223,0.35922130942344666
3628,87452,5219887,0.35921064019203186
3629,87452,6591648,0.3591814637184143
3630,87452,2618217,0.35911864042282104
3631,87452,6479617,0.35910147428512573
3632,87452,3823870,0.35906660556793213
3633,87452,5465306,0.35900968313217163
3634,87452,7499674,0.35898882150650024
3635,87452,8748038,0.35898011922836304
3636,87452,4496459,0.3588753640651703
3637,87452,8412470,0.35886380076408386
3638,87452,573971,0.35874825716018677
3639,87452,5864997,0.35870790481567383
3640,87452,822200,0.3586914539337158
3641,87452,3152966,0.3586365282535553
3642,87452,7039123,0.35847270488739014
3643,87452,662728,0.3584718108177185
3644,87452,5573417,0.3584214448928833
3645,87452,3463253,0.3583942651748657
3646,87452,1168655,0.3583250045776367
3647,87452,4896697,0.35831791162490845
3648,87452,8078250,0.3583065867424011
3649,87452,2059088,0.3581809103488922
3650,87452,5433914,0.35809531807899475
3651,87452,8647338,0.35800957679748535
3652,87452,5052042,0.35793814063072205
3653,87452,1002237,0.3579232096672058
3654,87452,5222103,0.35792025923728943
3655,87452,3211080,0.357904851436615
3656,87452,2306731,0.3577996790409088
3657,87452,6933592,0.35772690176963806
3658,87452,9029,0.3577171564102173
3659,87452,6868504,0.3576682507991791
3660,87452,3347346,0.3576186001300812
3661,87452,3189678,0.35760068893432617
3662,87452,8436573,0.3575713336467743
3663,87452,138861,0.3575131297111511
3664,87452,847792,0.35748445987701416
3665,87452,1066293,0.3574323058128357
3666,87452,3673990,0.357343852519989
3667,87452,6931697,0.3573397397994995
3668,87452,8054401,0.3572721779346466
3669,87452,1608215,0.3572370409965515
3670,87452,1948906,0.3571953773498535
3671,87452,8505239,0.357189804315567
3672,87452,3758659,0.35716092586517334
3673,87452,6194088,0.35710734128952026
3674,87452,8387176,0.3570859134197235
3675,87452,3592627,0.3570104241371155
3676,87452,4701339,0.356974720954895
3677,87452,898642,0.35695427656173706
3678,87452,5986361,0.35682836174964905
3679,87452,6163826,0.3568166494369507
3680,87452,976896,0.35681626200675964
3681,87452,2991899,0.35681167244911194
3682,87452,5535583,0.35677188634872437
3683,87452,2205476,0.35673701763153076
3684,87452,6464870,0.3566809296607971
3685,87452,4588321,0.35667043924331665
3686,87452,6620691,0.35661450028419495
3687,87452,3811952,0.3566138744354248
3688,87452,7702144,0.35657769441604614
3689,87452,1895985,0.35655200481414795
3690,87452,4626934,0.3564893305301666
3691,87452,3997470,0.35639092326164246
3692,87452,3347345,0.3563341498374939
3693,87452,3291667,0.35625943541526794
3694,87452,5460722,0.35624364018440247
3695,87452,4008489,0.35623735189437866
3696,87452,8283121,0.35622602701187134
3697,87452,4863498,0.356201708316803
3698,87452,4685240,0.3561302125453949
3699,87452,5943858,0.3561168313026428
3700,87452,7071088,0.3561062812805176
3701,87452,7362652,0.35599637031555176
3702,87452,336189,0.3558496832847595
3703,87452,5259713,0.3558485507965088
3704,87452,5249581,0.35580146312713623
3705,87452,8436836,0.35568976402282715
3706,87452,1328679,0.35551920533180237
3707,87452,354348,0.35551366209983826
3708,87452,2059093,0.3554874062538147
3709,87452,8573418,0.3554721176624298
3710,87452,8083102,0.3554636836051941
3711,87452,1513081,0.3554483950138092
3712,87452,7499672,0.355344295501709
3713,87452,7071606,0.35532110929489136
3714,87452,80751,0.3552092909812927
3715,87452,995770,0.35519444942474365
3716,87452,636821,0.35515648126602173
3717,87452,4481941,0.35511815547943115
3718,87452,5041551,0.3549533486366272
3719,87452,6053275,0.35485804080963135
3720,87452,4248485,0.3548392653465271
3721,87452,5944736,0.3548237085342407
3722,87452,7247262,0.3547860383987427
3723,87452,2054242,0.3547820448875427
3724,87452,7110720,0.3547794818878174
3725,87452,7481747,0.35474735498428345
3726,87452,735534,0.3545973300933838
3727,87452,5851097,0.35459256172180176
3728,87452,7179505,0.3545691967010498
3729,87452,204186,0.3544723689556122
3730,87452,8261777,0.3544009029865265
3731,87452,849889,0.3543577790260315
3732,87452,5837414,0.35426270961761475
3733,87452,5878827,0.35425567626953125
3734,87452,4972923,0.35421591997146606
3735,87452,6804849,0.3542150557041168
3736,87452,6289829,0.35421082377433777
3737,87452,7556604,0.3541809320449829
3738,87452,4020633,0.3541780710220337
3739,87452,2043094,0.35413041710853577
3740,87452,4654326,0.3539826273918152
3741,87452,6523625,0.3539746403694153
3742,87452,8727227,0.3539479374885559
3743,87452,3880371,0.3539216220378876
3744,87452,8605729,0.3538951277732849
3745,87452,4492251,0.3538610339164734
3746,87452,6354778,0.353820264339447
3747,87452,6161702,0.3537881672382355
3748,87452,4154501,0.3537822961807251
3749,87452,7354953,0.3537694215774536
3750,87452,7727482,0.3537217378616333
3751,87452,7858531,0.35369816422462463
3752,87452,3592630,0.35368192195892334
3753,87452,3534644,0.3536471128463745
3754,87452,8380836,0.353611558675766
3755,87452,4328252,0.35356205701828003
3756,87452,5742064,0.3534654676914215
3757,87452,5274010,0.35342681407928467
3758,87452,2162860,0.35339558124542236
3759,87452,216304,0.35335367918014526
3760,87452,1166569,0.3533468246459961
3761,87452,8290421,0.3533394932746887
3762,87452,2309193,0.35332009196281433
3763,87452,2675391,0.3532876670360565
3764,87452,8080380,0.353229284286499
3765,87452,1412694,0.35318470001220703
3766,87452,3550523,0.35318052768707275
3767,87452,8573866,0.3531467318534851
3768,87452,7226401,0.35312801599502563
3769,87452,5348455,0.35311686992645264
3770,87452,1237731,0.3530302941799164
3771,87452,49009,0.35300886631011963
3772,87452,8424773,0.3530033230781555
3773,87452,4769896,0.35300150513648987
3774,87452,6621971,0.3529953956604004
3775,87452,3363464,0.3529636561870575
3776,87452,3347350,0.35290783643722534
3777,87452,2500834,0.352873831987381
3778,87452,6566263,0.35286039113998413
3779,87452,584963,0.35284098982810974
3780,87452,2422504,0.35279330611228943
3781,87452,5586520,0.3527805805206299
3782,87452,4937134,0.35277658700942993
3783,87452,7926327,0.35271313786506653
3784,87452,560244,0.35269880294799805
3785,87452,2961726,0.3526850938796997
3786,87452,1094243,0.3526803255081177
3787,87452,5230780,0.35266685485839844
3788,87452,6709323,0.3525579869747162
3789,87452,2011017,0.35251128673553467
3790,87452,1928358,0.35233813524246216
3791,87452,1918256,0.3523055911064148
3792,87452,8736305,0.35206806659698486
3793,87452,3005402,0.3520658314228058
3794,87452,3202703,0.3520432114601135
3795,87452,3327047,0.35200294852256775
3796,87452,4008492,0.3519992530345917
3797,87452,5240361,0.351997971534729
3798,87452,1507327,0.3519761562347412
3799,87452,4576895,0.351962149143219
3800,87452,6163829,0.35193300247192383
3801,87452,3319832,0.35193008184432983
3802,87452,7995214,0.351914644241333
3803,87452,1653936,0.3519131541252136
3804,87452,7658278,0.35190218687057495
3805,87452,3702982,0.351901650428772
3806,87452,7609392,0.35187041759490967
3807,87452,2205472,0.35184502601623535
3808,87452,4644476,0.3517982065677643
3809,87452,3573087,0.35176676511764526
3810,87452,3331056,0.3517555594444275
3811,87452,3411673,0.35167989134788513
3812,87452,6497154,0.351656973361969
3813,87452,6719516,0.3515549898147583
3814,87452,6911120,0.35153138637542725
3815,87452,4369350,0.35147812962532043
3816,87452,4496466,0.3514598309993744
3817,87452,5438070,0.35140758752822876
3818,87452,7585763,0.35135287046432495
3819,87452,7556977,0.35134783387184143
3820,87452,4380559,0.3513329029083252
3821,87452,3777635,0.35131847858428955
3822,87452,8430792,0.3513003885746002
3823,87452,7645607,0.35129109025001526
3824,87452,7965009,0.3512241840362549
3825,87452,2947508,0.3511649966239929
3826,87452,1298438,0.3510693907737732
3827,87452,2069453,0.3510621190071106
3828,87452,8263236,0.35104912519454956
3829,87452,3189124,0.35103273391723633
3830,87452,3408220,0.3509981036186218
3831,87452,6280209,0.3509688675403595
3832,87452,1209933,0.35088449716567993
3833,87452,4554407,0.3508780300617218
3834,87452,7651356,0.35086899995803833
3835,87452,5516056,0.35084840655326843
3836,87452,3777138,0.3508395254611969
3837,87452,192229,0.3508327007293701
3838,87452,779643,0.350828617811203
3839,87452,8076762,0.35081201791763306
3840,87452,466726,0.350787878036499
3841,87452,536976,0.3507686257362366
3842,87452,3153455,0.3507479727268219
3843,87452,4835929,0.3507302403450012
3844,87452,3296862,0.35069483518600464
3845,87452,5882860,0.3506864011287689
3846,87452,7697092,0.3506392240524292
3847,87452,1050462,0.35062307119369507
3848,87452,8748042,0.35057464241981506
3849,87452,8299378,0.35056665539741516
3850,87452,818551,0.35050302743911743
3851,87452,7466384,0.35044366121292114
3852,87452,3347347,0.35042065382003784
3853,87452,6007140,0.35040247440338135
3854,87452,6730258,0.35027000308036804
3855,87452,7836837,0.3502587080001831
3856,87452,6353813,0.35025620460510254
3857,87452,853348,0.35020503401756287
3858,87452,7057345,0.35016006231307983
3859,87452,5249580,0.35014498233795166
3860,87452,6837059,0.3500370383262634
3861,87452,3347349,0.34999769926071167
3862,87452,8333916,0.34995731711387634
3863,87452,4418397,0.3499411642551422
3864,87452,1209940,0.34985893964767456
3865,87452,6064607,0.34985068440437317
3866,87452,1262891,0.3498471975326538
3867,87452,4390839,0.34979498386383057
3868,87452,1571410,0.3497942090034485
3869,87452,1894275,0.3497527837753296
3870,87452,4150653,0.3497046232223511
3871,87452,1330728,0.3496270179748535
3872,87452,2231413,0.34957224130630493
3873,87452,1802053,0.34957098960876465
3874,87452,6092755,0.3495415449142456
3875,87452,285177,0.34944772720336914
3876,87452,8372306,0.34944573044776917
3877,87452,3620642,0.34930333495140076
3878,87452,8083099,0.3492858409881592
3879,87452,1995427,0.34925979375839233
3880,87452,2804921,0.3492083251476288
3881,87452,8690506,0.34913647174835205
3882,87452,8152227,0.3490387201309204
3883,87452,866165,0.3490167558193207
3884,87452,7709372,0.3490164279937744
3885,87452,5460727,0.34901273250579834
3886,87452,929238,0.3490025997161865
3887,87452,7897961,0.3489917516708374
3888,87452,4496460,0.3489503860473633
3889,87452,2767538,0.34891319274902344
3890,87452,6453164,0.3489001989364624
3891,87452,4745857,0.34890007972717285
3892,87452,2771912,0.34885090589523315
3893,87452,3337605,0.34879451990127563
3894,87452,6175683,0.3487076759338379
3895,87452,4872053,0.348680704832077
3896,87452,2653485,0.3486410081386566
3897,87452,3620433,0.3485904932022095
3898,87452,4866243,0.3485783338546753
3899,87452,1276719,0.3485022187232971
3900,87452,8257347,0.34847742319107056
3901,87452,7261524,0.34846144914627075
3902,87452,5952013,0.3484199047088623
3903,87452,5240323,0.34837836027145386
3904,87452,8789505,0.3483280539512634
3905,87452,3767749,0.3482833504676819
3906,87452,8110330,0.3482728898525238
3907,87452,1894308,0.3482595980167389
3908,87452,1771151,0.34823867678642273
3909,87452,7178406,0.34823864698410034
3910,87452,5746164,0.3482372760772705
3911,87452,8194910,0.3482359051704407
3912,87452,5560635,0.3482332229614258
3913,87452,6923338,0.3482094705104828
3914,87452,4730922,0.348130464553833
3915,87452,5150381,0.34810489416122437
3916,87452,2307715,0.3481022119522095
3917,87452,2233198,0.34809017181396484
3918,87452,3829682,0.3480263948440552
3919,87452,5467815,0.34801575541496277
3920,87452,2014954,0.3479920029640198
3921,87452,6913642,0.3479617238044739
3922,87452,1456952,0.347960889339447
3923,87452,2987337,0.3479517102241516
3924,87452,3885182,0.347940057516098
3925,87452,4126150,0.3479163348674774
3926,87452,1909191,0.3478372097015381
3927,87452,7504147,0.3478245735168457
3928,87452,852878,0.34774404764175415
3929,87452,7515131,0.3477357029914856
3930,87452,4957570,0.34767425060272217
3931,87452,5826881,0.34765079617500305
3932,87452,7587122,0.3475601077079773
3933,87452,2711399,0.3475537896156311
3934,87452,2654152,0.3475293517112732
3935,87452,124395,0.3475114703178406
3936,87452,121412,0.34749269485473633
3937,87452,3715501,0.3474466800689697
3938,87452,8479342,0.3473977744579315
3939,87452,1714690,0.34735387563705444
3940,87452,5469735,0.34734439849853516
3941,87452,4980910,0.347323477268219
3942,87452,1069901,0.34730565547943115
3943,87452,7588887,0.3472940921783447
3944,87452,165338,0.34714454412460327
3945,87452,1971828,0.3471356928348541
3946,87452,6804269,0.34713470935821533
3947,87452,1782676,0.3471068739891052
3948,87452,5118118,0.3470875918865204
3949,87452,436653,0.34693974256515503
3950,87452,4626939,0.3469391167163849
3951,87452,8079946,0.34689295291900635
3952,87452,2310395,0.3468691110610962
3953,87452,4396256,0.34684818983078003
3954,87452,8358274,0.34678202867507935
3955,87452,4020552,0.34677934646606445
3956,87452,1081394,0.34676313400268555
3957,87452,3279072,0.3467440605163574
3958,87452,4079792,0.3466595411300659
3959,87452,3405107,0.3466406464576721
3960,87452,1119062,0.346601665019989
3961,87452,4448776,0.34652286767959595
3962,87452,3857397,0.34651240706443787
3963,87452,7142340,0.3465118408203125
3964,87452,1657328,0.3465104401111603
3965,87452,1759274,0.3464798331260681
3966,87452,3331055,0.34647905826568604
3967,87452,1928357,0.346469908952713
3968,87452,362419,0.34638944268226624
3969,87452,807282,0.34637895226478577
3970,87452,1971830,0.3463590741157532
3971,87452,8295292,0.3462148904800415
3972,87452,5704236,0.34621062874794006
3973,87452,6161704,0.34617453813552856
3974,87452,6542261,0.3461281955242157
3975,87452,556053,0.34611421823501587
3976,87452,6582130,0.3460800349712372
3977,87452,5336753,0.3459986448287964
3978,87452,53407,0.3459978401660919
3979,87452,8162895,0.3459867238998413
3980,87452,6730256,0.34596532583236694
3981,87452,2544793,0.3459600508213043
3982,87452,6573610,0.3459463119506836
3983,87452,5694212,0.345944344997406
3984,87452,7611395,0.34593766927719116
3985,87452,8451089,0.34592336416244507
3986,87452,7499675,0.34590715169906616
3987,87452,6912507,0.3458876311779022
3988,87452,6531375,0.34585440158843994
3989,87452,7836840,0.34585070610046387
3990,87452,7853215,0.3458145260810852
3991,87452,3930708,0.3457878828048706
3992,87452,1895986,0.34578728675842285
3993,87452,6934460,0.3457314372062683
3994,87452,7909771,0.34571588039398193
3995,87452,4841897,0.3456929922103882
3996,87452,5061521,0.3456231355667114
3997,87452,32118,0.34561148285865784
3998,87452,6104283,0.34557849168777466
3999,87452,1091402,0.34556370973587036
4000,104861,2377050,0.5858603715896606
4001,104861,5248341,0.5824998617172241
4002,104861,6467577,0.5738012790679932
4003,104861,5688418,0.5719457864761353
4004,104861,6467580,0.5715796947479248
4005,104861,3925933,0.5713678598403931
4006,104861,5138476,0.5705337524414062
4007,104861,1773807,0.5646355748176575
4008,104861,5692795,0.5645391345024109
4009,104861,5138467,0.5638483762741089
4010,104861,1948963,0.5581215620040894
4011,104861,5688416,0.5576975345611572
4012,104861,629278,0.5575199723243713
4013,104861,146170,0.5554729700088501
4014,104861,1773805,0.5549428462982178
4015,104861,6467578,0.5520145893096924
4016,104861,5801822,0.5454740524291992
4017,104861,5138471,0.5434908866882324
4018,104861,6585554,0.5432881116867065
4019,104861,4350439,0.5427806377410889
4020,104861,5836442,0.5393376350402832
4021,104861,8546162,0.5372301340103149
4022,104861,146174,0.5367720723152161
4023,104861,5248340,0.5361742973327637
4024,104861,5791305,0.5347617864608765
4025,104861,459676,0.533399224281311
4026,104861,3443176,0.5330296158790588
4027,104861,6467579,0.5282430648803711
4028,104861,1058524,0.5273176431655884
4029,104861,5688417,0.5250310897827148
4030,104861,5703401,0.5246497392654419
4031,104861,6653675,0.521117091178894
4032,104861,5703400,0.520457923412323
4033,104861,5138468,0.5196568965911865
4034,104861,5138472,0.5189421772956848
4035,104861,8546160,0.5178370475769043
4036,104861,146171,0.5177891254425049
4037,104861,5138474,0.5177307724952698
4038,104861,5864693,0.5173197984695435
4039,104861,629270,0.517224133014679
4040,104861,6187055,0.5136934518814087
4041,104861,6008065,0.5128521919250488
4042,104861,5688415,0.5126553177833557
4043,104861,5903855,0.5124687552452087
4044,104861,8546159,0.5124551653862
4045,104861,5248342,0.5121158361434937
4046,104861,5138469,0.511396050453186
4047,104861,4465511,0.5109235048294067
4048,104861,599604,0.5099367499351501
4049,104861,6351571,0.5088025331497192
4050,104861,1948962,0.5084949731826782
4051,104861,2560681,0.5083858370780945
4052,104861,5634654,0.5077567100524902
4053,104861,5837427,0.5077434778213501
4054,104861,5903854,0.5077434778213501
4055,104861,629274,0.5075733065605164
4056,104861,3361500,0.5060483813285828
4057,104861,5646944,0.5060483813285828
4058,104861,1313686,0.5060483813285828
4059,104861,629277,0.5056982636451721
4060,104861,4966419,0.5056734085083008
4061,104861,5150431,0.5056687593460083
4062,104861,1046334,0.5055328607559204
4063,104861,6427377,0.5054125785827637
4064,104861,6255496,0.5036534070968628
4065,104861,5692794,0.5030008554458618
4066,104861,6442111,0.5025029182434082
4067,104861,3742805,0.5017654895782471
4068,104861,3443173,0.5011327266693115
4069,104861,6893256,0.5008567571640015
4070,104861,7436909,0.4997138977050781
4071,104861,5848355,0.4997138977050781
4072,104861,6148444,0.4997138977050781
4073,104861,1443676,0.49970319867134094
4074,104861,6427373,0.49888139963150024
4075,104861,7316254,0.4987422227859497
4076,104861,629273,0.4983749985694885
4077,104861,4717134,0.49503469467163086
4078,104861,363133,0.49498140811920166
4079,104861,5688420,0.4946160912513733
4080,104861,466957,0.49397730827331543
4081,104861,5652266,0.4921572208404541
4082,104861,1221017,0.49184131622314453
4083,104861,1767228,0.491597980260849
4084,104861,2687574,0.491597980260849
4085,104861,987138,0.4904427230358124
4086,104861,5864689,0.4902194142341614
4087,104861,6704672,0.489888995885849
4088,104861,1261259,0.48912695050239563
4089,104861,363130,0.4878097176551819
4090,104861,8546158,0.4876222014427185
4091,104861,6482552,0.48710936307907104
4092,104861,459675,0.48677414655685425
4093,104861,954830,0.4865725636482239
4094,104861,3891862,0.4854598641395569
4095,104861,1046339,0.4851846694946289
4096,104861,1078032,0.4837912321090698
4097,104861,2560676,0.48325204849243164
4098,104861,782517,0.4818516671657562
4099,104861,6653679,0.4812885820865631
4100,104861,1058517,0.4808439016342163
4101,104861,5041599,0.4806070923805237
4102,104861,4305855,0.48048529028892517
4103,104861,5160376,0.48034146428108215
4104,104861,990385,0.4800415635108948
4105,104861,4966418,0.47895413637161255
4106,104861,6861714,0.4776063561439514
4107,104861,1443672,0.4763738811016083
4108,104861,8260035,0.47575435042381287
4109,104861,2310009,0.4755089282989502
4110,104861,7529229,0.47547411918640137
4111,104861,2098230,0.47498971223831177
4112,104861,5399654,0.4748934209346771
4113,104861,6539734,0.47438859939575195
4114,104861,7506029,0.47431519627571106
4115,104861,3009632,0.4737095832824707
4116,104861,8495099,0.47352316975593567
4117,104861,5652264,0.47219741344451904
4118,104861,7531470,0.4717102646827698
4119,104861,1163773,0.4716779887676239
4120,104861,6434922,0.47166702151298523
4121,104861,7185274,0.47094374895095825
4122,104861,1378173,0.47088027000427246
4123,104861,390813,0.47082948684692383
4124,104861,1675509,0.4707799255847931
4125,104861,146169,0.4707227647304535
4126,104861,4158141,0.47064316272735596
4127,104861,6653674,0.47043031454086304
4128,104861,100837,0.47023117542266846
4129,104861,390811,0.47012758255004883
4130,104861,7462393,0.46950405836105347
4131,104861,7199047,0.4693653881549835
4132,104861,3560542,0.46926361322402954
4133,104861,591664,0.469205379486084
4134,104861,7506026,0.4691818356513977
4135,104861,352749,0.4686432480812073
4136,104861,4732002,0.4686432480812073
4137,104861,1767224,0.46813732385635376
4138,104861,1720153,0.4681265950202942
4139,104861,1567102,0.4678162932395935
4140,104861,7531466,0.46756380796432495
4141,104861,4583547,0.4674046039581299
4142,104861,8056411,0.46717214584350586
4143,104861,4223386,0.46597397327423096
4144,104861,409268,0.46562930941581726
4145,104861,5652263,0.46555817127227783
4146,104861,6708906,0.4653693437576294
4147,104861,1448290,0.4652003347873688
4148,104861,7034375,0.4647640883922577
4149,104861,6653678,0.46471118927001953
4150,104861,7171534,0.46338826417922974
4151,104861,2807425,0.4632748067378998
4152,104861,12859,0.463165819644928
4153,104861,8137836,0.46274226903915405
4154,104861,4199743,0.4625452756881714
4155,104861,8259116,0.46250593662261963
4156,104861,2916628,0.4617707431316376
4157,104861,5503779,0.46171700954437256
4158,104861,3699586,0.4616861641407013
4159,104861,968662,0.46133869886398315
4160,104861,4421345,0.46093785762786865
4161,104861,390814,0.46078985929489136
4162,104861,2285415,0.4606396555900574
4163,104861,3797249,0.46025681495666504
4164,104861,629276,0.4600633978843689
4165,104861,1206036,0.4595983028411865
4166,104861,5340890,0.45948004722595215
4167,104861,6653676,0.45889386534690857
4168,104861,4774141,0.4586637020111084
4169,104861,5334114,0.4584513008594513
4170,104861,4917322,0.45708370208740234
4171,104861,1871956,0.4570099115371704
4172,104861,4477501,0.45689189434051514
4173,104861,1814640,0.45637640357017517
4174,104861,4950388,0.45548611879348755
4175,104861,5394110,0.455285906791687
4176,104861,1313687,0.45496445894241333
4177,104861,2611065,0.4545038342475891
4178,104861,1017092,0.45438122749328613
4179,104861,1494607,0.45389610528945923
4180,104861,5646943,0.4536508619785309
4181,104861,4323851,0.45360177755355835
4182,104861,5855229,0.4531855583190918
4183,104861,146172,0.4527713656425476
4184,104861,146176,0.45267313718795776
4185,104861,3334466,0.4525570273399353
4186,104861,5340891,0.4525161385536194
4187,104861,8233710,0.45251548290252686
4188,104861,4315436,0.45251429080963135
4189,104861,5855226,0.4517137110233307
4190,104861,5101716,0.45144397020339966
4191,104861,1977801,0.4512481093406677
4192,104861,5801826,0.45112913846969604
4193,104861,709063,0.45097482204437256
4194,104861,1318476,0.45053818821907043
4195,104861,6851724,0.4503554105758667
4196,104861,4158139,0.4500334560871124
4197,104861,5527171,0.4498923718929291
4198,104861,6467581,0.4498302936553955
4199,104861,6539733,0.44960710406303406
4200,104861,4453886,0.4492747187614441
4201,104861,8233709,0.448895663022995
4202,104861,6578286,0.4486127495765686
4203,104861,6241791,0.44832777976989746
4204,104861,6708903,0.4478945732116699
4205,104861,5578840,0.44788658618927
4206,104861,8647858,0.44677799940109253
4207,104861,8276566,0.44638463854789734
4208,104861,6633319,0.44638463854789734
4209,104861,5724747,0.4462568759918213
4210,104861,2107451,0.44618526101112366
4211,104861,5618434,0.4460703134536743
4212,104861,930951,0.44603294134140015
4213,104861,3560539,0.4455544948577881
4214,104861,335342,0.4455537497997284
4215,104861,5248343,0.44521814584732056
4216,104861,5652262,0.4450421631336212
4217,104861,4726634,0.4450315237045288
4218,104861,4220437,0.4450230598449707
4219,104861,1188307,0.4444516897201538
4220,104861,6851723,0.4440232515335083
4221,104861,2098229,0.44400060176849365
4222,104861,5903852,0.44386520981788635
4223,104861,2424083,0.4425753653049469
4224,104861,2488342,0.44194188714027405
4225,104861,1567107,0.44172176718711853
4226,104861,2792096,0.44163575768470764
4227,104861,2107452,0.4414392411708832
4228,104861,8748173,0.441376268863678
4229,104861,1277239,0.4413411319255829
4230,104861,4095802,0.44115614891052246
4231,104861,2738213,0.4410983622074127
4232,104861,5343111,0.440960168838501
4233,104861,1055594,0.44093337655067444
4234,104861,6124839,0.4401520788669586
4235,104861,335349,0.4400567412376404
4236,104861,4197096,0.43942975997924805
4237,104861,6899292,0.43928948044776917
4238,104861,7003071,0.43916261196136475
4239,104861,5438824,0.43906933069229126
4240,104861,1078033,0.438767671585083
4241,104861,5493774,0.438701868057251
4242,104861,6467583,0.43867945671081543
4243,104861,1168680,0.43862274289131165
4244,104861,8018109,0.4373321533203125
4245,104861,687916,0.4371548295021057
4246,104861,5588576,0.4368232488632202
4247,104861,4017854,0.43671759963035583
4248,104861,1424216,0.4366661608219147
4249,104861,5477128,0.4365813136100769
4250,104861,2622357,0.4365704357624054
4251,104861,6539735,0.4364737570285797
4252,104861,1737118,0.436347633600235
4253,104861,1814642,0.4360651671886444
4254,104861,5334119,0.43600934743881226
4255,104861,1365744,0.43587106466293335
4256,104861,6170512,0.43578726053237915
4257,104861,555758,0.435781329870224
4258,104861,1275721,0.43533509969711304
4259,104861,107634,0.43520063161849976
4260,104861,6200734,0.43520012497901917
4261,104861,4530673,0.4351044297218323
4262,104861,5588578,0.4349845051765442
4263,104861,4726635,0.4348981976509094
4264,104861,5602935,0.4347919821739197
4265,104861,2438636,0.4345778226852417
4266,104861,5394112,0.4342948794364929
4267,104861,5082848,0.43377208709716797
4268,104861,5048173,0.43370819091796875
4269,104861,6023996,0.4333784878253937
4270,104861,2497738,0.4331290125846863
4271,104861,4503093,0.43310031294822693
4272,104861,5778133,0.4330174922943115
4273,104861,740698,0.43294334411621094
4274,104861,5073457,0.4327906370162964
4275,104861,725374,0.43273815512657166
4276,104861,4230210,0.4324933588504791
4277,104861,6851728,0.43243351578712463
4278,104861,7760039,0.43238478899002075
4279,104861,766127,0.43233048915863037
4280,104861,3560546,0.4322083592414856
4281,104861,2374517,0.4321495294570923
4282,104861,6645592,0.43212395906448364
4283,104861,1168682,0.4320618510246277
4284,104861,2693760,0.4318948984146118
4285,104861,2078728,0.43178772926330566
4286,104861,968661,0.4314259886741638
4287,104861,1304632,0.43091511726379395
4288,104861,1055593,0.4308071732521057
4289,104861,715676,0.43062013387680054
4290,104861,6241793,0.4305758476257324
4291,104861,6172846,0.43032702803611755
4292,104861,3091366,0.43032702803611755
4293,104861,6893253,0.4301586151123047
4294,104861,5248347,0.4300224781036377
4295,104861,5670601,0.42952531576156616
4296,104861,6148445,0.42948484420776367
4297,104861,8141081,0.42931920289993286
4298,104861,5978669,0.4291887879371643
4299,104861,505006,0.4291675388813019
4300,104861,390809,0.42914772033691406
4301,104861,6150780,0.42907604575157166
4302,104861,1811410,0.42901039123535156
4303,104861,6241140,0.42891252040863037
4304,104861,7817237,0.4288744330406189
4305,104861,5091798,0.4283195734024048
4306,104861,6840972,0.42829692363739014
4307,104861,386267,0.4282948970794678
4308,104861,4843806,0.42827287316322327
4309,104861,3286351,0.4282131791114807
4310,104861,8647860,0.42819666862487793
4311,104861,390810,0.4281080961227417
4312,104861,262789,0.4279707968235016
4313,104861,376148,0.42756229639053345
4314,104861,1357958,0.4275507926940918
4315,104861,12857,0.42754489183425903
4316,104861,2394342,0.42754489183425903
4317,104861,6686388,0.42741113901138306
4318,104861,4593983,0.427351176738739
4319,104861,6674025,0.4273141622543335
4320,104861,6068433,0.42693954706192017
4321,104861,3339990,0.426726371049881
4322,104861,166623,0.42661094665527344
4323,104861,6418204,0.4266005754470825
4324,104861,5187635,0.4265700578689575
4325,104861,7040231,0.42656922340393066
4326,104861,6255498,0.426565945148468
4327,104861,1448292,0.42647257447242737
4328,104861,7266314,0.4264691174030304
4329,104861,846853,0.4264680743217468
4330,104861,7063255,0.42641931772232056
4331,104861,6442112,0.4262754023075104
4332,104861,4597150,0.4261658191680908
4333,104861,4305860,0.4261479377746582
4334,104861,4296225,0.4261288046836853
4335,104861,330051,0.42571818828582764
4336,104861,966920,0.4256294071674347
4337,104861,6187577,0.4253585636615753
4338,104861,1767229,0.4249730706214905
4339,104861,386262,0.42479050159454346
4340,104861,782516,0.42479050159454346
4341,104861,6899291,0.4246118664741516
4342,104861,6409603,0.42456430196762085
4343,104861,5033214,0.42436254024505615
4344,104861,929130,0.42397183179855347
4345,104861,5521172,0.4238883852958679
4346,104861,8349573,0.4237193167209625
4347,104861,7063254,0.4236711859703064
4348,104861,5914753,0.4234734773635864
4349,104861,6936416,0.4234734773635864
4350,104861,2377049,0.423098623752594
4351,104861,1657113,0.4229373633861542
4352,104861,5438821,0.4228820502758026
4353,104861,2377052,0.4228437542915344
4354,104861,6849769,0.42265352606773376
4355,104861,2934459,0.42239847779273987
4356,104861,6244761,0.4221421182155609
4357,104861,5619438,0.42206084728240967
4358,104861,1834567,0.4220404028892517
4359,104861,1055589,0.4219339191913605
4360,104861,8069832,0.4214998781681061
4361,104861,1400645,0.42146730422973633
4362,104861,6585559,0.4214111864566803
4363,104861,1676215,0.4213901162147522
4364,104861,3001486,0.42137572169303894
4365,104861,2377054,0.4211663007736206
4366,104861,5634657,0.42113006114959717
4367,104861,4530677,0.421090304851532
4368,104861,3361001,0.4208633303642273
4369,104861,5855230,0.42085888981819153
4370,104861,5614262,0.4208154082298279
4371,104861,5694972,0.42068469524383545
4372,104861,2827228,0.420660138130188
4373,104861,6643387,0.4206421673297882
4374,104861,459683,0.42060285806655884
4375,104861,6365866,0.420411616563797
4376,104861,1762581,0.42021673917770386
4377,104861,5696108,0.41995176672935486
4378,104861,6207083,0.41962093114852905
4379,104861,6491828,0.4195367097854614
4380,104861,1944365,0.41938140988349915
4381,104861,2784877,0.4192199409008026
4382,104861,33309,0.41913336515426636
4383,104861,5848357,0.41908466815948486
4384,104861,1684764,0.41884228587150574
4385,104861,4410459,0.4188285171985626
4386,104861,4017857,0.418702632188797
4387,104861,4583548,0.418556809425354
4388,104861,5342165,0.41850748658180237
4389,104861,5864692,0.4184693694114685
4390,104861,5438819,0.41833052039146423
4391,104861,4736633,0.41817688941955566
4392,104861,2469187,0.41791924834251404
4393,104861,6202525,0.41786855459213257
4394,104861,4632056,0.4178658127784729
4395,104861,283955,0.4177551567554474
4396,104861,3117234,0.41770434379577637
4397,104861,7634635,0.41768723726272583
4398,104861,4112378,0.417514830827713
4399,104861,6525316,0.41748446226119995
4400,104861,3471949,0.4171774387359619
4401,104861,3030628,0.4169754385948181
4402,104861,5521171,0.416625440120697
4403,104861,2071510,0.41649338603019714
4404,104861,6023997,0.4164905548095703
4405,104861,1067383,0.4162948727607727
4406,104861,3147386,0.4162810444831848
4407,104861,1814637,0.41619086265563965
4408,104861,505001,0.41591253876686096
4409,104861,4305666,0.41585657000541687
4410,104861,311405,0.41576486825942993
4411,104861,4480882,0.4157513976097107
4412,104861,6641255,0.41572368144989014
4413,104861,8264864,0.4156171977519989
4414,104861,4033788,0.4154258072376251
4415,104861,7056926,0.41530290246009827
4416,104861,4726633,0.4152173399925232
4417,104861,4966420,0.41516178846359253
4418,104861,5493778,0.4151325821876526
4419,104861,1186244,0.4150593876838684
4420,104861,5791309,0.4149067997932434
4421,104861,5405668,0.41487550735473633
4422,104861,2452118,0.41457247734069824
4423,104861,1055588,0.414484441280365
4424,104861,3334469,0.4143935739994049
4425,104861,3925934,0.4143475890159607
4426,104861,5813797,0.41431641578674316
4427,104861,649740,0.4139387309551239
4428,104861,968655,0.41389602422714233
4429,104861,3931332,0.41381698846817017
4430,104861,2875879,0.41380414366722107
4431,104861,2693761,0.4137573838233948
4432,104861,6525315,0.41372746229171753
4433,104861,5876302,0.4137265980243683
4434,104861,5512811,0.4136906862258911
4435,104861,502088,0.41365545988082886
4436,104861,363129,0.4136040210723877
4437,104861,754408,0.4136040210723877
4438,104861,5667475,0.4135262370109558
4439,104861,6617015,0.4134693145751953
4440,104861,5578839,0.4134428799152374
4441,104861,1552416,0.4134148061275482
4442,104861,3366629,0.4133908152580261
4443,104861,4597152,0.4132959842681885
4444,104861,2808349,0.41328930854797363
4445,104861,6187584,0.4132691025733948
4446,104861,5694971,0.41314777731895447
4447,104861,6159997,0.4131030738353729
4448,104861,1432204,0.412849098443985
4449,104861,1188308,0.4127945303916931
4450,104861,4726636,0.4127280116081238
4451,104861,7972525,0.4126151204109192
4452,104861,5101712,0.4126151204109192
4453,104861,5150438,0.41255348920822144
4454,104861,3106925,0.41246098279953003
4455,104861,7191403,0.4124143123626709
4456,104861,6641181,0.41240984201431274
4457,104861,4632052,0.41239020228385925
4458,104861,5247022,0.41205814480781555
4459,104861,6539731,0.4118098020553589
4460,104861,311822,0.4116894602775574
4461,104861,5535956,0.41157275438308716
4462,104861,7768167,0.4115188717842102
4463,104861,8138536,0.4112822711467743
4464,104861,7462391,0.41126763820648193
4465,104861,6425863,0.4106285870075226
4466,104861,5603641,0.4104478359222412
4467,104861,3339991,0.4103718101978302
4468,104861,1163776,0.41031330823898315
4469,104861,7204477,0.4102461338043213
4470,104861,5646948,0.4102102518081665
4471,104861,2883121,0.40999844670295715
4472,104861,6314761,0.4099445939064026
4473,104861,4230212,0.4096917510032654
4474,104861,2407271,0.40951085090637207
4475,104861,3462131,0.40929996967315674
4476,104861,2124946,0.4092250466346741
4477,104861,2755120,0.4091816842556
4478,104861,1241907,0.4089401960372925
4479,104861,552704,0.4089357852935791
4480,104861,5688742,0.40881460905075073
4481,104861,3748777,0.4087013900279999
4482,104861,236953,0.4086627662181854
4483,104861,2124950,0.4086177349090576
4484,104861,8469398,0.4083609879016876
4485,104861,3361506,0.4083120822906494
4486,104861,1067380,0.40812981128692627
4487,104861,5688421,0.4079433083534241
4488,104861,8528821,0.40791624784469604
4489,104861,1940017,0.40789538621902466
4490,104861,2107458,0.40788906812667847
4491,104861,1443674,0.40788137912750244
4492,104861,5662654,0.407787024974823
4493,104861,1067377,0.4077795445919037
4494,104861,1357960,0.4077196717262268
4495,104861,6156641,0.40770792961120605
4496,104861,538022,0.40760093927383423
4497,104861,589622,0.4075797200202942
4498,104861,107631,0.4070146977901459
4499,104861,8532453,0.4068932831287384
4500,104861,7506028,0.40682071447372437
4501,104861,6899293,0.40676379203796387
4502,104861,459682,0.4066441059112549
4503,104861,2078729,0.4066441059112549
4504,104861,6369892,0.4065828323364258
4505,104861,6023329,0.4064904749393463
4506,104861,2377057,0.4064871072769165
4507,104861,6458424,0.40647315979003906
4508,104861,8463230,0.4063038229942322
4509,104861,848202,0.4062632918357849
4510,104861,7490597,0.4062444269657135
4511,104861,1067381,0.4062138497829437
4512,104861,5138473,0.40609705448150635
4513,104861,4936227,0.4059496521949768
4514,104861,5861093,0.40570491552352905
4515,104861,5864695,0.4056352376937866
4516,104861,5398516,0.40560126304626465
4517,104861,5652265,0.40553322434425354
4518,104861,4408516,0.40547603368759155
4519,104861,968654,0.4054456949234009
4520,104861,2488338,0.40535104274749756
4521,104861,4230213,0.40531864762306213
4522,104861,504998,0.4053153395652771
4523,104861,6207082,0.40527239441871643
4524,104861,5603644,0.4052710235118866
4525,104861,6241141,0.40504777431488037
4526,104861,1834566,0.404837429523468
4527,104861,4806140,0.40461045503616333
4528,104861,5536931,0.4045966565608978
4529,104861,5477126,0.4043463170528412
4530,104861,7602745,0.40433305501937866
4531,104861,8112622,0.4043005108833313
4532,104861,1383694,0.4039499759674072
4533,104861,5406754,0.403776615858078
4534,104861,12865,0.40363824367523193
4535,104861,7185281,0.4035691022872925
4536,104861,5801823,0.4035458266735077
4537,104861,6187058,0.4035243093967438
4538,104861,6439081,0.4034493565559387
4539,104861,5618551,0.40341219305992126
4540,104861,5979445,0.4033774137496948
4541,104861,5530820,0.40329626202583313
4542,104861,6528350,0.40316420793533325
4543,104861,1767225,0.4031107425689697
4544,104861,3567536,0.4030991494655609
4545,104861,5641535,0.403064101934433
4546,104861,1383696,0.4030337929725647
4547,104861,2984549,0.40295782685279846
4548,104861,4684840,0.402871310710907
4549,104861,4011291,0.4028589129447937
4550,104861,4530675,0.40285298228263855
4551,104861,7200728,0.40284425020217896
4552,104861,2107453,0.4028005003929138
4553,104861,781284,0.40262261033058167
4554,104861,5248345,0.4026203155517578
4555,104861,8661936,0.40246012806892395
4556,104861,7339143,0.4023999869823456
4557,104861,1304174,0.40213683247566223
4558,104861,2596464,0.40205153822898865
4559,104861,1206033,0.40201741456985474
4560,104861,2107460,0.4019801914691925
4561,104861,5721800,0.4019717872142792
4562,104861,4033783,0.40191972255706787
4563,104861,3560545,0.4019123613834381
4564,104861,6182483,0.40184956789016724
4565,104861,4898132,0.4018350839614868
4566,104861,1058522,0.4018181562423706
4567,104861,339347,0.40179580450057983
4568,104861,3582227,0.4017925560474396
4569,104861,2791031,0.4017849862575531
4570,104861,1966071,0.40177640318870544
4571,104861,4552096,0.4017103910446167
4572,104861,6425870,0.4015275239944458
4573,104861,2438628,0.40147364139556885
4574,104861,6144623,0.4014672636985779
4575,104861,5855228,0.4014538824558258
4576,104861,7386496,0.4014475345611572
4577,104861,3748778,0.4014052152633667
4578,104861,2596463,0.40135034918785095
4579,104861,459678,0.40133607387542725
4580,104861,1750440,0.4012867212295532
4581,104861,7508181,0.4010368585586548
4582,104861,4884491,0.4010351002216339
4583,104861,379543,0.40093308687210083
4584,104861,1922608,0.40088769793510437
4585,104861,1695051,0.40082812309265137
4586,104861,6639492,0.40075957775115967
4587,104861,6674027,0.40057826042175293
4588,104861,3667869,0.4004657566547394
4589,104861,7506027,0.40032386779785156
4590,104861,8782722,0.4002230167388916
4591,104861,5590194,0.40013182163238525
4592,104861,1246715,0.4000488221645355
4593,104861,8323286,0.4000180959701538
4594,104861,379545,0.3999669849872589
4595,104861,8570024,0.39996659755706787
4596,104861,4230209,0.3999595046043396
4597,104861,339344,0.39986056089401245
4598,104861,3605328,0.39985939860343933
4599,104861,2600385,0.39981019496917725
4600,104861,6648028,0.39972615242004395
4601,104861,6051795,0.39970308542251587
4602,104861,3360995,0.39955681562423706
4603,104861,2454586,0.3995552062988281
4604,104861,5670597,0.3995439112186432
4605,104861,5612079,0.399426132440567
4606,104861,552708,0.39941155910491943
4607,104861,4326556,0.39937907457351685
4608,104861,5826973,0.3993176221847534
4609,104861,5616117,0.39930012822151184
4610,104861,878347,0.39921215176582336
4611,104861,2124953,0.39904630184173584
4612,104861,2807426,0.39903730154037476
4613,104861,6023998,0.3989882171154022
4614,104861,6453384,0.39897918701171875
4615,104861,1376907,0.39896339178085327
4616,104861,2611062,0.39885181188583374
4617,104861,7059414,0.3988513946533203
4618,104861,5688423,0.39878493547439575
4619,104861,5238289,0.3987791836261749
4620,104861,5852549,0.39871546626091003
4621,104861,8570022,0.39867067337036133
4622,104861,100846,0.39867067337036133
4623,104861,4072640,0.3985559046268463
4624,104861,1013464,0.39848583936691284
4625,104861,6511754,0.3984478712081909
4626,104861,4456986,0.3984275758266449
4627,104861,4974755,0.3984215259552002
4628,104861,813382,0.39841994643211365
4629,104861,2158194,0.3982928693294525
4630,104861,6103401,0.3982391059398651
4631,104861,6264229,0.3982197642326355
4632,104861,3933266,0.39820051193237305
4633,104861,7538076,0.39819249510765076
4634,104861,5837772,0.3981710970401764
4635,104861,6051800,0.3980376720428467
4636,104861,5696105,0.39792683720588684
4637,104861,1378174,0.3979141414165497
4638,104861,4819158,0.3978622555732727
4639,104861,6051798,0.3977646231651306
4640,104861,6051799,0.3976665735244751
4641,104861,1067384,0.3976250886917114
4642,104861,7034369,0.3975822329521179
4643,104861,6559710,0.3974044620990753
4644,104861,2578506,0.39722758531570435
4645,104861,7400227,0.3970347046852112
4646,104861,3179492,0.39697349071502686
4647,104861,1221015,0.39697349071502686
4648,104861,12858,0.3969559669494629
4649,104861,1277243,0.3969357907772064
4650,104861,5755686,0.39684104919433594
4651,104861,1046333,0.39672979712486267
4652,104861,588702,0.3967224657535553
4653,104861,649735,0.3965917229652405
4654,104861,106494,0.39657604694366455
4655,104861,1168681,0.3965727388858795
4656,104861,4819156,0.39655566215515137
4657,104861,7171526,0.396527498960495
4658,104861,2438629,0.3964630961418152
4659,104861,442978,0.39645886421203613
4660,104861,1675510,0.3963063657283783
4661,104861,3471948,0.3962365686893463
4662,104861,6150444,0.39623314142227173
4663,104861,789734,0.396228551864624
4664,104861,2792090,0.396228551864624
4665,104861,1453535,0.3961218595504761
4666,104861,987137,0.39611154794692993
4667,104861,6510658,0.3960208594799042
4668,104861,5755687,0.39597785472869873
4669,104861,5248339,0.39597582817077637
4670,104861,100840,0.395959734916687
4671,104861,4230211,0.39577943086624146
4672,104861,379546,0.3956596851348877
4673,104861,4042058,0.39565515518188477
4674,104861,5861017,0.3956094980239868
4675,104861,7080958,0.39558231830596924
4676,104861,1066011,0.3955594301223755
4677,104861,8357898,0.39550045132637024
4678,104861,7462392,0.3954881727695465
4679,104861,1201504,0.39544588327407837
4680,104861,5138475,0.3954421579837799
4681,104861,3560547,0.39533519744873047
4682,104861,5033212,0.395303338766098
4683,104861,5662138,0.39529287815093994
4684,104861,442975,0.3952410817146301
4685,104861,7836006,0.39521294832229614
4686,104861,749705,0.39516836404800415
4687,104861,6453379,0.39514195919036865
4688,104861,6545925,0.3951013684272766
4689,104861,105746,0.3950832784175873
4690,104861,462670,0.395035058259964
4691,104861,2958126,0.39502954483032227
4692,104861,5660664,0.39502236247062683
4693,104861,1424217,0.3949374556541443
4694,104861,6616231,0.39486777782440186
4695,104861,100092,0.39485251903533936
4696,104861,6077175,0.394844114780426
4697,104861,3925930,0.39484164118766785
4698,104861,1264905,0.39484164118766785
4699,104861,1241912,0.3947681188583374
4700,104861,1018081,0.3947412371635437
4701,104861,6585561,0.39452052116394043
4702,104861,6525140,0.39450469613075256
4703,104861,2875878,0.3944333493709564
4704,104861,4456991,0.3944013714790344
4705,104861,5602026,0.3943331837654114
4706,104861,8137288,0.39432385563850403
4707,104861,7836005,0.3943222463130951
4708,104861,5816627,0.3942798972129822
4709,104861,1948965,0.39427369832992554
4710,104861,5778052,0.39425790309906006
4711,104861,5850867,0.3942510187625885
4712,104861,1767226,0.3942282199859619
4713,104861,105738,0.3940984010696411
4714,104861,6546478,0.39400607347488403
4715,104861,5688424,0.39382779598236084
4716,104861,7378347,0.39373525977134705
4717,104861,2374525,0.3937126398086548
4718,104861,987136,0.3936886191368103
4719,104861,4751010,0.3936677873134613
4720,104861,7241996,0.3936479687690735
4721,104861,6182482,0.3936276435852051
4722,104861,2779222,0.3936155438423157
4723,104861,2107454,0.3934853672981262
4724,104861,5160525,0.3934350311756134
4725,104861,687914,0.3933402895927429
4726,104861,1442348,0.3933309316635132
4727,104861,7180489,0.39327436685562134
4728,104861,1400643,0.39325985312461853
4729,104861,5513854,0.39318349957466125
4730,104861,6924183,0.39318251609802246
4731,104861,7056924,0.3929139971733093
4732,104861,6150445,0.3928545117378235
4733,104861,6893251,0.39279451966285706
4734,104861,6539732,0.3927857577800751
4735,104861,4895142,0.39272165298461914
4736,104861,4480883,0.3926742970943451
4737,104861,1944363,0.3926204741001129
4738,104861,5603646,0.39251142740249634
4739,104861,184175,0.39237651228904724
4740,104861,366470,0.39233511686325073
4741,104861,1575458,0.39224034547805786
4742,104861,5852550,0.39224034547805786
4743,104861,5588577,0.39221423864364624
4744,104861,3175782,0.3921244740486145
4745,104861,2053993,0.3920828104019165
4746,104861,7581252,0.39191025495529175
4747,104861,6446875,0.39188462495803833
4748,104861,5590191,0.39179903268814087
4749,104861,4883068,0.39178013801574707
4750,104861,6880756,0.3917348384857178
4751,104861,786128,0.39164265990257263
4752,104861,5634655,0.39162880182266235
4753,104861,5804237,0.39161649346351624
4754,104861,1926463,0.3916094899177551
4755,104861,8237791,0.39157459139823914
4756,104861,7566715,0.3915492296218872
4757,104861,7316255,0.391507089138031
4758,104861,5612080,0.3914341926574707
4759,104861,878345,0.3912346363067627
4760,104861,1888975,0.3912240266799927
4761,104861,8018110,0.3911275565624237
4762,104861,629279,0.3910581171512604
4763,104861,6658615,0.39105790853500366
4764,104861,7486626,0.3909536600112915
4765,104861,2260753,0.3909204304218292
4766,104861,8314734,0.3908950686454773
4767,104861,5837771,0.3908700942993164
4768,104861,754409,0.39085012674331665
4769,104861,538021,0.39085012674331665
4770,104861,2709722,0.39083731174468994
4771,104861,3471756,0.39077460765838623
4772,104861,5634653,0.390769362449646
4773,104861,7999085,0.3907443881034851
4774,104861,6103035,0.3907337188720703
4775,104861,7553539,0.3907238841056824
4776,104861,5702268,0.3906702697277069
4777,104861,1575462,0.39065107703208923
4778,104861,3250722,0.39064204692840576
4779,104861,466039,0.3905693292617798
4780,104861,1404937,0.39055413007736206
4781,104861,5903856,0.39054593443870544
4782,104861,5248344,0.390544056892395
4783,104861,3873690,0.3905162215232849
4784,104861,2689350,0.39024221897125244
4785,104861,5209010,0.3902395963668823
4786,104861,6518057,0.3902304470539093
4787,104861,6461524,0.39021036028862
4788,104861,8095065,0.390167236328125
4789,104861,6103034,0.3901502788066864
4790,104861,6159998,0.3901323676109314
4791,104861,7059412,0.3901289999485016
4792,104861,842002,0.39011505246162415
4793,104861,1264909,0.3900332450866699
4794,104861,3073521,0.39001232385635376
4795,104861,8490798,0.3899659514427185
4796,104861,4597151,0.3899468183517456
4797,104861,1174157,0.38983938097953796
4798,104861,6332097,0.3897969722747803
4799,104861,3925931,0.3897360563278198
4800,104861,2294849,0.3897241950035095
4801,104861,1483745,0.3896333575248718
4802,104861,1599813,0.38961702585220337
4803,104861,366657,0.38961511850357056
4804,104861,1442345,0.38950222730636597
4805,104861,2738217,0.38942644000053406
4806,104861,1442346,0.38933324813842773
4807,104861,2286992,0.38924816250801086
4808,104861,6434925,0.3892441391944885
4809,104861,2922532,0.38922056555747986
4810,104861,30738,0.3891746997833252
4811,104861,8774515,0.38914602994918823
4812,104861,6518053,0.3890843689441681
4813,104861,6539740,0.3889960050582886
4814,104861,1524798,0.3889704942703247
4815,104861,1575459,0.38897019624710083
4816,104861,3366630,0.38897019624710083
4817,104861,5484764,0.38896486163139343
4818,104861,8301549,0.38884204626083374
4819,104861,7309133,0.3888366222381592
4820,104861,2053994,0.38881251215934753
4821,104861,6643154,0.38861751556396484
4822,104861,6463255,0.38850992918014526
4823,104861,94790,0.38844263553619385
4824,104861,1114536,0.3883934020996094
4825,104861,587530,0.3882441520690918
4826,104861,5590192,0.3881914019584656
4827,104861,1453537,0.3881409466266632
4828,104861,7062191,0.38811278343200684
4829,104861,5602029,0.3881016671657562
4830,104861,6426100,0.3879906237125397
4831,104861,2916898,0.3878825306892395
4832,104861,4751008,0.387853741645813
4833,104861,6056676,0.38776904344558716
4834,104861,4112000,0.38772016763687134
4835,104861,3915983,0.38761574029922485
4836,104861,3320609,0.3875330984592438
4837,104861,352913,0.38745880126953125
4838,104861,8069831,0.3874072730541229
4839,104861,2488340,0.3873828947544098
4840,104861,348705,0.38734275102615356
4841,104861,5591346,0.3872423470020294
4842,104861,466044,0.3872252106666565
4843,104861,8661937,0.3872239589691162
4844,104861,5850868,0.38714611530303955
4845,104861,2461704,0.38708066940307617
4846,104861,1186243,0.38705456256866455
4847,104861,146175,0.38693225383758545
4848,104861,6531240,0.38681018352508545
4849,104861,7634636,0.38677072525024414
4850,104861,5870350,0.3867492079734802
4851,104861,5569754,0.3866772949695587
4852,104861,8033312,0.38649964332580566
4853,104861,2429729,0.38648721575737
4854,104861,2044955,0.38648325204849243
4855,104861,386270,0.3863446116447449
4856,104861,100842,0.3863259553909302
4857,104861,7942069,0.38627201318740845
4858,104861,7836008,0.38626229763031006
4859,104861,552702,0.3861382305622101
4860,104861,2294413,0.3861008286476135
4861,104861,3023983,0.38609498739242554
4862,104861,3540887,0.386066734790802
4863,104861,1019135,0.3860488533973694
4864,104861,1394049,0.38603878021240234
4865,104861,6967495,0.38599225878715515
4866,104861,4111999,0.3859717845916748
4867,104861,5004758,0.38594675064086914
4868,104861,8362428,0.3859434127807617
4869,104861,1809995,0.38591963052749634
4870,104861,2376043,0.38586556911468506
4871,104861,5312770,0.3858264684677124
4872,104861,6936418,0.38578635454177856
4873,104861,3554528,0.38544797897338867
4874,104861,6208219,0.3853813707828522
4875,104861,4963133,0.38527554273605347
4876,104861,1203367,0.3852365016937256
4877,104861,555761,0.3851773738861084
4878,104861,5160526,0.38510391116142273
4879,104861,2139790,0.3850964605808258
4880,104861,5610972,0.38499999046325684
4881,104861,7850752,0.3848760724067688
4882,104861,5670598,0.3848412036895752
4883,104861,1888974,0.3847843408584595
4884,104861,8069829,0.38469648361206055
4885,104861,6893255,0.38469022512435913
4886,104861,6187057,0.3846205472946167
4887,104861,6467584,0.3845371603965759
4888,104861,4784551,0.38446295261383057
4889,104861,2790929,0.3844212293624878
4890,104861,5778135,0.3842352628707886
4891,104861,630002,0.38412317633628845
4892,104861,3956271,0.3840982913970947
4893,104861,1432201,0.3840595483779907
4894,104861,2560678,0.3840595483779907
4895,104861,6332101,0.38405466079711914
4896,104861,4230208,0.3839861750602722
4897,104861,5566596,0.38386625051498413
4898,104861,3459072,0.38379037380218506
4899,104861,2611063,0.3837600648403168
4900,104861,4751009,0.3837311863899231
4901,104861,1404936,0.3837307095527649
4902,104861,964902,0.3836532235145569
4903,104861,146178,0.38362735509872437
4904,104861,672931,0.3835970163345337
4905,104861,2704622,0.3835461437702179
4906,104861,6295501,0.38352811336517334
4907,104861,5850865,0.38352057337760925
4908,104861,1419864,0.38348478078842163
4909,104861,1019129,0.3834717869758606
4910,104861,989381,0.3834449052810669
4911,104861,6051681,0.38343551754951477
4912,104861,6576624,0.38342157006263733
4913,104861,687918,0.3833966851234436
4914,104861,283953,0.3833966851234436
4915,104861,3364468,0.3832910656929016
4916,104861,588707,0.3832347095012665
4917,104861,4418159,0.38322222232818604
4918,104861,444572,0.38317665457725525
4919,104861,5610974,0.3830416202545166
4920,104861,4936223,0.3830055594444275
4921,104861,6809859,0.38300246000289917
4922,104861,5742001,0.3830021023750305
4923,104861,105745,0.3829669952392578
4924,104861,800454,0.38295653462409973
4925,104861,2603241,0.3828818202018738
4926,104861,5588574,0.382668673992157
4927,104861,1500755,0.38260191679000854
4928,104861,5566599,0.38253602385520935
4929,104861,4421343,0.3823726177215576
4930,104861,740696,0.3823590874671936
4931,104861,8033311,0.38228753209114075
4932,104861,5804235,0.38228219747543335
4933,104861,1244989,0.38220831751823425
4934,104861,6254247,0.3821600675582886
4935,104861,2908924,0.38201722502708435
4936,104861,6405650,0.3819993734359741
4937,104861,6295502,0.381969153881073
4938,104861,538023,0.3819662928581238
4939,104861,2916631,0.381854385137558
4940,104861,5633685,0.3818402886390686
4941,104861,6208220,0.38175997138023376
4942,104861,2117034,0.38175997138023376
4943,104861,5852552,0.38175487518310547
4944,104861,5530066,0.3816830515861511
4945,104861,1029019,0.3816540241241455
4946,104861,2908923,0.38158538937568665
4947,104861,1017089,0.3815518617630005
4948,104861,2278231,0.3814069926738739
4949,104861,7648560,0.3813709616661072
4950,104861,5870345,0.3813389241695404
4951,104861,332801,0.3811202049255371
4952,104861,4305664,0.3810245990753174
4953,104861,6023992,0.3809962868690491
4954,104861,4734128,0.38092362880706787
4955,104861,5967290,0.3808670938014984
4956,104861,748682,0.380809485912323
4957,104861,6606433,0.3808004856109619
4958,104861,1892667,0.3807937502861023
4959,104861,178122,0.3806607723236084
4960,104861,6531238,0.38062620162963867
4961,104861,5742002,0.38058343529701233
4962,104861,6899294,0.3805495500564575
4963,104861,1494509,0.3804784417152405
4964,104861,8750668,0.3804561495780945
4965,104861,176260,0.3804461359977722
4966,104861,4917323,0.38042160868644714
4967,104861,5860006,0.3803924322128296
4968,104861,7799869,0.38030171394348145
4969,104861,3565142,0.38030171394348145
4970,104861,4017858,0.3802853226661682
4971,104861,8237500,0.3802526891231537
4972,104861,1806684,0.38024237751960754
4973,104861,8408351,0.38023778796195984
4974,104861,5568657,0.3801525831222534
4975,104861,635072,0.3801417946815491
4976,104861,5899890,0.3801399767398834
4977,104861,5512656,0.380097895860672
4978,104861,687917,0.3800842761993408
4979,104861,4033780,0.3800842761993408
4980,104861,5736025,0.3800659477710724
4981,104861,454825,0.37993311882019043
4982,104861,6606432,0.37988486886024475
4983,104861,929125,0.37975025177001953
4984,104861,937825,0.3797439932823181
4985,104861,6612668,0.3796737790107727
4986,104861,2488341,0.37963077425956726
4987,104861,3117236,0.37955135107040405
4988,104861,7383824,0.37955135107040405
4989,104861,7553538,0.37954986095428467
4990,104861,7847604,0.3795207142829895
4991,104861,8019686,0.3795044720172882
4992,104861,5813799,0.3794345259666443
4993,104861,7581254,0.37942564487457275
4994,104861,6438806,0.3794049024581909
4995,104861,6468487,0.37934592366218567
4996,104861,5363530,0.37934306263923645
4997,104861,6901800,0.37931329011917114
4998,104861,1264904,0.3793080449104309
4999,104861,1811413,0.3792574107646942
5000,130510,8612910,0.8511649370193481
5001,130510,1494936,0.8415981531143188
5002,130510,8612909,0.8359456062316895
5003,130510,8612903,0.8134920001029968
5004,130510,799647,0.8013701438903809
5005,130510,8612905,0.7176669239997864
5006,130510,8612906,0.7161746621131897
5007,130510,1494935,0.6790142059326172
5008,130510,8612904,0.6750295758247375
5009,130510,4528809,0.6544272899627686
5010,130510,8612902,0.650006115436554
5011,130510,1494938,0.6258686780929565
5012,130510,1494939,0.6096150279045105
5013,130510,4528807,0.6085359454154968
5014,130510,3913774,0.6071884632110596
5015,130510,7501557,0.5977420806884766
5016,130510,4528813,0.5910810232162476
5017,130510,4528806,0.5884878635406494
5018,130510,7501563,0.5856468677520752
5019,130510,1494930,0.5850707292556763
5020,130510,783664,0.5797192454338074
5021,130510,5930012,0.5695438981056213
5022,130510,7501558,0.5624164342880249
5023,130510,417583,0.5621578693389893
5024,130510,4528808,0.5605348944664001
5025,130510,5930013,0.5547603964805603
5026,130510,783662,0.5545843839645386
5027,130510,996732,0.5405316352844238
5028,130510,7125239,0.5396134257316589
5029,130510,1799013,0.5315892696380615
5030,130510,2982053,0.5311993956565857
5031,130510,5685708,0.5280388593673706
5032,130510,1494931,0.5263935923576355
5033,130510,5685707,0.5234534740447998
5034,130510,1972336,0.5213687419891357
5035,130510,2205994,0.5171347856521606
5036,130510,6229732,0.5169278383255005
5037,130510,2490150,0.5148175358772278
5038,130510,6881818,0.51227205991745
5039,130510,815703,0.5120968818664551
5040,130510,3913778,0.5120422840118408
5041,130510,1972340,0.510689377784729
5042,130510,6229733,0.5105906128883362
5043,130510,6183638,0.5104743838310242
5044,130510,5685706,0.5078794956207275
5045,130510,3922567,0.5065476298332214
5046,130510,996740,0.5060422420501709
5047,130510,5930010,0.5027099847793579
5048,130510,7203252,0.49491238594055176
5049,130510,5685705,0.48861855268478394
5050,130510,2689146,0.4882389307022095
5051,130510,815709,0.48725104331970215
5052,130510,1972339,0.484739750623703
5053,130510,956561,0.4845818877220154
5054,130510,86830,0.48392173647880554
5055,130510,1494933,0.481314480304718
5056,130510,3525026,0.47966301441192627
5057,130510,2205995,0.47906750440597534
5058,130510,6575500,0.475231409072876
5059,130510,3995677,0.47481152415275574
5060,130510,1972341,0.47473132610321045
5061,130510,1244233,0.4743417203426361
5062,130510,3913776,0.47396352887153625
5063,130510,203721,0.47395336627960205
5064,130510,6596298,0.47394052147865295
5065,130510,2205988,0.4727001488208771
5066,130510,2113834,0.4722886085510254
5067,130510,6596300,0.47163861989974976
5068,130510,1972343,0.47056326270103455
5069,130510,3910460,0.46912747621536255
5070,130510,799005,0.46905285120010376
5071,130510,6486232,0.4682791829109192
5072,130510,6685197,0.464916855096817
5073,130510,6172271,0.46418389678001404
5074,130510,1456088,0.4634750485420227
5075,130510,2407055,0.4625642001628876
5076,130510,783665,0.46189379692077637
5077,130510,5930015,0.46113157272338867
5078,130510,6815300,0.4608091115951538
5079,130510,2490154,0.46007776260375977
5080,130510,1881833,0.4595615863800049
5081,130510,5685704,0.459389328956604
5082,130510,4528811,0.4590221345424652
5083,130510,611205,0.45875704288482666
5084,130510,6055693,0.45862478017807007
5085,130510,1881837,0.45828598737716675
5086,130510,1456091,0.4564913511276245
5087,130510,6677359,0.45511841773986816
5088,130510,166463,0.45348119735717773
5089,130510,1574054,0.45304298400878906
5090,130510,6797524,0.4529557228088379
5091,130510,8150621,0.45208996534347534
5092,130510,1262133,0.45188188552856445
5093,130510,8354778,0.45159396529197693
5094,130510,8083814,0.45154869556427
5095,130510,3783874,0.4512878656387329
5096,130510,5984058,0.4506540298461914
5097,130510,2862522,0.4505787193775177
5098,130510,5363868,0.44952473044395447
5099,130510,799002,0.44654542207717896
5100,130510,783660,0.44650551676750183
5101,130510,3783876,0.4459144175052643
5102,130510,7136335,0.44585514068603516
5103,130510,381167,0.4453393220901489
5104,130510,8825080,0.44347602128982544
5105,130510,7712726,0.4434472918510437
5106,130510,510782,0.4432564079761505
5107,130510,6522880,0.4429031312465668
5108,130510,8354777,0.442393034696579
5109,130510,5930018,0.4423310458660126
5110,130510,2205991,0.4418882131576538
5111,130510,5062866,0.44182726740837097
5112,130510,3783871,0.4416239857673645
5113,130510,7997887,0.4396176338195801
5114,130510,5914270,0.43899524211883545
5115,130510,5930014,0.4389060139656067
5116,130510,8105564,0.4384966492652893
5117,130510,8617107,0.43797507882118225
5118,130510,1672906,0.4376452565193176
5119,130510,5963495,0.43620508909225464
5120,130510,8105566,0.43591445684432983
5121,130510,783659,0.43582484126091003
5122,130510,4315927,0.43555042147636414
5123,130510,2839082,0.435458242893219
5124,130510,906388,0.43434956669807434
5125,130510,5501076,0.43345019221305847
5126,130510,6172270,0.4332538843154907
5127,130510,5821227,0.43201619386672974
5128,130510,5501987,0.43169909715652466
5129,130510,6658830,0.4302515387535095
5130,130510,3913779,0.42915070056915283
5131,130510,1972337,0.4290953576564789
5132,130510,3931683,0.4280320703983307
5133,130510,7335818,0.42742395401000977
5134,130510,8617103,0.42715519666671753
5135,130510,2409856,0.427055299282074
5136,130510,381161,0.4270421266555786
5137,130510,2407058,0.4270002841949463
5138,130510,5363865,0.4269111156463623
5139,130510,1182848,0.4265022873878479
5140,130510,3415913,0.42572879791259766
5141,130510,987054,0.4246370196342468
5142,130510,3783875,0.42438387870788574
5143,130510,5791688,0.4237889051437378
5144,130510,6172269,0.4235508441925049
5145,130510,5501989,0.42328059673309326
5146,130510,2069057,0.4212045967578888
5147,130510,2921645,0.4203917384147644
5148,130510,2961567,0.4203152060508728
5149,130510,2735465,0.41993248462677
5150,130510,987055,0.41959047317504883
5151,130510,8761207,0.41958293318748474
5152,130510,783656,0.41949397325515747
5153,130510,3216611,0.41908663511276245
5154,130510,4528804,0.41899365186691284
5155,130510,2862515,0.4188618063926697
5156,130510,505152,0.41879570484161377
5157,130510,6748405,0.4174550771713257
5158,130510,5791684,0.41732949018478394
5159,130510,1880215,0.4172466993331909
5160,130510,1972338,0.41686582565307617
5161,130510,700866,0.41640639305114746
5162,130510,3426500,0.41587167978286743
5163,130510,8105560,0.41578835248947144
5164,130510,4804307,0.41542482376098633
5165,130510,5930011,0.41534891724586487
5166,130510,2056785,0.4152195453643799
5167,130510,6119008,0.4151507616043091
5168,130510,7471207,0.4150715470314026
5169,130510,6427161,0.4136791527271271
5170,130510,8354776,0.4136592149734497
5171,130510,783657,0.41323012113571167
5172,130510,8196795,0.412553071975708
5173,130510,3783880,0.41207370162010193
5174,130510,8096483,0.4114786684513092
5175,130510,4246981,0.4109174907207489
5176,130510,435579,0.4104798138141632
5177,130510,4873124,0.4104251563549042
5178,130510,1203031,0.4104119837284088
5179,130510,7712727,0.4102746844291687
5180,130510,4528805,0.4100237488746643
5181,130510,8068890,0.4100055694580078
5182,130510,5766121,0.4099639654159546
5183,130510,3272729,0.40960627794265747
5184,130510,768250,0.4095335900783539
5185,130510,8096481,0.4093695282936096
5186,130510,221450,0.4093191623687744
5187,130510,6881820,0.40843772888183594
5188,130510,2490146,0.4081760048866272
5189,130510,7779655,0.40784406661987305
5190,130510,8596088,0.40777701139450073
5191,130510,987053,0.4076688289642334
5192,130510,472502,0.4074249267578125
5193,130510,1014636,0.4073997139930725
5194,130510,804698,0.40710654854774475
5195,130510,4189500,0.4068966805934906
5196,130510,2346969,0.40664052963256836
5197,130510,7309437,0.4065987467765808
5198,130510,8180117,0.40643030405044556
5199,130510,1262132,0.4064205288887024
5200,130510,4957232,0.40631890296936035
5201,130510,987056,0.4061878025531769
5202,130510,1262134,0.4054988920688629
5203,130510,886930,0.40473586320877075
5204,130510,5684196,0.4044393301010132
5205,130510,4393919,0.4041924476623535
5206,130510,4841628,0.40414944291114807
5207,130510,2655895,0.4040280282497406
5208,130510,2415483,0.4038216769695282
5209,130510,3783877,0.4037315249443054
5210,130510,3913775,0.40351802110671997
5211,130510,1494932,0.40342050790786743
5212,130510,7975566,0.40328681468963623
5213,130510,4758544,0.40327849984169006
5214,130510,203715,0.40311866998672485
5215,130510,8593816,0.40293338894844055
5216,130510,5415280,0.40263035893440247
5217,130510,6677365,0.4026162922382355
5218,130510,5791680,0.40242326259613037
5219,130510,6172276,0.40225866436958313
5220,130510,3922560,0.4021162986755371
5221,130510,2672215,0.401974081993103
5222,130510,2839077,0.4018622636795044
5223,130510,5378765,0.40174469351768494
5224,130510,4820892,0.40162399411201477
5225,130510,4464985,0.40135329961776733
5226,130510,2839080,0.40133243799209595
5227,130510,6033977,0.4011440873146057
5228,130510,5736992,0.40104177594184875
5229,130510,3944664,0.4008917808532715
5230,130510,7092536,0.40088951587677
5231,130510,8105561,0.400784969329834
5232,130510,427514,0.4003763794898987
5233,130510,6604050,0.39913952350616455
5234,130510,2205993,0.399095743894577
5235,130510,6706910,0.3989815413951874
5236,130510,1617455,0.39888304471969604
5237,130510,7410597,0.39870792627334595
5238,130510,783661,0.39832940697669983
5239,130510,1456084,0.3981679081916809
5240,130510,6219557,0.39796391129493713
5241,130510,8748618,0.39791619777679443
5242,130510,566519,0.3979109525680542
5243,130510,7779650,0.39739179611206055
5244,130510,3752291,0.3972738981246948
5245,130510,166459,0.3972146213054657
5246,130510,8247404,0.396862268447876
5247,130510,221449,0.39666464924812317
5248,130510,510786,0.3964292109012604
5249,130510,3426496,0.39641886949539185
5250,130510,7403288,0.3960222601890564
5251,130510,6609605,0.39564675092697144
5252,130510,1804608,0.39547085762023926
5253,130510,221446,0.395219087600708
5254,130510,4769993,0.39489221572875977
5255,130510,1656723,0.39486807584762573
5256,130510,3360699,0.39466583728790283
5257,130510,1185374,0.3946612775325775
5258,130510,221448,0.3946532905101776
5259,130510,7476123,0.3944936692714691
5260,130510,1963510,0.39402836561203003
5261,130510,3102575,0.39370739459991455
5262,130510,5548603,0.39356547594070435
5263,130510,1075438,0.3935304284095764
5264,130510,1198464,0.39338943362236023
5265,130510,3257847,0.3929145336151123
5266,130510,3902198,0.39272093772888184
5267,130510,283248,0.39251720905303955
5268,130510,4393920,0.3924863934516907
5269,130510,221451,0.39227181673049927
5270,130510,4931851,0.3921937346458435
5271,130510,221455,0.3921314477920532
5272,130510,1991556,0.39198246598243713
5273,130510,3185954,0.3919571340084076
5274,130510,1642209,0.3917159140110016
5275,130510,1642207,0.3912070691585541
5276,130510,5415282,0.3911813497543335
5277,130510,8111280,0.3911636471748352
5278,130510,2626284,0.3911210894584656
5279,130510,5587037,0.390956312417984
5280,130510,472501,0.39083966612815857
5281,130510,8751254,0.3907768130302429
5282,130510,7569030,0.39066916704177856
5283,130510,7125241,0.3905984163284302
5284,130510,1704544,0.39053887128829956
5285,130510,6423193,0.39034169912338257
5286,130510,2407059,0.3903002142906189
5287,130510,1110766,0.39027315378189087
5288,130510,3231020,0.3896562457084656
5289,130510,2088655,0.3894520401954651
5290,130510,6311874,0.3890855312347412
5291,130510,2490145,0.3889872431755066
5292,130510,503933,0.3889382481575012
5293,130510,459175,0.3883952498435974
5294,130510,474938,0.38783589005470276
5295,130510,6893115,0.3877534866333008
5296,130510,1548002,0.38765430450439453
5297,130510,203717,0.3875342905521393
5298,130510,797470,0.38752347230911255
5299,130510,8095947,0.3874478340148926
5300,130510,8096482,0.3872954845428467
5301,130510,5685711,0.3871016502380371
5302,130510,6780520,0.3870553970336914
5303,130510,8554795,0.38705167174339294
5304,130510,1067724,0.3870057761669159
5305,130510,2881563,0.3868567943572998
5306,130510,1704548,0.3864254355430603
5307,130510,1881840,0.3864203095436096
5308,130510,1244234,0.3863595128059387
5309,130510,1880218,0.38618016242980957
5310,130510,2132627,0.3859059810638428
5311,130510,6706911,0.3858445882797241
5312,130510,2205989,0.3857230246067047
5313,130510,783663,0.38568010926246643
5314,130510,3709341,0.3856688141822815
5315,130510,1639233,0.38540130853652954
5316,130510,3709345,0.38490575551986694
5317,130510,203714,0.3847959041595459
5318,130510,529756,0.3845116198062897
5319,130510,7348729,0.3844636082649231
5320,130510,6487384,0.38443177938461304
5321,130510,4528812,0.3842257857322693
5322,130510,7603931,0.3840942978858948
5323,130510,6311870,0.3840593695640564
5324,130510,166461,0.38404518365859985
5325,130510,1437167,0.38403648138046265
5326,130510,4089774,0.38390982151031494
5327,130510,1049786,0.38385048508644104
5328,130510,5401583,0.3836473822593689
5329,130510,1797243,0.38351312279701233
5330,130510,2425497,0.38337647914886475
5331,130510,1829384,0.38324105739593506
5332,130510,1997911,0.3831440508365631
5333,130510,4979634,0.38286253809928894
5334,130510,417589,0.3827897608280182
5335,130510,8029019,0.38273921608924866
5336,130510,905737,0.3826172649860382
5337,130510,6780515,0.3826030194759369
5338,130510,1957689,0.38258683681488037
5339,130510,5919571,0.3824244439601898
5340,130510,7471954,0.38242390751838684
5341,130510,129073,0.3824138045310974
5342,130510,8557397,0.38240331411361694
5343,130510,799001,0.3820337653160095
5344,130510,6832801,0.3819058835506439
5345,130510,7476124,0.3817785978317261
5346,130510,8335526,0.3816869854927063
5347,130510,1014637,0.38147538900375366
5348,130510,7128015,0.38146668672561646
5349,130510,3257845,0.3814258575439453
5350,130510,4439094,0.3810997009277344
5351,130510,862996,0.38109782338142395
5352,130510,2261137,0.380825400352478
5353,130510,1211216,0.38074934482574463
5354,130510,768251,0.38074618577957153
5355,130510,8096478,0.3807039260864258
5356,130510,7705705,0.3806348741054535
5357,130510,3670211,0.3806341886520386
5358,130510,6890115,0.3803812265396118
5359,130510,1647722,0.3802820146083832
5360,130510,7442004,0.38016027212142944
5361,130510,1855768,0.3801006078720093
5362,130510,7127694,0.3800421357154846
5363,130510,1244227,0.3799290060997009
5364,130510,581049,0.3798554539680481
5365,130510,7442008,0.379808247089386
5366,130510,5685252,0.3797231912612915
5367,130510,699414,0.3794940114021301
5368,130510,6754177,0.37948212027549744
5369,130510,6943042,0.37940338253974915
5370,130510,7442013,0.3793196678161621
5371,130510,6654982,0.37922120094299316
5372,130510,1881838,0.37916040420532227
5373,130510,4028984,0.3791229724884033
5374,130510,10324,0.379084974527359
5375,130510,5684204,0.3790658116340637
5376,130510,7129388,0.3790571093559265
5377,130510,2589323,0.3789990544319153
5378,130510,5685710,0.3783535361289978
5379,130510,484471,0.37829476594924927
5380,130510,5506715,0.3782612085342407
5381,130510,8180119,0.3781874179840088
5382,130510,3913770,0.3780992031097412
5383,130510,6941948,0.37805938720703125
5384,130510,4528810,0.3779484033584595
5385,130510,8001072,0.37783190608024597
5386,130510,8213952,0.3777467608451843
5387,130510,584732,0.37770405411720276
5388,130510,987058,0.377602756023407
5389,130510,8398024,0.37758713960647583
5390,130510,3019513,0.37731659412384033
5391,130510,566520,0.37727972865104675
5392,130510,3185953,0.37726426124572754
5393,130510,7318179,0.37723076343536377
5394,130510,86827,0.37722668051719666
5395,130510,799004,0.37722668051719666
5396,130510,1193197,0.377158522605896
5397,130510,5685254,0.37708771228790283
5398,130510,8297037,0.37695807218551636
5399,130510,8545281,0.37694743275642395
5400,130510,6800547,0.37657856941223145
5401,130510,6641843,0.37645429372787476
5402,130510,8153544,0.3763440251350403
5403,130510,6542824,0.3760117292404175
5404,130510,5845001,0.3759511113166809
5405,130510,10316,0.37576061487197876
5406,130510,101208,0.3755435049533844
5407,130510,749005,0.3755413889884949
5408,130510,1456089,0.3754919469356537
5409,130510,5736747,0.37549135088920593
5410,130510,5303442,0.37539881467819214
5411,130510,101209,0.3750999867916107
5412,130510,1244228,0.3750830888748169
5413,130510,783658,0.37498295307159424
5414,130510,1156510,0.3748737871646881
5415,130510,5622535,0.37478670477867126
5416,130510,8287345,0.3747407793998718
5417,130510,6006789,0.37462323904037476
5418,130510,8514425,0.3746227025985718
5419,130510,6311868,0.37433305382728577
5420,130510,4597260,0.37431782484054565
5421,130510,435578,0.37427249550819397
5422,130510,8018581,0.3742499351501465
5423,130510,5132637,0.37418872117996216
5424,130510,1063368,0.37404024600982666
5425,130510,5990465,0.3739887773990631
5426,130510,3307722,0.3738793432712555
5427,130510,2407063,0.37380388379096985
5428,130510,7143469,0.3736644387245178
5429,130510,8433199,0.3736642599105835
5430,130510,6706917,0.3736523985862732
5431,130510,5106522,0.3733407258987427
5432,130510,3931679,0.37302684783935547
5433,130510,7686200,0.3729480504989624
5434,130510,47111,0.37293779850006104
5435,130510,7137086,0.3725946843624115
5436,130510,8512114,0.3725822865962982
5437,130510,8330077,0.37234723567962646
5438,130510,200827,0.37231358885765076
5439,130510,6957984,0.3721819519996643
5440,130510,4089767,0.3721786141395569
5441,130510,8096486,0.37198251485824585
5442,130510,5105639,0.3719770014286041
5443,130510,8096484,0.3718392252922058
5444,130510,4455799,0.37164506316185
5445,130510,7717233,0.37157419323921204
5446,130510,1288887,0.3715548515319824
5447,130510,8298653,0.37150925397872925
5448,130510,1095187,0.37150269746780396
5449,130510,6006786,0.3715004622936249
5450,130510,6742487,0.37146270275115967
5451,130510,8554798,0.3714423179626465
5452,130510,137288,0.3714306950569153
5453,130510,1118007,0.3714255690574646
5454,130510,47106,0.3714045286178589
5455,130510,7722083,0.3713657855987549
5456,130510,2386766,0.3710261583328247
5457,130510,4667658,0.37056541442871094
5458,130510,7780071,0.3705238699913025
5459,130510,6035035,0.37042951583862305
5460,130510,876666,0.3702259659767151
5461,130510,5723763,0.3701901435852051
5462,130510,114392,0.37006109952926636
5463,130510,8512120,0.3699325621128082
5464,130510,6609606,0.36978498101234436
5465,130510,3582794,0.36972329020500183
5466,130510,6374816,0.3697126507759094
5467,130510,5415283,0.36969876289367676
5468,130510,5684197,0.36967015266418457
5469,130510,8001439,0.36950474977493286
5470,130510,7211893,0.36949512362480164
5471,130510,8335524,0.3692651391029358
5472,130510,2113734,0.36924654245376587
5473,130510,5501983,0.3692367672920227
5474,130510,4089773,0.36910662055015564
5475,130510,8542706,0.3690829873085022
5476,130510,5401584,0.36906498670578003
5477,130510,7409141,0.36898037791252136
5478,130510,7136329,0.36888861656188965
5479,130510,5319106,0.36881470680236816
5480,130510,3070495,0.3687666654586792
5481,130510,435588,0.36873072385787964
5482,130510,4847444,0.36867621541023254
5483,130510,474939,0.3686194121837616
5484,130510,2089972,0.3684009909629822
5485,130510,6973552,0.3683127760887146
5486,130510,5845007,0.36822524666786194
5487,130510,6780516,0.36814719438552856
5488,130510,4085167,0.3680002987384796
5489,130510,2113836,0.36798715591430664
5490,130510,6703266,0.3678467869758606
5491,130510,1972345,0.36783599853515625
5492,130510,3507500,0.3677942752838135
5493,130510,114389,0.3677884042263031
5494,130510,2079220,0.36776304244995117
5495,130510,3860217,0.3676202595233917
5496,130510,3931677,0.3674929738044739
5497,130510,26267,0.36738553643226624
5498,130510,4614417,0.3673831820487976
5499,130510,308698,0.36718180775642395
5500,130510,381102,0.3671569228172302
5501,130510,6943040,0.36708879470825195
5502,130510,915307,0.36701634526252747
5503,130510,3558722,0.36693209409713745
5504,130510,417581,0.36686640977859497
5505,130510,4769989,0.3667766749858856
5506,130510,608400,0.3667490482330322
5507,130510,1738718,0.3665810823440552
5508,130510,2419784,0.36651667952537537
5509,130510,8596087,0.3664739727973938
5510,130510,7513674,0.3664146959781647
5511,130510,2881568,0.36636191606521606
5512,130510,6835270,0.36635422706604004
5513,130510,417588,0.36629486083984375
5514,130510,370285,0.3662756085395813
5515,130510,381163,0.36625486612319946
5516,130510,768254,0.3660217225551605
5517,130510,4022904,0.36602169275283813
5518,130510,6763511,0.3659476935863495
5519,130510,7471953,0.3659263849258423
5520,130510,2009433,0.36579543352127075
5521,130510,510777,0.36579403281211853
5522,130510,3148468,0.3657326102256775
5523,130510,5784171,0.36561399698257446
5524,130510,28431,0.3654831349849701
5525,130510,4540772,0.36544129252433777
5526,130510,3681419,0.3653174638748169
5527,130510,8647366,0.3653053045272827
5528,130510,7534945,0.3652394115924835
5529,130510,6971214,0.36515283584594727
5530,130510,6199827,0.36499887704849243
5531,130510,7501229,0.3649322986602783
5532,130510,6267953,0.36486101150512695
5533,130510,8512112,0.3648357391357422
5534,130510,2261145,0.36474284529685974
5535,130510,5766939,0.3646668791770935
5536,130510,5736987,0.3644242286682129
5537,130510,5930106,0.3643515706062317
5538,130510,1106375,0.36432915925979614
5539,130510,6609603,0.3643004894256592
5540,130510,30607,0.3642862141132355
5541,130510,474935,0.3642582297325134
5542,130510,3955081,0.3641057014465332
5543,130510,2766695,0.36409279704093933
5544,130510,7458800,0.3639751076698303
5545,130510,3984306,0.3639678955078125
5546,130510,5106524,0.3638639748096466
5547,130510,3424176,0.3638008236885071
5548,130510,4315925,0.36375704407691956
5549,130510,5306324,0.3637160062789917
5550,130510,5686117,0.36329424381256104
5551,130510,79445,0.36324167251586914
5552,130510,8512118,0.3632204532623291
5553,130510,7605998,0.363166481256485
5554,130510,5419608,0.3629286587238312
5555,130510,7621544,0.36290037631988525
5556,130510,6267959,0.36288413405418396
5557,130510,529621,0.3628564178943634
5558,130510,8576348,0.3625917434692383
5559,130510,7098470,0.36258918046951294
5560,130510,1868995,0.36258721351623535
5561,130510,7125238,0.362456738948822
5562,130510,6979522,0.3624151349067688
5563,130510,101204,0.3623586595058441
5564,130510,435745,0.36225181818008423
5565,130510,5839026,0.3621755540370941
5566,130510,4007262,0.3620835542678833
5567,130510,6001702,0.36205923557281494
5568,130510,459173,0.362049400806427
5569,130510,7027902,0.362049400806427
5570,130510,418298,0.36192864179611206
5571,130510,8694980,0.36191093921661377
5572,130510,6037471,0.3619004487991333
5573,130510,6828781,0.36188405752182007
5574,130510,2672210,0.36178699135780334
5575,130510,5938440,0.3617534637451172
5576,130510,5729115,0.361729234457016
5577,130510,13292,0.3616980314254761
5578,130510,7410601,0.36163631081581116
5579,130510,2938377,0.36163079738616943
5580,130510,2407061,0.36161094903945923
5581,130510,7476119,0.3616093099117279
5582,130510,6609602,0.3615514039993286
5583,130510,1494937,0.36144399642944336
5584,130510,2010621,0.36142903566360474
5585,130510,6656940,0.3612685799598694
5586,130510,5151686,0.3612403869628906
5587,130510,8161312,0.3612339496612549
5588,130510,7442006,0.3612036108970642
5589,130510,114390,0.3611823320388794
5590,130510,8714324,0.3610425591468811
5591,130510,2626281,0.3608092665672302
5592,130510,6447140,0.36074692010879517
5593,130510,1269747,0.36070361733436584
5594,130510,7356623,0.36068499088287354
5595,130510,1656721,0.3604910373687744
5596,130510,6207058,0.3604741096496582
5597,130510,7535213,0.36037102341651917
5598,130510,779336,0.3603213131427765
5599,130510,114388,0.36028194427490234
5600,130510,3922565,0.3601732850074768
5601,130510,5484362,0.36016762256622314
5602,130510,1684549,0.3601517677307129
5603,130510,722184,0.36012303829193115
5604,130510,1765529,0.360005259513855
5605,130510,514398,0.3599926233291626
5606,130510,5930009,0.3598795533180237
5607,130510,1136517,0.35982394218444824
5608,130510,2919980,0.3596053421497345
5609,130510,6188408,0.3594622313976288
5610,130510,322480,0.3594619631767273
5611,130510,8689589,0.3592883348464966
5612,130510,2499733,0.35924357175827026
5613,130510,813042,0.3592349886894226
5614,130510,5378767,0.3591976761817932
5615,130510,8334668,0.3589121699333191
5616,130510,5063214,0.35871097445487976
5617,130510,6229727,0.3586634397506714
5618,130510,1456085,0.35864198207855225
5619,130510,8542702,0.3585963845252991
5620,130510,2009435,0.35855185985565186
5621,130510,2175528,0.35845160484313965
5622,130510,8596093,0.35840004682540894
5623,130510,6104324,0.35837501287460327
5624,130510,8544870,0.35835230350494385
5625,130510,4992528,0.35824400186538696
5626,130510,1531138,0.3582203686237335
5627,130510,5153974,0.3581961989402771
5628,130510,435576,0.3581081032752991
5629,130510,2257193,0.35806459188461304
5630,130510,8297030,0.358055979013443
5631,130510,1825466,0.3580458164215088
5632,130510,5148418,0.35796627402305603
5633,130510,6199829,0.35793089866638184
5634,130510,7501223,0.3578999638557434
5635,130510,4326343,0.35782745480537415
5636,130510,6600386,0.35775500535964966
5637,130510,5139151,0.3577178120613098
5638,130510,1361666,0.35771632194519043
5639,130510,845056,0.357619047164917
5640,130510,5105634,0.35754209756851196
5641,130510,6969016,0.3575202524662018
5642,130510,5303447,0.3574915826320648
5643,130510,4667659,0.35742804408073425
5644,130510,2961569,0.3573873043060303
5645,130510,4800227,0.35738271474838257
5646,130510,2626279,0.35735565423965454
5647,130510,6399877,0.35725337266921997
5648,130510,200828,0.357011079788208
5649,130510,3725100,0.35691529512405396
5650,130510,7657039,0.3569132685661316
5651,130510,1525327,0.3566633462905884
5652,130510,2009438,0.35657697916030884
5653,130510,2548836,0.3565545678138733
5654,130510,5709370,0.35652607679367065
5655,130510,5401586,0.35650092363357544
5656,130510,5791687,0.35634416341781616
5657,130510,3131291,0.3563025891780853
5658,130510,7476120,0.35629022121429443
5659,130510,4627416,0.35618287324905396
5660,130510,2462449,0.3560406267642975
5661,130510,3070497,0.35591647028923035
5662,130510,7647800,0.3558727204799652
5663,130510,435575,0.3558524250984192
5664,130510,1993961,0.35581719875335693
5665,130510,7442010,0.3557797074317932
5666,130510,1024747,0.3556704521179199
5667,130510,7224498,0.35559549927711487
5668,130510,8105538,0.35554495453834534
5669,130510,691384,0.35554245114326477
5670,130510,1320548,0.35549992322921753
5671,130510,2116568,0.3552277088165283
5672,130510,227662,0.3550504148006439
5673,130510,447470,0.355025053024292
5674,130510,8732333,0.35500821471214294
5675,130510,799643,0.3549620807170868
5676,130510,1445211,0.3547504246234894
5677,130510,6883672,0.3547205924987793
5678,130510,804701,0.35467997193336487
5679,130510,7002895,0.35464221239089966
5680,130510,7479905,0.3545713424682617
5681,130510,5631794,0.3544878363609314
5682,130510,1998658,0.3544321060180664
5683,130510,3167252,0.3543832004070282
5684,130510,4407968,0.3543832004070282
5685,130510,2344026,0.3543627858161926
5686,130510,510785,0.35435450077056885
5687,130510,676803,0.35430753231048584
5688,130510,3913772,0.3540422022342682
5689,130510,6486224,0.35402023792266846
5690,130510,5919570,0.35395291447639465
5691,130510,4858068,0.3539198637008667
5692,130510,5838058,0.35379698872566223
5693,130510,4191496,0.3536761403083801
5694,130510,8507193,0.35366058349609375
5695,130510,1475516,0.3535591959953308
5696,130510,8542703,0.3534677028656006
5697,130510,510781,0.35345062613487244
5698,130510,8076325,0.3533953130245209
5699,130510,1393282,0.3533741235733032
5700,130510,5228379,0.35331737995147705
5701,130510,166458,0.3533119559288025
5702,130510,7647798,0.35330724716186523
5703,130510,4455794,0.3531363606452942
5704,130510,1320102,0.35303616523742676
5705,130510,5870775,0.353030264377594
5706,130510,409290,0.3530176877975464
5707,130510,6883671,0.3529776930809021
5708,130510,1825474,0.35297223925590515
5709,130510,1350508,0.35289376974105835
5710,130510,1291347,0.35274380445480347
5711,130510,8287353,0.35247668623924255
5712,130510,3257843,0.35246899724006653
5713,130510,6036204,0.35226961970329285
5714,130510,8247406,0.35219448804855347
5715,130510,7442874,0.3521120548248291
5716,130510,8287349,0.3520383834838867
5717,130510,1072991,0.35200273990631104
5718,130510,7471957,0.3519276976585388
5719,130510,2411303,0.3519148826599121
5720,130510,2384457,0.3518791198730469
5721,130510,5138936,0.35183003544807434
5722,130510,1750575,0.3518182635307312
5723,130510,6797262,0.3513544499874115
5724,130510,548371,0.3513106405735016
5725,130510,5840008,0.3512992560863495
5726,130510,6490394,0.35121625661849976
5727,130510,7445095,0.3511779308319092
5728,130510,729056,0.35117295384407043
5729,130510,3335830,0.35116100311279297
5730,130510,4393916,0.3511081337928772
5731,130510,249882,0.3510667383670807
5732,130510,2386769,0.35105806589126587
5733,130510,7272860,0.35098797082901
5734,130510,1095888,0.3509693145751953
5735,130510,2665678,0.3509247899055481
5736,130510,7656231,0.3508930206298828
5737,130510,7777478,0.35078755021095276
5738,130510,8391409,0.3507659435272217
5739,130510,6685199,0.3507428765296936
5740,130510,548368,0.35072073340415955
5741,130510,6641846,0.3506733775138855
5742,130510,8650779,0.350657194852829
5743,130510,5560787,0.3505159318447113
5744,130510,370289,0.350342333316803
5745,130510,1864986,0.3503030240535736
5746,130510,5668906,0.3501608371734619
5747,130510,218731,0.3501105010509491
5748,130510,8784103,0.35008710622787476
5749,130510,8287351,0.35002297163009644
5750,130510,7098467,0.34984999895095825
5751,130510,5984060,0.34984248876571655
5752,130510,7851152,0.34964290261268616
5753,130510,6691126,0.34957173466682434
5754,130510,7569035,0.3495355248451233
5755,130510,7779761,0.349459707736969
5756,130510,5255920,0.3493647873401642
5757,130510,1140907,0.3492662012577057
5758,130510,1669913,0.3491453528404236
5759,130510,4667655,0.34908878803253174
5760,130510,3371514,0.34907037019729614
5761,130510,5736989,0.34906691312789917
5762,130510,3227082,0.34905946254730225
5763,130510,5684199,0.3490419387817383
5764,130510,1456087,0.3490128517150879
5765,130510,4634873,0.3489592671394348
5766,130510,2812709,0.34895825386047363
5767,130510,139289,0.34894275665283203
5768,130510,8105565,0.3488115072250366
5769,130510,4345805,0.34873127937316895
5770,130510,7410602,0.34872937202453613
5771,130510,7769800,0.3487211763858795
5772,130510,1993249,0.34870898723602295
5773,130510,1271087,0.34860461950302124
5774,130510,8233699,0.34853196144104004
5775,130510,5981953,0.3483712077140808
5776,130510,3208884,0.34837105870246887
5777,130510,2689144,0.3483544588088989
5778,130510,7275512,0.348254531621933
5779,130510,8674911,0.34824180603027344
5780,130510,7002894,0.34813743829727173
5781,130510,8287348,0.34810489416122437
5782,130510,4911587,0.34810081124305725
5783,130510,724961,0.3480895459651947
5784,130510,4237523,0.348071426153183
5785,130510,1855762,0.34802886843681335
5786,130510,6935463,0.34800899028778076
5787,130510,698232,0.3479984700679779
5788,130510,4667656,0.34795820713043213
5789,130510,966657,0.34793418645858765
5790,130510,5363869,0.34790992736816406
5791,130510,1244230,0.3478909134864807
5792,130510,8618670,0.34788352251052856
5793,130510,319552,0.34785619378089905
5794,130510,3303991,0.34784600138664246
5795,130510,4831987,0.3476712703704834
5796,130510,469522,0.34756240248680115
5797,130510,2985966,0.34747248888015747
5798,130510,956552,0.34730029106140137
5799,130510,5378768,0.3472115993499756
5800,130510,8287350,0.34717032313346863
5801,130510,26268,0.3471207618713379
5802,130510,435580,0.3470710515975952
5803,130510,5800028,0.3470134735107422
5804,130510,415563,0.34697139263153076
5805,130510,4429235,0.34691810607910156
5806,130510,214544,0.34691694378852844
5807,130510,7211895,0.34690749645233154
5808,130510,2642059,0.3469042181968689
5809,130510,4559496,0.3468238115310669
5810,130510,5255918,0.3467555046081543
5811,130510,2210398,0.34672099351882935
5812,130510,8277350,0.3467123508453369
5813,130510,5766130,0.3466414213180542
5814,130510,1653870,0.34660136699676514
5815,130510,7442877,0.34659403562545776
5816,130510,5706212,0.34654080867767334
5817,130510,6557219,0.3464168906211853
5818,130510,8714326,0.3463720679283142
5819,130510,1864663,0.3462027311325073
5820,130510,509181,0.34620246291160583
5821,130510,3525012,0.34612399339675903
5822,130510,4439092,0.3460528254508972
5823,130510,1604754,0.3457486033439636
5824,130510,8290563,0.34572821855545044
5825,130510,1288891,0.3456716537475586
5826,130510,5585368,0.34561455249786377
5827,130510,553471,0.345537006855011
5828,130510,7591564,0.345483660697937
5829,130510,5599182,0.34547242522239685
5830,130510,6684918,0.3454643487930298
5831,130510,8247405,0.3453296422958374
5832,130510,5425349,0.3453183174133301
5833,130510,381095,0.3452776074409485
5834,130510,3589024,0.34520724415779114
5835,130510,2687923,0.34507083892822266
5836,130510,3390323,0.34504950046539307
5837,130510,7682365,0.3450325131416321
5838,130510,1040711,0.3449470102787018
5839,130510,2961568,0.3448660969734192
5840,130510,1587990,0.3448207378387451
5841,130510,2778887,0.34475791454315186
5842,130510,2003643,0.34473466873168945
5843,130510,6736126,0.34471458196640015
5844,130510,6836837,0.34470903873443604
5845,130510,5616311,0.34470781683921814
5846,130510,1894408,0.34461578726768494
5847,130510,8096485,0.34451258182525635
5848,130510,3709342,0.34450727701187134
5849,130510,218730,0.3444519639015198
5850,130510,101210,0.34444448351860046
5851,130510,8695865,0.34443628787994385
5852,130510,7565345,0.344363272190094
5853,130510,4051123,0.34426888823509216
5854,130510,6001703,0.3442624807357788
5855,130510,8724292,0.34425199031829834
5856,130510,1539115,0.34424471855163574
5857,130510,5667812,0.3441591262817383
5858,130510,1880216,0.3441425561904907
5859,130510,6032523,0.34413817524909973
5860,130510,7725242,0.34413647651672363
5861,130510,7760530,0.3440649211406708
5862,130510,700860,0.34405773878097534
5863,130510,8694975,0.34404444694519043
5864,130510,2344024,0.3440302908420563
5865,130510,7171858,0.34393322467803955
5866,130510,1499377,0.34392625093460083
5867,130510,3531210,0.3438928723335266
5868,130510,6399884,0.3438485860824585
5869,130510,7971209,0.34377485513687134
5870,130510,4748168,0.34375259280204773
5871,130510,3070500,0.3437498211860657
5872,130510,2649821,0.3437180519104004
5873,130510,6389359,0.34369510412216187
5874,130510,8287354,0.3436327874660492
5875,130510,6481977,0.3436281085014343
5876,130510,3303687,0.3435661792755127
5877,130510,2649822,0.34348177909851074
5878,130510,5630797,0.3434329926967621
5879,130510,7162729,0.3434187173843384
5880,130510,5893917,0.34340983629226685
5881,130510,5501991,0.34331297874450684
5882,130510,1832473,0.34328460693359375
5883,130510,1793115,0.3432254195213318
5884,130510,8433200,0.3430502414703369
5885,130510,1475517,0.34299296140670776
5886,130510,6763508,0.34296882152557373
5887,130510,2325416,0.3429497480392456
5888,130510,1402531,0.3428872525691986
5889,130510,7404,0.34285634756088257
5890,130510,5725011,0.34273362159729004
5891,130510,763874,0.3427140712738037
5892,130510,6736128,0.34270739555358887
5893,130510,799003,0.3426697254180908
5894,130510,5766128,0.3426259458065033
5895,130510,6732867,0.34256911277770996
5896,130510,6388583,0.34254705905914307
5897,130510,5258604,0.3424953818321228
5898,130510,1182678,0.34248417615890503
5899,130510,8725575,0.3424505591392517
5900,130510,1031733,0.342435359954834
5901,130510,1019914,0.3424214720726013
5902,130510,2080322,0.3424052596092224
5903,130510,1881832,0.34236371517181396
5904,130510,7224499,0.3422951102256775
5905,130510,2976655,0.34225475788116455
5906,130510,7165830,0.3421702980995178
5907,130510,8613424,0.3421173095703125
5908,130510,7056372,0.3421127200126648
5909,130510,5687505,0.3421047329902649
5910,130510,5696203,0.34210386872291565
5911,130510,4667960,0.34208476543426514
5912,130510,3680692,0.3420358896255493
5913,130510,5238556,0.34200701117515564
5914,130510,6640199,0.3419792354106903
5915,130510,5303443,0.34191569685935974
5916,130510,464226,0.34190791845321655
5917,130510,804700,0.3418485224246979
5918,130510,5499460,0.3418399393558502
5919,130510,4575282,0.3418373763561249
5920,130510,8570347,0.3418036103248596
5921,130510,4325965,0.3417772054672241
5922,130510,7235824,0.34177353978157043
5923,130510,1766824,0.3417483866214752
5924,130510,5106529,0.34153473377227783
5925,130510,8772746,0.3415325880050659
5926,130510,2243188,0.3415173888206482
5927,130510,6797529,0.3414895534515381
5928,130510,5631787,0.341469943523407
5929,130510,4642719,0.3414072096347809
5930,130510,367615,0.3413119912147522
5931,130510,7947462,0.3412778973579407
5932,130510,2104383,0.3412638008594513
5933,130510,2649819,0.34116244316101074
5934,130510,6793512,0.3411012887954712
5935,130510,7388083,0.34106457233428955
5936,130510,3284361,0.3410038650035858
5937,130510,7236692,0.34094667434692383
5938,130510,7705707,0.34094277024269104
5939,130510,7169137,0.3407212495803833
5940,130510,6427156,0.3405977487564087
5941,130510,754038,0.3404926061630249
5942,130510,8287352,0.3404473066329956
5943,130510,2961566,0.3404349088668823
5944,130510,6677361,0.3404220938682556
5945,130510,2005031,0.34039023518562317
5946,130510,6777435,0.34038445353507996
5947,130510,4979639,0.34021490812301636
5948,130510,4616608,0.3402082920074463
5949,130510,5473421,0.3401728868484497
5950,130510,1201797,0.3401637375354767
5951,130510,6736130,0.34013158082962036
5952,130510,1746987,0.3400726318359375
5953,130510,6449684,0.3400467336177826
5954,130510,1015073,0.34003114700317383
5955,130510,1015074,0.34003114700317383
5956,130510,554324,0.34002214670181274
5957,130510,357251,0.33999520540237427
5958,130510,6568988,0.3399611711502075
5959,130510,4123252,0.33994466066360474
5960,130510,7560243,0.3399341404438019
5961,130510,3955465,0.3398447334766388
5962,130510,5963492,0.3398146331310272
5963,130510,914434,0.33976811170578003
5964,130510,1887193,0.3397526144981384
5965,130510,6596296,0.3396559953689575
5966,130510,8512116,0.3396441340446472
5967,130510,2626286,0.339466392993927
5968,130510,3257842,0.3393707275390625
5969,130510,1425529,0.3393448293209076
5970,130510,7072036,0.33927249908447266
5971,130510,8233708,0.33925068378448486
5972,130510,5048677,0.3392083942890167
5973,130510,8096477,0.33912667632102966
5974,130510,3307723,0.339107483625412
5975,130510,470262,0.33909785747528076
5976,130510,370288,0.33908790349960327
5977,130510,1494934,0.3390762209892273
5978,130510,915309,0.3390674591064453
5979,130510,6677363,0.3390275835990906
5980,130510,7600184,0.33884674310684204
5981,130510,7513669,0.33884456753730774
5982,130510,6006788,0.33881208300590515
5983,130510,2079216,0.33867955207824707
5984,130510,201146,0.3386036157608032
5985,130510,3098716,0.33856528997421265
5986,130510,2839083,0.33853912353515625
5987,130510,5622536,0.33853012323379517
5988,130510,3949652,0.33851295709609985
5989,130510,8074717,0.338510125875473
5990,130510,4423136,0.33849799633026123
5991,130510,1291344,0.3384619355201721
5992,130510,5599183,0.33841341733932495
5993,130510,2104388,0.33834508061408997
5994,130510,1515959,0.33833497762680054
5995,130510,5470336,0.3383256494998932
5996,130510,365977,0.33829402923583984
5997,130510,5008765,0.33826422691345215
5998,130510,359228,0.33824795484542847
5999,130510,5678242,0.33824512362480164
6000,131843,8305152,0.7957554459571838
6001,131843,985994,0.6905421018600464
6002,131843,8305153,0.6591911315917969
6003,131843,8305156,0.6580390930175781
6004,131843,8305158,0.6554011106491089
6005,131843,1158412,0.5651912689208984
6006,131843,985990,0.562220573425293
6007,131843,8123214,0.5576601624488831
6008,131843,8123213,0.5538184642791748
6009,131843,8123208,0.5451093912124634
6010,131843,2084839,0.5416396260261536
6011,131843,1337520,0.5391229391098022
6012,131843,8080266,0.5310516357421875
6013,131843,7144240,0.5126760601997375
6014,131843,8520376,0.5112690925598145
6015,131843,8520377,0.5077373385429382
6016,131843,2462843,0.506247878074646
6017,131843,8520379,0.5011132955551147
6018,131843,6684123,0.4961197078227997
6019,131843,985992,0.49331778287887573
6020,131843,8780259,0.49316757917404175
6021,131843,540851,0.4879706799983978
6022,131843,4855054,0.4865710139274597
6023,131843,540853,0.4839012026786804
6024,131843,2825773,0.4807356595993042
6025,131843,6715415,0.48056358098983765
6026,131843,6121785,0.4800039529800415
6027,131843,316042,0.47992825508117676
6028,131843,1016153,0.47982874512672424
6029,131843,985991,0.47979313135147095
6030,131843,1760483,0.4785192012786865
6031,131843,8520374,0.4780254662036896
6032,131843,348760,0.47539854049682617
6033,131843,369198,0.4751947522163391
6034,131843,1338768,0.4751623868942261
6035,131843,5123523,0.4741184115409851
6036,131843,1208161,0.47220364212989807
6037,131843,906762,0.47203677892684937
6038,131843,6951870,0.47064030170440674
6039,131843,1711656,0.4702044725418091
6040,131843,540852,0.4698241055011749
6041,131843,2504453,0.46909642219543457
6042,131843,2825771,0.46887722611427307
6043,131843,4855052,0.4687627851963043
6044,131843,8421993,0.4684046506881714
6045,131843,8520381,0.46833187341690063
6046,131843,3080356,0.4673989415168762
6047,131843,8305155,0.4671083688735962
6048,131843,6524083,0.46698689460754395
6049,131843,5715075,0.4669421315193176
6050,131843,7144237,0.46604475378990173
6051,131843,884231,0.4649001359939575
6052,131843,5103706,0.4648419916629791
6053,131843,3080351,0.4644683599472046
6054,131843,1999029,0.46335723996162415
6055,131843,4773782,0.46287497878074646
6056,131843,6629203,0.4626131057739258
6057,131843,6066502,0.46170538663864136
6058,131843,7482331,0.4608776271343231
6059,131843,5457468,0.46070414781570435
6060,131843,8080264,0.46027082204818726
6061,131843,5181344,0.4598570466041565
6062,131843,831806,0.4594469666481018
6063,131843,8560720,0.45902374386787415
6064,131843,8256214,0.45888790488243103
6065,131843,6524077,0.4588223397731781
6066,131843,5181348,0.45843029022216797
6067,131843,5901321,0.4578268527984619
6068,131843,4855053,0.4574221968650818
6069,131843,7107818,0.4572795033454895
6070,131843,5262494,0.4568244218826294
6071,131843,601629,0.4562046527862549
6072,131843,8495590,0.4561588764190674
6073,131843,6629206,0.4560983180999756
6074,131843,1789431,0.45582523941993713
6075,131843,1760474,0.4554766118526459
6076,131843,4773783,0.4554098844528198
6077,131843,2504454,0.4550727605819702
6078,131843,6863389,0.45448535680770874
6079,131843,3080349,0.4537698030471802
6080,131843,1999033,0.4531819820404053
6081,131843,8227080,0.4529629945755005
6082,131843,5123520,0.4525052309036255
6083,131843,6678806,0.45193079113960266
6084,131843,7597424,0.4519188404083252
6085,131843,1999035,0.45129719376564026
6086,131843,4855056,0.4512085020542145
6087,131843,2825775,0.4512085020542145
6088,131843,1999031,0.450978547334671
6089,131843,831811,0.4508875608444214
6090,131843,5537228,0.45054763555526733
6091,131843,4098742,0.45039838552474976
6092,131843,540849,0.45036882162094116
6093,131843,1727815,0.45018133521080017
6094,131843,4933353,0.4500640630722046
6095,131843,7140514,0.4497722089290619
6096,131843,1711650,0.44955897331237793
6097,131843,4705594,0.449413537979126
6098,131843,5537222,0.44937947392463684
6099,131843,7474088,0.44740790128707886
6100,131843,4743265,0.44678038358688354
6101,131843,1085427,0.4463598430156708
6102,131843,1760478,0.44627365469932556
6103,131843,1410857,0.44593214988708496
6104,131843,3080348,0.44590872526168823
6105,131843,8331902,0.44589126110076904
6106,131843,5263887,0.4455900192260742
6107,131843,8305154,0.4454755485057831
6108,131843,2128739,0.44518619775772095
6109,131843,5799285,0.4450637698173523
6110,131843,1711649,0.4450322985649109
6111,131843,5262495,0.4450082778930664
6112,131843,6863388,0.44447994232177734
6113,131843,3372517,0.4443981945514679
6114,131843,7482330,0.4441176652908325
6115,131843,5086232,0.44405031204223633
6116,131843,3287259,0.44390374422073364
6117,131843,6131985,0.44379550218582153
6118,131843,2586984,0.4436052441596985
6119,131843,6115857,0.4435431957244873
6120,131843,5715083,0.44352826476097107
6121,131843,6487859,0.443424791097641
6122,131843,557331,0.4428524374961853
6123,131843,8573227,0.44256532192230225
6124,131843,5768682,0.44226428866386414
6125,131843,8390618,0.4421107769012451
6126,131843,892731,0.44206687808036804
6127,131843,7402624,0.441822350025177
6128,131843,1085424,0.4416797459125519
6129,131843,7191465,0.44162797927856445
6130,131843,5457467,0.4416017532348633
6131,131843,906760,0.44157055020332336
6132,131843,172282,0.44156888127326965
6133,131843,906755,0.4406765103340149
6134,131843,8456964,0.44047367572784424
6135,131843,1314954,0.4399247467517853
6136,131843,5715079,0.43990737199783325
6137,131843,5608224,0.4398781359195709
6138,131843,1999027,0.4394069015979767
6139,131843,1101587,0.43935853242874146
6140,131843,1158415,0.43930351734161377
6141,131843,4438654,0.43882590532302856
6142,131843,985988,0.43862301111221313
6143,131843,8456965,0.4383140802383423
6144,131843,3813728,0.4382040500640869
6145,131843,6951876,0.4381777346134186
6146,131843,4478811,0.43815797567367554
6147,131843,923883,0.43807923793792725
6148,131843,892725,0.4379476308822632
6149,131843,1732698,0.43780940771102905
6150,131843,4417845,0.4376075863838196
6151,131843,884233,0.43734505772590637
6152,131843,1085431,0.4371914267539978
6153,131843,1121275,0.43711355328559875
6154,131843,369194,0.4369605779647827
6155,131843,5655548,0.4367074966430664
6156,131843,5446076,0.4364567697048187
6157,131843,3216348,0.4362061321735382
6158,131843,2145004,0.4360888600349426
6159,131843,1505736,0.435408353805542
6160,131843,1867182,0.43532800674438477
6161,131843,1067930,0.43520548939704895
6162,131843,1711651,0.4347308278083801
6163,131843,3366436,0.43448662757873535
6164,131843,8390614,0.4341970384120941
6165,131843,6121787,0.4337652921676636
6166,131843,5430386,0.43336594104766846
6167,131843,4417847,0.4330853819847107
6168,131843,5086233,0.4328495264053345
6169,131843,884228,0.43270421028137207
6170,131843,5446074,0.4327005445957184
6171,131843,4098746,0.43265876173973083
6172,131843,6716974,0.43252620100975037
6173,131843,316048,0.4322047829627991
6174,131843,8080265,0.43213868141174316
6175,131843,4098744,0.4318093955516815
6176,131843,513213,0.4315224289894104
6177,131843,4773779,0.43090611696243286
6178,131843,8456970,0.4300856590270996
6179,131843,8495589,0.4300838112831116
6180,131843,1457597,0.42944496870040894
6181,131843,1067933,0.4294324517250061
6182,131843,4798689,0.42931774258613586
6183,131843,5537224,0.4293038249015808
6184,131843,3372514,0.42927220463752747
6185,131843,8250322,0.42846328020095825
6186,131843,4675124,0.428297758102417
6187,131843,601636,0.42810535430908203
6188,131843,6131982,0.427994966506958
6189,131843,1288377,0.427986741065979
6190,131843,6281503,0.4279179275035858
6191,131843,6131979,0.42786192893981934
6192,131843,1429616,0.4278184771537781
6193,131843,30428,0.42705535888671875
6194,131843,7191466,0.42643219232559204
6195,131843,2068005,0.4263942837715149
6196,131843,5655546,0.42620325088500977
6197,131843,8775092,0.42620325088500977
6198,131843,4405681,0.42614471912384033
6199,131843,3216351,0.42610087990760803
6200,131843,3216347,0.4256983995437622
6201,131843,4035643,0.42537760734558105
6202,131843,5430382,0.42502856254577637
6203,131843,8066361,0.42461106181144714
6204,131843,1215142,0.4245515465736389
6205,131843,1158409,0.42445528507232666
6206,131843,3932730,0.42440176010131836
6207,131843,1810541,0.4242931604385376
6208,131843,4883726,0.4241582155227661
6209,131843,3531227,0.4237752854824066
6210,131843,8456967,0.4237435758113861
6211,131843,6951873,0.42364346981048584
6212,131843,3357755,0.42358162999153137
6213,131843,7083802,0.42353296279907227
6214,131843,6546641,0.42348143458366394
6215,131843,4883725,0.4233626127243042
6216,131843,2493976,0.4233465790748596
6217,131843,601633,0.4233052730560303
6218,131843,3208746,0.42323559522628784
6219,131843,5537223,0.4230033755302429
6220,131843,6951871,0.42267045378685
6221,131843,6951875,0.42255645990371704
6222,131843,6951879,0.42208975553512573
6223,131843,7880471,0.4218018651008606
6224,131843,2825768,0.4217888116836548
6225,131843,906758,0.4215179681777954
6226,131843,6625368,0.4212922751903534
6227,131843,1664551,0.4211958646774292
6228,131843,3287256,0.4209980368614197
6229,131843,2584284,0.4208011031150818
6230,131843,4049556,0.4207627475261688
6231,131843,3156560,0.4207010865211487
6232,131843,546660,0.4205215871334076
6233,131843,6619455,0.4204190969467163
6234,131843,2493973,0.4201739728450775
6235,131843,2084844,0.4200364351272583
6236,131843,3372521,0.4199947714805603
6237,131843,341375,0.4198444187641144
6238,131843,6146779,0.41971355676651
6239,131843,8649246,0.4196215569972992
6240,131843,5655545,0.41960886120796204
6241,131843,741454,0.41954314708709717
6242,131843,5766609,0.41950803995132446
6243,131843,6131981,0.41940873861312866
6244,131843,3590884,0.4193640947341919
6245,131843,3357286,0.41929978132247925
6246,131843,557330,0.4191047251224518
6247,131843,4083916,0.41908034682273865
6248,131843,7145174,0.41891419887542725
6249,131843,6759385,0.41888266801834106
6250,131843,7482328,0.4188740849494934
6251,131843,8227075,0.41883593797683716
6252,131843,1158410,0.4186403155326843
6253,131843,2995723,0.41862234473228455
6254,131843,8775098,0.41848117113113403
6255,131843,8775096,0.4184485077857971
6256,131843,1754748,0.41842833161354065
6257,131843,2126677,0.41826316714286804
6258,131843,8814295,0.4180959463119507
6259,131843,6066498,0.4177822470664978
6260,131843,5181343,0.4176912307739258
6261,131843,1999032,0.41767531633377075
6262,131843,2377739,0.41740041971206665
6263,131843,5110889,0.41736429929733276
6264,131843,6279681,0.41684919595718384
6265,131843,4121853,0.41624414920806885
6266,131843,5657057,0.41613250970840454
6267,131843,6106152,0.41585224866867065
6268,131843,7730563,0.41571399569511414
6269,131843,7937341,0.4156472086906433
6270,131843,5799286,0.4155850410461426
6271,131843,7295835,0.4153464436531067
6272,131843,2281707,0.4149925112724304
6273,131843,6702990,0.41494062542915344
6274,131843,8780262,0.4148978888988495
6275,131843,8691998,0.4145483672618866
6276,131843,2026060,0.4144119918346405
6277,131843,1174302,0.4140596389770508
6278,131843,8086327,0.4135845899581909
6279,131843,5537229,0.4133664667606354
6280,131843,1711653,0.41322487592697144
6281,131843,8080267,0.4131983816623688
6282,131843,4432215,0.41304612159729004
6283,131843,868995,0.41297370195388794
6284,131843,8364479,0.41270503401756287
6285,131843,3357291,0.41250503063201904
6286,131843,5634852,0.41245555877685547
6287,131843,7372545,0.41220831871032715
6288,131843,8025974,0.41212138533592224
6289,131843,4252480,0.41198939085006714
6290,131843,4743267,0.41198474168777466
6291,131843,4210264,0.4119459390640259
6292,131843,1591409,0.41193801164627075
6293,131843,7597423,0.411808043718338
6294,131843,6908691,0.41172993183135986
6295,131843,5268049,0.41159436106681824
6296,131843,4609890,0.4115140736103058
6297,131843,6304554,0.41098013520240784
6298,131843,3577762,0.410947322845459
6299,131843,3357290,0.41054561734199524
6300,131843,6924908,0.41024935245513916
6301,131843,884235,0.41010335087776184
6302,131843,5603587,0.40983375906944275
6303,131843,4210260,0.40967926383018494
6304,131843,4008413,0.40964215993881226
6305,131843,4008414,0.4095618724822998
6306,131843,1113401,0.409157395362854
6307,131843,1570678,0.40908804535865784
6308,131843,1314960,0.40887975692749023
6309,131843,8331899,0.40887343883514404
6310,131843,7145167,0.4088517427444458
6311,131843,6924914,0.4087783694267273
6312,131843,1113400,0.40877580642700195
6313,131843,3357287,0.40870988368988037
6314,131843,8423719,0.40861159563064575
6315,131843,3032924,0.40861058235168457
6316,131843,5190534,0.4085785150527954
6317,131843,1754751,0.4084101915359497
6318,131843,7179250,0.40834641456604004
6319,131843,6799225,0.4083387851715088
6320,131843,7937343,0.4083251953125
6321,131843,45700,0.40828245878219604
6322,131843,7065272,0.4082072079181671
6323,131843,6483070,0.40820711851119995
6324,131843,1742422,0.4081245958805084
6325,131843,6315507,0.4077853560447693
6326,131843,7627418,0.4077853560447693
6327,131843,7145172,0.4077502489089966
6328,131843,6203952,0.40769436955451965
6329,131843,4722361,0.40765511989593506
6330,131843,4083913,0.4076393246650696
6331,131843,2697908,0.4075899124145508
6332,131843,4614808,0.40753859281539917
6333,131843,4408494,0.40753495693206787
6334,131843,2489592,0.4074699282646179
6335,131843,8597041,0.40719613432884216
6336,131843,553764,0.40689992904663086
6337,131843,2090861,0.40682554244995117
6338,131843,4855057,0.4068082869052887
6339,131843,8481230,0.40653377771377563
6340,131843,8390616,0.40648460388183594
6341,131843,7145169,0.4062967300415039
6342,131843,1621724,0.4062800109386444
6343,131843,8086328,0.40627679228782654
6344,131843,5962093,0.4061943292617798
6345,131843,7074053,0.40596795082092285
6346,131843,1510452,0.40581512451171875
6347,131843,4392884,0.4057477116584778
6348,131843,6678738,0.4056198298931122
6349,131843,8031825,0.40550941228866577
6350,131843,376685,0.4053799510002136
6351,131843,879700,0.4050835967063904
6352,131843,8025975,0.405026376247406
6353,131843,7639275,0.40491801500320435
6354,131843,1317465,0.40484848618507385
6355,131843,56296,0.4048212170600891
6356,131843,4883723,0.4046880006790161
6357,131843,620717,0.40444982051849365
6358,131843,6198945,0.40435799956321716
6359,131843,2128744,0.4043499231338501
6360,131843,8380549,0.404319703578949
6361,131843,2041425,0.4042087197303772
6362,131843,760075,0.4041702151298523
6363,131843,2145006,0.4040229618549347
6364,131843,8071730,0.404016375541687
6365,131843,1548348,0.4039619565010071
6366,131843,7145173,0.40392005443573
6367,131843,6192117,0.4038240313529968
6368,131843,5655540,0.4037817716598511
6369,131843,2014712,0.40374210476875305
6370,131843,8080263,0.4036679267883301
6371,131843,1711647,0.40357035398483276
6372,131843,6684119,0.4035027027130127
6373,131843,6684118,0.4034438133239746
6374,131843,1453323,0.4033445119857788
6375,131843,2232016,0.40320777893066406
6376,131843,2104933,0.4031679928302765
6377,131843,8651478,0.4030998945236206
6378,131843,3180754,0.4030202627182007
6379,131843,5446072,0.4029858708381653
6380,131843,8293893,0.40295618772506714
6381,131843,8253073,0.402896910905838
6382,131843,6989698,0.40289613604545593
6383,131843,6890177,0.40288281440734863
6384,131843,7522775,0.4027378559112549
6385,131843,2748019,0.4026834964752197
6386,131843,364548,0.4024183750152588
6387,131843,4675127,0.4020707607269287
6388,131843,7330365,0.4020422399044037
6389,131843,4417844,0.4018929600715637
6390,131843,5826321,0.40183025598526
6391,131843,6129521,0.4018278121948242
6392,131843,4462893,0.4017910957336426
6393,131843,1079293,0.40173056721687317
6394,131843,2387529,0.4017026424407959
6395,131843,4675125,0.40163010358810425
6396,131843,6580547,0.4013858139514923
6397,131843,4924832,0.40132853388786316
6398,131843,3372523,0.4009915590286255
6399,131843,6106157,0.40095794200897217
6400,131843,54531,0.4009571671485901
6401,131843,7586998,0.40091532468795776
6402,131843,4883719,0.40090006589889526
6403,131843,8382115,0.40084362030029297
6404,131843,4282180,0.40083831548690796
6405,131843,6941103,0.4007991850376129
6406,131843,790254,0.4007265865802765
6407,131843,8547203,0.40060681104660034
6408,131843,879703,0.40057307481765747
6409,131843,2972439,0.400566428899765
6410,131843,115392,0.40050190687179565
6411,131843,513212,0.4004400968551636
6412,131843,6302788,0.40043169260025024
6413,131843,1338763,0.4003690481185913
6414,131843,1158416,0.4003291130065918
6415,131843,8520378,0.4003016948699951
6416,131843,8174536,0.40027183294296265
6417,131843,5082604,0.40021440386772156
6418,131843,2071988,0.4002034664154053
6419,131843,5766888,0.4001525640487671
6420,131843,2106761,0.3999733328819275
6421,131843,831810,0.39988622069358826
6422,131843,2103970,0.3998424708843231
6423,131843,5123521,0.39981138706207275
6424,131843,4612244,0.3997524380683899
6425,131843,7302894,0.39959803223609924
6426,131843,5861669,0.3995933532714844
6427,131843,1868641,0.39957520365715027
6428,131843,4940828,0.3994296193122864
6429,131843,4182504,0.3994068205356598
6430,131843,5537226,0.3993959426879883
6431,131843,7937342,0.3993629813194275
6432,131843,6281497,0.39933696389198303
6433,131843,7900811,0.399304062128067
6434,131843,3786103,0.3993033766746521
6435,131843,6173528,0.39926832914352417
6436,131843,3357762,0.39918243885040283
6437,131843,677094,0.3991725444793701
6438,131843,4855060,0.3991655111312866
6439,131843,4644613,0.3990331292152405
6440,131843,8775097,0.39898255467414856
6441,131843,4182506,0.39887091517448425
6442,131843,6658210,0.39865976572036743
6443,131843,3357288,0.39852747321128845
6444,131843,8726530,0.39845818281173706
6445,131843,2105604,0.39842861890792847
6446,131843,3176259,0.39839407801628113
6447,131843,1314961,0.3982824683189392
6448,131843,4417841,0.398276686668396
6449,131843,2384222,0.3981815576553345
6450,131843,5416182,0.39805495738983154
6451,131843,4181828,0.3980288505554199
6452,131843,3216350,0.39797303080558777
6453,131843,45694,0.3978893756866455
6454,131843,529545,0.39788562059402466
6455,131843,6625004,0.39788198471069336
6456,131843,2029738,0.3978177309036255
6457,131843,3531802,0.39774078130722046
6458,131843,2040792,0.39772388339042664
6459,131843,4011029,0.3976338505744934
6460,131843,8747507,0.3975834548473358
6461,131843,7132140,0.3973882794380188
6462,131843,2029743,0.39725667238235474
6463,131843,8403246,0.39718592166900635
6464,131843,4560311,0.3971380293369293
6465,131843,2664275,0.3971238136291504
6466,131843,741450,0.3969725966453552
6467,131843,4560312,0.39691591262817383
6468,131843,1174306,0.3968454599380493
6469,131843,4598693,0.3966865837574005
6470,131843,1868644,0.3966815173625946
6471,131843,6143366,0.39665138721466064
6472,131843,4008415,0.3964047431945801
6473,131843,1754744,0.396321564912796
6474,131843,1085428,0.39611759781837463
6475,131843,1209051,0.3961085379123688
6476,131843,7107819,0.3960096836090088
6477,131843,114688,0.39597588777542114
6478,131843,7159314,0.39593788981437683
6479,131843,2130113,0.39589065313339233
6480,131843,1528165,0.39579281210899353
6481,131843,5903899,0.3956492245197296
6482,131843,4182510,0.39560261368751526
6483,131843,4607310,0.3955569565296173
6484,131843,2958771,0.395449161529541
6485,131843,4660669,0.395325243473053
6486,131843,5022764,0.3952940106391907
6487,131843,8418573,0.3952605426311493
6488,131843,3514179,0.39524132013320923
6489,131843,3504423,0.39521825313568115
6490,131843,2642902,0.39520496129989624
6491,131843,850036,0.3951970934867859
6492,131843,2029737,0.39513033628463745
6493,131843,6255593,0.3950807452201843
6494,131843,4933354,0.39503782987594604
6495,131843,1748819,0.39501363039016724
6496,131843,8125355,0.39500606060028076
6497,131843,6329449,0.3949328064918518
6498,131843,8187667,0.39487919211387634
6499,131843,3361125,0.39486268162727356
6500,131843,1074608,0.39481014013290405
6501,131843,4560309,0.39478936791419983
6502,131843,5262492,0.39453744888305664
6503,131843,8300722,0.394535630941391
6504,131843,1174308,0.39450395107269287
6505,131843,8025968,0.39448389410972595
6506,131843,1868635,0.39443349838256836
6507,131843,4722362,0.39442527294158936
6508,131843,3980290,0.39438754320144653
6509,131843,7412935,0.39437398314476013
6510,131843,8227079,0.394247829914093
6511,131843,1784995,0.3941890597343445
6512,131843,5537230,0.3941187262535095
6513,131843,5170488,0.39411842823028564
6514,131843,1090897,0.3941043019294739
6515,131843,1288378,0.3939574956893921
6516,131843,5678187,0.39380496740341187
6517,131843,316050,0.3938045799732208
6518,131843,360186,0.3937748968601227
6519,131843,1876404,0.3936897814273834
6520,131843,2090866,0.3936450779438019
6521,131843,6832675,0.39356529712677
6522,131843,624886,0.3935476541519165
6523,131843,3409226,0.39351537823677063
6524,131843,782922,0.3934885859489441
6525,131843,5034752,0.3933459222316742
6526,131843,661337,0.393269807100296
6527,131843,162227,0.3932655453681946
6528,131843,5041213,0.3930571377277374
6529,131843,8306986,0.39302846789360046
6530,131843,45695,0.3929857611656189
6531,131843,6255598,0.39297592639923096
6532,131843,114684,0.39291536808013916
6533,131843,6281498,0.39280009269714355
6534,131843,2969116,0.39271080493927
6535,131843,3206584,0.39268365502357483
6536,131843,741449,0.3926812410354614
6537,131843,8055506,0.392671674489975
6538,131843,6034160,0.3925727605819702
6539,131843,1292162,0.3924577534198761
6540,131843,3616700,0.39238879084587097
6541,131843,7555742,0.39237985014915466
6542,131843,1079287,0.3923528790473938
6543,131843,3786100,0.39228782057762146
6544,131843,6795749,0.3921845257282257
6545,131843,1096618,0.3921499252319336
6546,131843,7144233,0.39209040999412537
6547,131843,6959885,0.3920346200466156
6548,131843,8331900,0.3920072913169861
6549,131843,764372,0.39190956950187683
6550,131843,6580549,0.391785204410553
6551,131843,3266065,0.3917408585548401
6552,131843,6378152,0.39163899421691895
6553,131843,4242772,0.39154794812202454
6554,131843,8671363,0.39149919152259827
6555,131843,2128748,0.3914511799812317
6556,131843,1562858,0.3914092183113098
6557,131843,1501886,0.39132294058799744
6558,131843,1591404,0.39128756523132324
6559,131843,6046501,0.3912029564380646
6560,131843,601635,0.39118990302085876
6561,131843,3180746,0.3911686837673187
6562,131843,2488887,0.39109307527542114
6563,131843,1969102,0.39102211594581604
6564,131843,5595372,0.390903115272522
6565,131843,7143306,0.3908899128437042
6566,131843,6712110,0.3908061981201172
6567,131843,4858187,0.3906593322753906
6568,131843,1215144,0.3906343877315521
6569,131843,4035646,0.3906293511390686
6570,131843,3101366,0.3906077742576599
6571,131843,810418,0.3905249834060669
6572,131843,7243444,0.39046454429626465
6573,131843,2014711,0.390403151512146
6574,131843,618886,0.3903108537197113
6575,131843,3932729,0.3902624845504761
6576,131843,1101592,0.39021286368370056
6577,131843,1969100,0.39016497135162354
6578,131843,3252661,0.39013001322746277
6579,131843,3384697,0.3900461196899414
6580,131843,7555736,0.3897571861743927
6581,131843,7832084,0.3896964490413666
6582,131843,7215665,0.3895881772041321
6583,131843,4145939,0.3894956111907959
6584,131843,741448,0.3894577622413635
6585,131843,4833182,0.38945096731185913
6586,131843,4615896,0.389340341091156
6587,131843,309181,0.3893311321735382
6588,131843,381969,0.3892722427845001
6589,131843,831812,0.3892664909362793
6590,131843,5870312,0.3891805410385132
6591,131843,6389140,0.3891369104385376
6592,131843,601634,0.3890995681285858
6593,131843,7144756,0.3890976905822754
6594,131843,2207479,0.3890785276889801
6595,131843,2830305,0.38905447721481323
6596,131843,664151,0.38903602957725525
6597,131843,6047540,0.3889853358268738
6598,131843,7136429,0.38897815346717834
6599,131843,5644069,0.38880082964897156
6600,131843,5740160,0.38879793882369995
6601,131843,553757,0.3887244462966919
6602,131843,1812597,0.3886920213699341
6603,131843,6856748,0.3886841833591461
6604,131843,582603,0.3886823058128357
6605,131843,7597422,0.3885822892189026
6606,131843,4324073,0.38848888874053955
6607,131843,3940121,0.38847535848617554
6608,131843,592428,0.3884584307670593
6609,131843,1754749,0.388297438621521
6610,131843,2765168,0.38821375370025635
6611,131843,6985777,0.3880499601364136
6612,131843,4438653,0.3879777193069458
6613,131843,5151640,0.3879470229148865
6614,131843,2265878,0.387888640165329
6615,131843,2084842,0.38785287737846375
6616,131843,6654107,0.3878519535064697
6617,131843,5954096,0.3877791464328766
6618,131843,7144755,0.3877725601196289
6619,131843,1867751,0.3876211941242218
6620,131843,5263885,0.38760673999786377
6621,131843,2915710,0.38747331500053406
6622,131843,2122296,0.3873802125453949
6623,131843,5634850,0.3873105049133301
6624,131843,2962968,0.38729220628738403
6625,131843,4182503,0.38722357153892517
6626,131843,5771768,0.3871794641017914
6627,131843,364555,0.3871496319770813
6628,131843,4149602,0.3871292173862457
6629,131843,7700453,0.3870772123336792
6630,131843,5478262,0.3870425224304199
6631,131843,2830234,0.38694703578948975
6632,131843,1754752,0.3869372606277466
6633,131843,7466922,0.3868674039840698
6634,131843,6678803,0.3866366147994995
6635,131843,7474093,0.38651522994041443
6636,131843,8277640,0.3864704370498657
6637,131843,6281502,0.3864617347717285
6638,131843,7437943,0.3863484859466553
6639,131843,346869,0.38633161783218384
6640,131843,1523505,0.38613978028297424
6641,131843,8331907,0.38612067699432373
6642,131843,7530260,0.38610345125198364
6643,131843,4866579,0.3860495090484619
6644,131843,2029736,0.3860369622707367
6645,131843,6752037,0.38602104783058167
6646,131843,7369116,0.38600385189056396
6647,131843,1397188,0.386000394821167
6648,131843,873128,0.38591268658638
6649,131843,7191317,0.38585084676742554
6650,131843,6524079,0.38583070039749146
6651,131843,5086237,0.38574111461639404
6652,131843,324789,0.38566452264785767
6653,131843,8598789,0.385634183883667
6654,131843,5869120,0.38552916049957275
6655,131843,2028130,0.3855206370353699
6656,131843,5603586,0.3854214549064636
6657,131843,552457,0.3854109048843384
6658,131843,667396,0.38540518283843994
6659,131843,6452079,0.38533535599708557
6660,131843,5620727,0.3853191137313843
6661,131843,6959891,0.38526004552841187
6662,131843,6084173,0.3852318525314331
6663,131843,8082732,0.3852189779281616
6664,131843,6617197,0.3851848244667053
6665,131843,5766886,0.38515299558639526
6666,131843,2207480,0.3851441740989685
6667,131843,8200945,0.3851311206817627
6668,131843,7576925,0.38512587547302246
6669,131843,6899268,0.38510507345199585
6670,131843,3644647,0.3850434124469757
6671,131843,906759,0.38502418994903564
6672,131843,906757,0.38502418994903564
6673,131843,1329097,0.3850177824497223
6674,131843,2903049,0.38485437631607056
6675,131843,484286,0.3847513198852539
6676,131843,4612240,0.3847513198852539
6677,131843,6828827,0.3847006559371948
6678,131843,364547,0.38467085361480713
6679,131843,6519544,0.38460928201675415
6680,131843,557332,0.3845444321632385
6681,131843,3969462,0.3844786286354065
6682,131843,2884595,0.38446158170700073
6683,131843,5658427,0.38442689180374146
6684,131843,958144,0.38429349660873413
6685,131843,5775327,0.38429102301597595
6686,131843,1467024,0.3842872381210327
6687,131843,5086240,0.3842189311981201
6688,131843,3372515,0.38415223360061646
6689,131843,2921132,0.38408055901527405
6690,131843,309186,0.3840700685977936
6691,131843,2741892,0.38403910398483276
6692,131843,5580362,0.3840232491493225
6693,131843,2697905,0.3839585781097412
6694,131843,6615275,0.38393548130989075
6695,131843,892727,0.3839249014854431
6696,131843,4214823,0.38387060165405273
6697,131843,2105599,0.38385480642318726
6698,131843,5627299,0.38365495204925537
6699,131843,3184991,0.3835526704788208
6700,131843,4887147,0.3834995627403259
6701,131843,3336279,0.38328564167022705
6702,131843,3155019,0.38310888409614563
6703,131843,1803597,0.3831002712249756
6704,131843,683995,0.3830515444278717
6705,131843,5325677,0.38300979137420654
6706,131843,328453,0.38297075033187866
6707,131843,5612799,0.3828524351119995
6708,131843,811116,0.38280612230300903
6709,131843,6083157,0.38279658555984497
6710,131843,1737867,0.3827899694442749
6711,131843,655660,0.38277870416641235
6712,131843,6510309,0.3826972246170044
6713,131843,2022752,0.3826696276664734
6714,131843,2249957,0.3826585114002228
6715,131843,3677255,0.38263723254203796
6716,131843,6033346,0.3824866712093353
6717,131843,6394298,0.38243865966796875
6718,131843,5991835,0.38238948583602905
6719,131843,5339037,0.3823215365409851
6720,131843,2697909,0.3823194205760956
6721,131843,6131986,0.38225457072257996
6722,131843,2538103,0.3822440207004547
6723,131843,6081024,0.3822261095046997
6724,131843,4318915,0.38218921422958374
6725,131843,1200463,0.38217735290527344
6726,131843,7971392,0.38212305307388306
6727,131843,1597975,0.38211116194725037
6728,131843,6684127,0.3820737600326538
6729,131843,2270105,0.38203322887420654
6730,131843,3525280,0.3820284605026245
6731,131843,1641837,0.38202396035194397
6732,131843,551981,0.38194507360458374
6733,131843,8775099,0.38191914558410645
6734,131843,7519376,0.3817886710166931
6735,131843,5991832,0.38176190853118896
6736,131843,4324076,0.38172149658203125
6737,131843,1052511,0.3817123770713806
6738,131843,8479944,0.3817058503627777
6739,131843,2165413,0.38167721033096313
6740,131843,6051748,0.3816055953502655
6741,131843,4182512,0.3815273940563202
6742,131843,6959886,0.38142532110214233
6743,131843,789324,0.38133203983306885
6744,131843,7155564,0.3812966048717499
6745,131843,8520373,0.38125526905059814
6746,131843,2547475,0.38124826550483704
6747,131843,2962969,0.38122594356536865
6748,131843,4035645,0.3811527490615845
6749,131843,7934582,0.38113653659820557
6750,131843,667391,0.38107725977897644
6751,131843,5620795,0.3810350000858307
6752,131843,4320934,0.38092175126075745
6753,131843,6406873,0.3808246850967407
6754,131843,1537001,0.38080936670303345
6755,131843,5485948,0.38075417280197144
6756,131843,5190530,0.3806825876235962
6757,131843,2029742,0.3806670308113098
6758,131843,6712480,0.3806511461734772
6759,131843,5858713,0.38060808181762695
6760,131843,7585575,0.3804987668991089
6761,131843,1052514,0.38044440746307373
6762,131843,5168493,0.3804394006729126
6763,131843,2170394,0.3804266154766083
6764,131843,148453,0.38034677505493164
6765,131843,8187665,0.3803119659423828
6766,131843,2232017,0.380287230014801
6767,131843,3657513,0.38021206855773926
6768,131843,675449,0.38015496730804443
6769,131843,6819848,0.380094438791275
6770,131843,4644622,0.3800041675567627
6771,131843,1525645,0.37999582290649414
6772,131843,7700455,0.3799915611743927
6773,131843,2209793,0.3799283504486084
6774,131843,5065205,0.3799246549606323
6775,131843,4252474,0.3798932135105133
6776,131843,7498593,0.3798915445804596
6777,131843,1727810,0.3798297643661499
6778,131843,2830312,0.3797917366027832
6779,131843,8565526,0.3797910213470459
6780,131843,779093,0.3797643184661865
6781,131843,2489590,0.37965458631515503
6782,131843,1838352,0.3796369433403015
6783,131843,8726523,0.3795570135116577
6784,131843,4691480,0.3795071542263031
6785,131843,234412,0.37948766350746155
6786,131843,512227,0.3794804513454437
6787,131843,7937339,0.3794604241847992
6788,131843,5620793,0.37937989830970764
6789,131843,8306988,0.3792603015899658
6790,131843,3150091,0.37922176718711853
6791,131843,3789486,0.3790932893753052
6792,131843,6571741,0.37907856702804565
6793,131843,5669717,0.3790332078933716
6794,131843,8479946,0.3790022134780884
6795,131843,2339352,0.37889373302459717
6796,131843,2917245,0.3788852095603943
6797,131843,8300725,0.3788476288318634
6798,131843,1236515,0.37880849838256836
6799,131843,3218379,0.3787837624549866
6800,131843,8775095,0.3787350654602051
6801,131843,1797312,0.37870997190475464
6802,131843,2535885,0.378689169883728
6803,131843,2243202,0.37862682342529297
6804,131843,7582052,0.3785679340362549
6805,131843,4743259,0.3783983588218689
6806,131843,6622067,0.3783705532550812
6807,131843,328447,0.37835922837257385
6808,131843,5653996,0.37828588485717773
6809,131843,5991837,0.3782655596733093
6810,131843,7995613,0.37824851274490356
6811,131843,2607856,0.3782101571559906
6812,131843,328452,0.3781680464744568
6813,131843,1338764,0.37816500663757324
6814,131843,2126676,0.3781619966030121
6815,131843,3894976,0.3781118392944336
6816,131843,1698224,0.37811094522476196
6817,131843,7512425,0.3780055046081543
6818,131843,2185498,0.37794893980026245
6819,131843,2615415,0.37791359424591064
6820,131843,5620794,0.37787508964538574
6821,131843,1158447,0.3775942325592041
6822,131843,2914111,0.3775642216205597
6823,131843,1410858,0.3775394856929779
6824,131843,7142154,0.3774893879890442
6825,131843,618883,0.3774412274360657
6826,131843,1591410,0.3774341940879822
6827,131843,1016146,0.37739086151123047
6828,131843,7550998,0.3773564398288727
6829,131843,546663,0.3773149251937866
6830,131843,2106768,0.37729859352111816
6831,131843,7826528,0.37727582454681396
6832,131843,1174304,0.377240926027298
6833,131843,7424665,0.3772237002849579
6834,131843,5745272,0.3771882951259613
6835,131843,8130156,0.37714478373527527
6836,131843,5063391,0.37712931632995605
6837,131843,5297429,0.3770884573459625
6838,131843,4376496,0.377038836479187
6839,131843,2570759,0.37703877687454224
6840,131843,2106765,0.3770107328891754
6841,131843,1225635,0.37696194648742676
6842,131843,6684126,0.37695279717445374
6843,131843,1842865,0.37694960832595825
6844,131843,1036384,0.3769240975379944
6845,131843,6833281,0.3769143223762512
6846,131843,7191464,0.37687885761260986
6847,131843,5595370,0.37682685256004333
6848,131843,3525281,0.37680086493492126
6849,131843,5830359,0.3767615258693695
6850,131843,8102140,0.37675124406814575
6851,131843,2748024,0.3767189383506775
6852,131843,4900469,0.3767128586769104
6853,131843,789562,0.37662720680236816
6854,131843,3336280,0.37662699818611145
6855,131843,658499,0.3765825629234314
6856,131843,6967091,0.3765791654586792
6857,131843,5959690,0.3765384554862976
6858,131843,40909,0.3763994574546814
6859,131843,1019936,0.37635672092437744
6860,131843,6394293,0.3763197958469391
6861,131843,581668,0.3762870728969574
6862,131843,4974370,0.3762378692626953
6863,131843,4252479,0.376053124666214
6864,131843,543411,0.37602517008781433
6865,131843,7713674,0.37599191069602966
6866,131843,1368611,0.3759799599647522
6867,131843,4442948,0.3759021759033203
6868,131843,2915704,0.37581580877304077
6869,131843,6259160,0.37580958008766174
6870,131843,2207586,0.37580394744873047
6871,131843,7808778,0.37576723098754883
6872,131843,6678287,0.3757537007331848
6873,131843,4900466,0.37568920850753784
6874,131843,6269707,0.3756885230541229
6875,131843,8830095,0.3756508231163025
6876,131843,6047543,0.37560582160949707
6877,131843,6767058,0.37560155987739563
6878,131843,6828821,0.3755785822868347
6879,131843,5655547,0.37551194429397583
6880,131843,7567200,0.3754926323890686
6881,131843,1277226,0.3754867911338806
6882,131843,7282837,0.3754476308822632
6883,131843,4560313,0.37544482946395874
6884,131843,8025972,0.375421404838562
6885,131843,4855058,0.37533965706825256
6886,131843,7364085,0.37531155347824097
6887,131843,1869120,0.3752865195274353
6888,131843,5794313,0.37524235248565674
6889,131843,4063396,0.37524157762527466
6890,131843,5756800,0.3752386271953583
6891,131843,3932735,0.3751968443393707
6892,131843,7031974,0.3751251697540283
6893,131843,1812595,0.37505263090133667
6894,131843,6047544,0.3750479221343994
6895,131843,5603584,0.3750152885913849
6896,131843,4193987,0.37501490116119385
6897,131843,1113408,0.37497299909591675
6898,131843,1980269,0.37487831711769104
6899,131843,7159329,0.37486034631729126
6900,131843,425781,0.37483006715774536
6901,131843,6546637,0.374741792678833
6902,131843,7759230,0.374735563993454
6903,131843,7401444,0.37473395466804504
6904,131843,1195358,0.374614953994751
6905,131843,2948647,0.3745393455028534
6906,131843,184593,0.37442541122436523
6907,131843,3394990,0.37433236837387085
6908,131843,3202345,0.3742966055870056
6909,131843,6571737,0.3742905855178833
6910,131843,997212,0.374265193939209
6911,131843,3041940,0.37425288558006287
6912,131843,1329098,0.3742297887802124
6913,131843,8330056,0.3742196559906006
6914,131843,6622068,0.3741946220397949
6915,131843,7401451,0.3741510510444641
6916,131843,5984938,0.3741454780101776
6917,131843,3557769,0.3741222321987152
6918,131843,699994,0.37405821681022644
6919,131843,627831,0.374043345451355
6920,131843,6856754,0.37400543689727783
6921,131843,2302699,0.37400344014167786
6922,131843,4900462,0.3738514184951782
6923,131843,3786098,0.3738018870353699
6924,131843,601632,0.37376686930656433
6925,131843,6166563,0.3737461566925049
6926,131843,6887263,0.3737207353115082
6927,131843,448172,0.37358558177948
6928,131843,4572096,0.37357082962989807
6929,131843,933535,0.3735472559928894
6930,131843,6828824,0.3735349178314209
6931,131843,8754902,0.3735101819038391
6932,131843,8075975,0.37347960472106934
6933,131843,3880933,0.37342360615730286
6934,131843,4438657,0.3733568787574768
6935,131843,1760479,0.37332653999328613
6936,131843,6608927,0.37331196665763855
6937,131843,601628,0.37320539355278015
6938,131843,3504417,0.37316590547561646
6939,131843,1439573,0.37314572930336
6940,131843,4855059,0.373046875
6941,131843,6898623,0.3730306029319763
6942,131843,6047545,0.373019278049469
6943,131843,725493,0.37297284603118896
6944,131843,1718646,0.3729497790336609
6945,131843,6945310,0.3729102611541748
6946,131843,3068942,0.37290024757385254
6947,131843,7798089,0.37288594245910645
6948,131843,789325,0.37282201647758484
6949,131843,4729714,0.37273091077804565
6950,131843,8626479,0.3726949095726013
6951,131843,8824663,0.37258297204971313
6952,131843,6043301,0.37250667810440063
6953,131843,1277225,0.37246960401535034
6954,131843,8098923,0.3724437952041626
6955,131843,6856751,0.3723990023136139
6956,131843,5976821,0.3723524808883667
6957,131843,2062040,0.37234604358673096
6958,131843,2126679,0.3723411560058594
6959,131843,1259733,0.37233179807662964
6960,131843,8211533,0.3723180294036865
6961,131843,5595364,0.37224718928337097
6962,131843,5715081,0.37220096588134766
6963,131843,6827515,0.3720755875110626
6964,131843,1397182,0.37195611000061035
6965,131843,1838348,0.3719363212585449
6966,131843,5830364,0.37192243337631226
6967,131843,5595369,0.3718292713165283
6968,131843,5526960,0.37179332971572876
6969,131843,5250283,0.37178122997283936
6970,131843,5669719,0.37175464630126953
6971,131843,4862634,0.37174344062805176
6972,131843,1754753,0.37168556451797485
6973,131843,7483620,0.37160366773605347
6974,131843,558001,0.37155312299728394
6975,131843,3731584,0.37151241302490234
6976,131843,6259051,0.37150949239730835
6977,131843,8439199,0.3714909553527832
6978,131843,8025971,0.3714882433414459
6979,131843,2471839,0.3714534640312195
6980,131843,1760475,0.3714439868927002
6981,131843,6678285,0.3713933527469635
6982,131843,5901315,0.37132537364959717
6983,131843,6877361,0.3713136315345764
6984,131843,7884652,0.3713044822216034
6985,131843,3202347,0.37130239605903625
6986,131843,6403350,0.37129712104797363
6987,131843,6635134,0.3712959885597229
6988,131843,4170742,0.3712621331214905
6989,131843,6678734,0.3712518513202667
6990,131843,3411821,0.37124472856521606
6991,131843,1547391,0.37122035026550293
6992,131843,8300720,0.37118569016456604
6993,131843,6086587,0.3711789548397064
6994,131843,8252133,0.37101292610168457
6995,131843,4833185,0.3709509074687958
6996,131843,3202344,0.37086009979248047
6997,131843,4417843,0.37084725499153137
6998,131843,2402667,0.37083667516708374
6999,131843,1760476,0.37083059549331665
7000,146187,8434619,0.8013772368431091
7001,146187,8434623,0.7403517961502075
7002,146187,8434625,0.7179001569747925
7003,146187,8434626,0.7074369788169861
7004,146187,8434624,0.6338146328926086
7005,146187,8434622,0.630520224571228
7006,146187,8434620,0.6282163262367249
7007,146187,744165,0.5964055061340332
7008,146187,8434618,0.5722979307174683
7009,146187,2226093,0.54718017578125
7010,146187,6483699,0.5263820886611938
7011,146187,744167,0.5234254002571106
7012,146187,5566562,0.5118974447250366
7013,146187,76348,0.5097769498825073
7014,146187,6430259,0.5087721347808838
7015,146187,7956019,0.5023428201675415
7016,146187,4214925,0.4997110664844513
7017,146187,8042967,0.4890158176422119
7018,146187,6430257,0.4890090227127075
7019,146187,6483698,0.48807665705680847
7020,146187,4777144,0.47334519028663635
7021,146187,744168,0.47192901372909546
7022,146187,8042968,0.4717229902744293
7023,146187,8795494,0.47165167331695557
7024,146187,7772762,0.4675154387950897
7025,146187,4216902,0.46645742654800415
7026,146187,8040770,0.46482551097869873
7027,146187,3963189,0.4614008069038391
7028,146187,4216895,0.4601595401763916
7029,146187,3615731,0.45707330107688904
7030,146187,264962,0.4561276435852051
7031,146187,2087678,0.4553908109664917
7032,146187,1028972,0.4546384811401367
7033,146187,4631167,0.45448774099349976
7034,146187,7704674,0.45309221744537354
7035,146187,5676899,0.45067352056503296
7036,146187,64892,0.44912928342819214
7037,146187,7093331,0.4484506845474243
7038,146187,744171,0.4477660357952118
7039,146187,1972078,0.4473145306110382
7040,146187,427859,0.4467732310295105
7041,146187,7559581,0.4455249011516571
7042,146187,5504052,0.44479140639305115
7043,146187,5676900,0.4445948302745819
7044,146187,7559577,0.4429469108581543
7045,146187,8795491,0.44118839502334595
7046,146187,2256092,0.44051918387413025
7047,146187,4992658,0.44049254059791565
7048,146187,4216901,0.43929436802864075
7049,146187,8481818,0.4384636878967285
7050,146187,8042974,0.43796026706695557
7051,146187,6430260,0.4377848505973816
7052,146187,4214923,0.43722137808799744
7053,146187,8042971,0.4365418553352356
7054,146187,2269609,0.4359738528728485
7055,146187,2204473,0.4356011152267456
7056,146187,7559579,0.4348897337913513
7057,146187,7836294,0.43484973907470703
7058,146187,7559578,0.4343285858631134
7059,146187,1028974,0.43401241302490234
7060,146187,1144277,0.4334148168563843
7061,146187,5420357,0.4330364465713501
7062,146187,6685073,0.4316200911998749
7063,146187,5217815,0.4306401014328003
7064,146187,4829691,0.43021029233932495
7065,146187,7836297,0.42980778217315674
7066,146187,64894,0.4286169409751892
7067,146187,6902054,0.4281383156776428
7068,146187,315525,0.42658740282058716
7069,146187,5847718,0.4264846444129944
7070,146187,5384924,0.42609724402427673
7071,146187,7782525,0.4259931743144989
7072,146187,8434621,0.4256461262702942
7073,146187,4423480,0.42519959807395935
7074,146187,6106543,0.4249976873397827
7075,146187,7424466,0.42426881194114685
7076,146187,3975744,0.4240249693393707
7077,146187,7998174,0.4239322543144226
7078,146187,2880140,0.4236071705818176
7079,146187,5216665,0.42336389422416687
7080,146187,4455992,0.4228564500808716
7081,146187,847584,0.42259249091148376
7082,146187,6483701,0.42162930965423584
7083,146187,7782529,0.42120838165283203
7084,146187,58532,0.4202684760093689
7085,146187,8489397,0.42022591829299927
7086,146187,2764482,0.4200974106788635
7087,146187,1493352,0.4197705388069153
7088,146187,7096819,0.4194076657295227
7089,146187,4698078,0.4187142848968506
7090,146187,8672534,0.41853100061416626
7091,146187,7295993,0.41817745566368103
7092,146187,8795488,0.41811272501945496
7093,146187,7485141,0.41748926043510437
7094,146187,5408035,0.4172183871269226
7095,146187,4578245,0.4165315330028534
7096,146187,7093332,0.41618528962135315
7097,146187,2451807,0.41610944271087646
7098,146187,847580,0.4159621298313141
7099,146187,8465837,0.4144158363342285
7100,146187,2040185,0.4137204587459564
7101,146187,8361899,0.41354799270629883
7102,146187,5710205,0.4132695198059082
7103,146187,1246743,0.4132141172885895
7104,146187,1493345,0.413160502910614
7105,146187,2175182,0.4127366244792938
7106,146187,2390919,0.4124627709388733
7107,146187,8795495,0.41237545013427734
7108,146187,1327051,0.4122358560562134
7109,146187,7836296,0.41222989559173584
7110,146187,2374450,0.4116203188896179
7111,146187,1692821,0.4114694595336914
7112,146187,8795490,0.4110642373561859
7113,146187,5566569,0.4107953906059265
7114,146187,5324093,0.4103262424468994
7115,146187,4796071,0.41017675399780273
7116,146187,6137739,0.4094153642654419
7117,146187,249507,0.40931424498558044
7118,146187,2533111,0.4092997908592224
7119,146187,8795489,0.40906766057014465
7120,146187,6871910,0.40891581773757935
7121,146187,5943363,0.40866267681121826
7122,146187,1034085,0.40850284695625305
7123,146187,6835103,0.4082811176776886
7124,146187,6675510,0.4081685543060303
7125,146187,7191459,0.4081311821937561
7126,146187,2024537,0.40796971321105957
7127,146187,8434617,0.40726223587989807
7128,146187,4216897,0.4070895314216614
7129,146187,5127594,0.4070214033126831
7130,146187,6530145,0.4069657325744629
7131,146187,8361901,0.4069451689720154
7132,146187,8078339,0.40690672397613525
7133,146187,1144286,0.40684592723846436
7134,146187,3397685,0.4067360758781433
7135,146187,5548652,0.4064987301826477
7136,146187,8465843,0.40640580654144287
7137,146187,1759242,0.40579429268836975
7138,146187,744163,0.40528327226638794
7139,146187,5324089,0.40509647130966187
7140,146187,2277874,0.40490415692329407
7141,146187,5238595,0.4048784375190735
7142,146187,409933,0.40474840998649597
7143,146187,4796065,0.4046025276184082
7144,146187,6483703,0.4044386148452759
7145,146187,5408030,0.40410393476486206
7146,146187,8458392,0.4038581848144531
7147,146187,1144279,0.4035244584083557
7148,146187,143367,0.403434693813324
7149,146187,3695106,0.403349369764328
7150,146187,8422375,0.4031938314437866
7151,146187,8361902,0.40294283628463745
7152,146187,3307766,0.40289849042892456
7153,146187,5624871,0.4027063250541687
7154,146187,6100826,0.40268027782440186
7155,146187,3650143,0.40244096517562866
7156,146187,6490373,0.40236273407936096
7157,146187,3975746,0.40226420760154724
7158,146187,1028966,0.4017985165119171
7159,146187,7828626,0.40163588523864746
7160,146187,5979161,0.4011210799217224
7161,146187,315526,0.4010672867298126
7162,146187,7033283,0.40101563930511475
7163,146187,179924,0.4007427394390106
7164,146187,3900366,0.4007300138473511
7165,146187,3615724,0.4004991054534912
7166,146187,6573194,0.40040382742881775
7167,146187,4921741,0.39999496936798096
7168,146187,5913639,0.39969396591186523
7169,146187,6576769,0.3996354937553406
7170,146187,7485139,0.3993768095970154
7171,146187,1369241,0.3993687629699707
7172,146187,5208812,0.3992305397987366
7173,146187,5668242,0.3989427089691162
7174,146187,64898,0.39874958992004395
7175,146187,2496851,0.39839428663253784
7176,146187,6902057,0.39821791648864746
7177,146187,6100820,0.398169606924057
7178,146187,4631170,0.3980759382247925
7179,146187,4711842,0.3980458080768585
7180,146187,5141744,0.3978442847728729
7181,146187,3948687,0.39776816964149475
7182,146187,4796069,0.3975908160209656
7183,146187,4698783,0.3973291516304016
7184,146187,5268872,0.3969847559928894
7185,146187,8119062,0.39688897132873535
7186,146187,5979156,0.3968470096588135
7187,146187,5408033,0.3967665433883667
7188,146187,2533113,0.3963555693626404
7189,146187,4437872,0.3957100808620453
7190,146187,2374448,0.3954600393772125
7191,146187,1144282,0.3953723907470703
7192,146187,4741857,0.3951675295829773
7193,146187,7828624,0.3948575258255005
7194,146187,8421004,0.39478474855422974
7195,146187,7126360,0.39461588859558105
7196,146187,825894,0.39410775899887085
7197,146187,6565430,0.3940737545490265
7198,146187,4104243,0.39403998851776123
7199,146187,5530333,0.3937034010887146
7200,146187,1138801,0.39370039105415344
7201,146187,1945797,0.39346617460250854
7202,146187,1911877,0.39317166805267334
7203,146187,3428886,0.3929442763328552
7204,146187,6871911,0.3926715552806854
7205,146187,5859210,0.39262065291404724
7206,146187,64900,0.3925885260105133
7207,146187,4062820,0.3924989402294159
7208,146187,3963187,0.39242568612098694
7209,146187,1250217,0.39237529039382935
7210,146187,5208807,0.3922960162162781
7211,146187,1884869,0.39219164848327637
7212,146187,7983874,0.39215731620788574
7213,146187,2257806,0.39213377237319946
7214,146187,7828625,0.3919076919555664
7215,146187,2752691,0.3914887011051178
7216,146187,3810965,0.39130765199661255
7217,146187,7681682,0.3912820816040039
7218,146187,6530147,0.39118140935897827
7219,146187,6461204,0.3910455107688904
7220,146187,4244829,0.3909650146961212
7221,146187,1791669,0.3909616470336914
7222,146187,6573193,0.3909267783164978
7223,146187,2351008,0.3908367156982422
7224,146187,6490379,0.3907964825630188
7225,146187,259379,0.39071789383888245
7226,146187,8140855,0.39059552550315857
7227,146187,514660,0.3904803991317749
7228,146187,6015026,0.3904584050178528
7229,146187,3606015,0.38981959223747253
7230,146187,645740,0.3897905647754669
7231,146187,8147407,0.38965415954589844
7232,146187,7536236,0.38959282636642456
7233,146187,8043235,0.38957640528678894
7234,146187,7827864,0.3894345164299011
7235,146187,1230566,0.3893577456474304
7236,146187,7093328,0.38904356956481934
7237,146187,6778687,0.38884174823760986
7238,146187,4923945,0.38852375745773315
7239,146187,6747419,0.3884376287460327
7240,146187,7540938,0.38833504915237427
7241,146187,1028965,0.388226717710495
7242,146187,1174372,0.38766103982925415
7243,146187,3523051,0.3876388370990753
7244,146187,6820386,0.38755062222480774
7245,146187,2698266,0.38746440410614014
7246,146187,7061644,0.3871852159500122
7247,146187,3307764,0.386758029460907
7248,146187,179928,0.3864693343639374
7249,146187,5408029,0.386419415473938
7250,146187,4377467,0.3863704204559326
7251,146187,6565425,0.3863266706466675
7252,146187,7704679,0.38629457354545593
7253,146187,5182554,0.38624387979507446
7254,146187,6675509,0.3862384557723999
7255,146187,686235,0.3861757218837738
7256,146187,5624877,0.3859539031982422
7257,146187,4455987,0.3859400153160095
7258,146187,4730231,0.38574111461639404
7259,146187,5746033,0.3854604661464691
7260,146187,3869716,0.3849833607673645
7261,146187,3307759,0.3849089443683624
7262,146187,7097310,0.3848780691623688
7263,146187,7115840,0.38474640250205994
7264,146187,1945806,0.3847387433052063
7265,146187,6279634,0.38466525077819824
7266,146187,6428981,0.38425153493881226
7267,146187,516796,0.3842409551143646
7268,146187,4964899,0.3842287063598633
7269,146187,8607909,0.384184330701828
7270,146187,2364432,0.38404858112335205
7271,146187,530091,0.38402462005615234
7272,146187,2642358,0.3839836120605469
7273,146187,3330472,0.3839492201805115
7274,146187,45008,0.3839286267757416
7275,146187,2764484,0.3838285207748413
7276,146187,2351010,0.3837490677833557
7277,146187,5746034,0.38367682695388794
7278,146187,4656257,0.38360992074012756
7279,146187,3900365,0.38336461782455444
7280,146187,4921740,0.3832969069480896
7281,146187,8461480,0.3831555247306824
7282,146187,4406988,0.38281378149986267
7283,146187,8350560,0.38275259733200073
7284,146187,4811913,0.38221704959869385
7285,146187,5365829,0.3821792006492615
7286,146187,3411286,0.3820916414260864
7287,146187,8053724,0.38207998871803284
7288,146187,4061719,0.38189005851745605
7289,146187,1755349,0.38173484802246094
7290,146187,1841195,0.3816858232021332
7291,146187,8243684,0.3815109133720398
7292,146187,4037895,0.3814955949783325
7293,146187,1945165,0.3813425302505493
7294,146187,64896,0.38094282150268555
7295,146187,3349204,0.38023054599761963
7296,146187,8361898,0.38014644384384155
7297,146187,3076773,0.3801194131374359
7298,146187,8422377,0.38003331422805786
7299,146187,7095976,0.37996265292167664
7300,146187,7416191,0.3798697888851166
7301,146187,137002,0.3798571825027466
7302,146187,7832874,0.37939023971557617
7303,146187,5552200,0.37931251525878906
7304,146187,6941314,0.37926289439201355
7305,146187,6795315,0.37920942902565
7306,146187,1020919,0.3791559934616089
7307,146187,8120626,0.37914907932281494
7308,146187,1676987,0.3791118860244751
7309,146187,4423488,0.3787514567375183
7310,146187,5125054,0.3787055015563965
7311,146187,3948688,0.3786974251270294
7312,146187,6961244,0.37868034839630127
7313,146187,483380,0.37865734100341797
7314,146187,5633107,0.37865686416625977
7315,146187,7781281,0.3783302903175354
7316,146187,5633825,0.3783102333545685
7317,146187,1182826,0.3781459927558899
7318,146187,1825885,0.3781055510044098
7319,146187,5324092,0.3779727816581726
7320,146187,6137904,0.37774592638015747
7321,146187,1028971,0.3776736557483673
7322,146187,7799785,0.3776533007621765
7323,146187,7249208,0.3775480389595032
7324,146187,2009637,0.37751856446266174
7325,146187,2236210,0.3775016665458679
7326,146187,2374449,0.37747853994369507
7327,146187,3795173,0.37740272283554077
7328,146187,3328449,0.3773597180843353
7329,146187,744166,0.3771355152130127
7330,146187,45138,0.3770919442176819
7331,146187,1433690,0.37701135873794556
7332,146187,1825660,0.3770011365413666
7333,146187,5548655,0.3768298029899597
7334,146187,1394629,0.3767569065093994
7335,146187,2503240,0.37673693895339966
7336,146187,7704677,0.376706600189209
7337,146187,3512822,0.3766680657863617
7338,146187,1962579,0.3764813244342804
7339,146187,5603659,0.37646806240081787
7340,146187,4216894,0.37641263008117676
7341,146187,2969427,0.3764064908027649
7342,146187,1944220,0.37639790773391724
7343,146187,8350559,0.37638574838638306
7344,146187,5458865,0.3763163685798645
7345,146187,4811906,0.3762948215007782
7346,146187,6592377,0.3758838176727295
7347,146187,5979153,0.3758505582809448
7348,146187,570517,0.37583082914352417
7349,146187,5889121,0.375732421875
7350,146187,5979154,0.37565022706985474
7351,146187,7425939,0.3755774199962616
7352,146187,7998179,0.37547528743743896
7353,146187,8140711,0.37527433037757874
7354,146187,6921486,0.3752712607383728
7355,146187,114594,0.37518182396888733
7356,146187,2901879,0.3751595616340637
7357,146187,693031,0.3750125467777252
7358,146187,6553319,0.3750038743019104
7359,146187,4921748,0.37485864758491516
7360,146187,514658,0.37476491928100586
7361,146187,7427608,0.3747420907020569
7362,146187,8289075,0.374739408493042
7363,146187,7998173,0.3747379779815674
7364,146187,684053,0.3745572566986084
7365,146187,5543956,0.3745509386062622
7366,146187,6968822,0.3745359182357788
7367,146187,4497606,0.3745342493057251
7368,146187,5624872,0.37443602085113525
7369,146187,250099,0.3744329810142517
7370,146187,2212459,0.37442511320114136
7371,146187,1437183,0.37436094880104065
7372,146187,4784432,0.3743310570716858
7373,146187,1841197,0.3741130828857422
7374,146187,790060,0.3738580346107483
7375,146187,8254183,0.37379419803619385
7376,146187,7289077,0.3737114667892456
7377,146187,6779927,0.37370699644088745
7378,146187,4254752,0.3735516667366028
7379,146187,8042972,0.3733995258808136
7380,146187,785222,0.37337726354599
7381,146187,3747067,0.3733762800693512
7382,146187,4487020,0.3732793629169464
7383,146187,1636405,0.3732401728630066
7384,146187,2246721,0.3731594681739807
7385,146187,4319614,0.3730347156524658
7386,146187,6207907,0.37284108996391296
7387,146187,8133112,0.372836172580719
7388,146187,5603656,0.37275734543800354
7389,146187,64895,0.372501015663147
7390,146187,2802156,0.3723488748073578
7391,146187,2497455,0.3720279932022095
7392,146187,2430978,0.371918261051178
7393,146187,3771524,0.37188953161239624
7394,146187,562409,0.37170183658599854
7395,146187,179927,0.3716753125190735
7396,146187,7553583,0.3716578185558319
7397,146187,7033967,0.37160125374794006
7398,146187,660099,0.37154433131217957
7399,146187,1383026,0.3715260326862335
7400,146187,3590061,0.37147411704063416
7401,146187,4992660,0.3714450001716614
7402,146187,1506442,0.3713727593421936
7403,146187,5458866,0.37132275104522705
7404,146187,6875822,0.3712998628616333
7405,146187,2684738,0.3712921440601349
7406,146187,464256,0.37105780839920044
7407,146187,7457321,0.370850145816803
7408,146187,1205835,0.3706359267234802
7409,146187,6139308,0.37059885263442993
7410,146187,2444447,0.37050098180770874
7411,146187,7440724,0.3703526258468628
7412,146187,4660189,0.3702092170715332
7413,146187,8583189,0.37016019225120544
7414,146187,7678778,0.37015819549560547
7415,146187,8256266,0.37005072832107544
7416,146187,1493347,0.36999326944351196
7417,146187,1725566,0.3699222207069397
7418,146187,2263623,0.36992061138153076
7419,146187,1254157,0.36991822719573975
7420,146187,4340601,0.369884192943573
7421,146187,6665179,0.3698515295982361
7422,146187,687048,0.3698234260082245
7423,146187,7249207,0.36974549293518066
7424,146187,7017964,0.3697403073310852
7425,146187,7280542,0.3695390820503235
7426,146187,5929436,0.369429349899292
7427,146187,5499710,0.36928415298461914
7428,146187,7182180,0.36926519870758057
7429,146187,1050116,0.36916786432266235
7430,146187,7828622,0.3691287636756897
7431,146187,8386154,0.36902618408203125
7432,146187,6430258,0.3690038025379181
7433,146187,179925,0.3689380884170532
7434,146187,7802033,0.36886146664619446
7435,146187,4727449,0.3688164949417114
7436,146187,6729763,0.3687886595726013
7437,146187,5064927,0.3687777519226074
7438,146187,4093081,0.36851468682289124
7439,146187,7756886,0.36843448877334595
7440,146187,5238589,0.3684205412864685
7441,146187,6943599,0.36840859055519104
7442,146187,3312689,0.36838865280151367
7443,146187,7544925,0.36817610263824463
7444,146187,5349667,0.3681252598762512
7445,146187,3963185,0.3681222200393677
7446,146187,733234,0.36803799867630005
7447,146187,5802822,0.36800894141197205
7448,146187,6923071,0.36800646781921387
7449,146187,1635089,0.36791104078292847
7450,146187,7096825,0.3678666353225708
7451,146187,2175184,0.36780571937561035
7452,146187,38391,0.3677803575992584
7453,146187,7462287,0.3673795461654663
7454,146187,8094823,0.3673437237739563
7455,146187,5943365,0.36732494831085205
7456,146187,1714954,0.36726808547973633
7457,146187,2150096,0.3671819865703583
7458,146187,4070650,0.36714017391204834
7459,146187,2175181,0.36697325110435486
7460,146187,1232419,0.36695969104766846
7461,146187,4598402,0.3669217526912689
7462,146187,4798530,0.36689746379852295
7463,146187,3203263,0.3668154776096344
7464,146187,5492583,0.36676740646362305
7465,146187,2708532,0.36645185947418213
7466,146187,6779871,0.3660348057746887
7467,146187,8367984,0.36603373289108276
7468,146187,8042965,0.366018146276474
7469,146187,5876859,0.3659995198249817
7470,146187,6173256,0.3659592270851135
7471,146187,3801734,0.3658004701137543
7472,146187,4637624,0.36579468846321106
7473,146187,4829692,0.3657469153404236
7474,146187,5624878,0.3657436966896057
7475,146187,2533114,0.3657223582267761
7476,146187,6833899,0.3657190799713135
7477,146187,7643273,0.3656788468360901
7478,146187,1050123,0.36556148529052734
7479,146187,5097653,0.3655215799808502
7480,146187,3668799,0.3655206859111786
7481,146187,250098,0.36547914147377014
7482,146187,8382105,0.36537325382232666
7483,146187,3788308,0.36518222093582153
7484,146187,3977098,0.3651818037033081
7485,146187,5308408,0.3651498854160309
7486,146187,2788559,0.3650763928890228
7487,146187,785225,0.3650546073913574
7488,146187,8514522,0.3648940920829773
7489,146187,3771531,0.3648509383201599
7490,146187,6307291,0.36475837230682373
7491,146187,5920120,0.3647572994232178
7492,146187,4364846,0.3647300601005554
7493,146187,2160616,0.36471205949783325
7494,146187,3293676,0.36469316482543945
7495,146187,3935849,0.3646456301212311
7496,146187,733236,0.3646355867385864
7497,146187,8018420,0.36463093757629395
7498,146187,6518936,0.36460649967193604
7499,146187,460516,0.36458340287208557
7500,146187,4182695,0.3645813465118408
7501,146187,1050118,0.3645758628845215
7502,146187,8172660,0.36455872654914856
7503,146187,6483114,0.3645198941230774
7504,146187,4375901,0.3644946813583374
7505,146187,4191771,0.3644639253616333
7506,146187,4006671,0.3644542396068573
7507,146187,8378656,0.3644216060638428
7508,146187,1828475,0.3643798828125
7509,146187,6581993,0.3643503785133362
7510,146187,6451714,0.3643435835838318
7511,146187,2469604,0.36433589458465576
7512,146187,5355507,0.3643074333667755
7513,146187,409935,0.3641444742679596
7514,146187,1028970,0.3640846610069275
7515,146187,4343453,0.3640093207359314
7516,146187,7867606,0.363868772983551
7517,146187,4340598,0.3636300265789032
7518,146187,2511558,0.3632355034351349
7519,146187,3315983,0.3630966544151306
7520,146187,8378648,0.3630880117416382
7521,146187,6092644,0.36308687925338745
7522,146187,6258680,0.3630092144012451
7523,146187,5407382,0.36294370889663696
7524,146187,1954249,0.3628702759742737
7525,146187,6106542,0.36283713579177856
7526,146187,1580377,0.36282050609588623
7527,146187,8202236,0.3628055453300476
7528,146187,4162183,0.3627791404724121
7529,146187,4473501,0.3625444769859314
7530,146187,3017615,0.36252468824386597
7531,146187,7998178,0.3625166714191437
7532,146187,6066656,0.36235368251800537
7533,146187,8361458,0.36231905221939087
7534,146187,5182558,0.3623100519180298
7535,146187,7469930,0.3620700240135193
7536,146187,2698261,0.3620673418045044
7537,146187,3315982,0.361966609954834
7538,146187,8556460,0.3619406521320343
7539,146187,8159383,0.36187952756881714
7540,146187,1377486,0.36187732219696045
7541,146187,762273,0.3618413805961609
7542,146187,3810964,0.36180442571640015
7543,146187,7061638,0.36179858446121216
7544,146187,4996249,0.3617566227912903
7545,146187,570515,0.36173081398010254
7546,146187,5552197,0.36171942949295044
7547,146187,2509,0.3616706132888794
7548,146187,1652987,0.36163532733917236
7549,146187,4829695,0.3616076707839966
7550,146187,6139306,0.36159685254096985
7551,146187,280763,0.36154770851135254
7552,146187,527945,0.3614799678325653
7553,146187,419227,0.36139947175979614
7554,146187,3203261,0.36137375235557556
7555,146187,4554490,0.361327588558197
7556,146187,4056257,0.3613094389438629
7557,146187,8227264,0.36130452156066895
7558,146187,6887619,0.361258327960968
7559,146187,5718923,0.36121922731399536
7560,146187,8652737,0.3611701726913452
7561,146187,415875,0.3611689805984497
7562,146187,6106545,0.3610929846763611
7563,146187,8082218,0.3609924912452698
7564,146187,983900,0.3609352111816406
7565,146187,4753254,0.3609093427658081
7566,146187,4267650,0.36087340116500854
7567,146187,3131268,0.3608553409576416
7568,146187,424809,0.3608158826828003
7569,146187,8140852,0.3608054220676422
7570,146187,8256269,0.3607761263847351
7571,146187,64897,0.36075279116630554
7572,146187,6015024,0.3607397675514221
7573,146187,1517311,0.3607029914855957
7574,146187,7858808,0.3605726361274719
7575,146187,698384,0.3605545461177826
7576,146187,2332602,0.36052316427230835
7577,146187,5945408,0.3605194687843323
7578,146187,209472,0.3604581952095032
7579,146187,1676986,0.3604493737220764
7580,146187,32188,0.36040428280830383
7581,146187,249500,0.36029207706451416
7582,146187,2513,0.36028677225112915
7583,146187,6015027,0.3602401316165924
7584,146187,5734463,0.3601710796356201
7585,146187,292745,0.36015310883522034
7586,146187,179929,0.3601343631744385
7587,146187,1838894,0.36012229323387146
7588,146187,7112970,0.360081285238266
7589,146187,5252601,0.36005353927612305
7590,146187,6994485,0.36000144481658936
7591,146187,7417633,0.3598782420158386
7592,146187,2930853,0.35984358191490173
7593,146187,6207910,0.3598429560661316
7594,146187,6641493,0.35981112718582153
7595,146187,2351015,0.35975509881973267
7596,146187,8512726,0.35967087745666504
7597,146187,4472287,0.35961419343948364
7598,146187,5458863,0.3595707416534424
7599,146187,39080,0.359510600566864
7600,146187,2168321,0.3593372702598572
7601,146187,4966049,0.35929936170578003
7602,146187,6727209,0.35925447940826416
7603,146187,346924,0.35923483967781067
7604,146187,333636,0.35923051834106445
7605,146187,3630597,0.3592233955860138
7606,146187,2532486,0.3592199385166168
7607,146187,8699511,0.3592166602611542
7608,146187,2372940,0.35914963483810425
7609,146187,7181002,0.3590591549873352
7610,146187,4216900,0.35903412103652954
7611,146187,1410413,0.3589906096458435
7612,146187,7115845,0.35892200469970703
7613,146187,7114424,0.35886210203170776
7614,146187,342975,0.3588188886642456
7615,146187,6709002,0.35881680250167847
7616,146187,1232421,0.3588121235370636
7617,146187,1051784,0.35873669385910034
7618,146187,179933,0.3587362766265869
7619,146187,6101974,0.35872897505760193
7620,146187,4747549,0.35855382680892944
7621,146187,6249197,0.3585478961467743
7622,146187,4829697,0.3585347831249237
7623,146187,5160615,0.35852253437042236
7624,146187,4631165,0.35849905014038086
7625,146187,5242303,0.35844266414642334
7626,146187,7416184,0.35838213562965393
7627,146187,2341579,0.35822629928588867
7628,146187,3376794,0.35812824964523315
7629,146187,3636594,0.3580617308616638
7630,146187,3397686,0.35805943608283997
7631,146187,5302096,0.3580332398414612
7632,146187,4966050,0.35801824927330017
7633,146187,5364904,0.35801583528518677
7634,146187,6490380,0.357982337474823
7635,146187,6425331,0.3579699993133545
7636,146187,8081029,0.35786172747612
7637,146187,3890316,0.35775458812713623
7638,146187,4747551,0.3576604723930359
7639,146187,39079,0.3576330542564392
7640,146187,6875318,0.35762935876846313
7641,146187,1367176,0.3575708270072937
7642,146187,4833979,0.3575645089149475
7643,146187,7115842,0.3575545847415924
7644,146187,683823,0.3574887216091156
7645,146187,8109788,0.35738953948020935
7646,146187,1249544,0.3572220206260681
7647,146187,2159487,0.357208788394928
7648,146187,7704676,0.3571770191192627
7649,146187,8828942,0.35717082023620605
7650,146187,6835102,0.35716456174850464
7651,146187,6437665,0.3571275770664215
7652,146187,7046251,0.3571111559867859
7653,146187,6573192,0.3570173382759094
7654,146187,2168325,0.35698649287223816
7655,146187,3909292,0.3569783568382263
7656,146187,3900046,0.3569624722003937
7657,146187,5730443,0.356955349445343
7658,146187,852082,0.3567620515823364
7659,146187,3743430,0.35674870014190674
7660,146187,4273531,0.3567180931568146
7661,146187,7158603,0.3566649556159973
7662,146187,2179439,0.35657912492752075
7663,146187,7099423,0.3564882278442383
7664,146187,6192055,0.35646748542785645
7665,146187,2301597,0.3564452528953552
7666,146187,3313670,0.3564167618751526
7667,146187,4487017,0.35641029477119446
7668,146187,5913638,0.35638338327407837
7669,146187,4340597,0.3563764691352844
7670,146187,1097315,0.35605764389038086
7671,146187,3166812,0.356031209230423
7672,146187,4537180,0.35599595308303833
7673,146187,7945155,0.3559534549713135
7674,146187,4297426,0.3559078574180603
7675,146187,2402406,0.35589587688446045
7676,146187,5746030,0.35588783025741577
7677,146187,3880608,0.35583293437957764
7678,146187,3470740,0.35582491755485535
7679,146187,2627771,0.35578736662864685
7680,146187,6553323,0.35578635334968567
7681,146187,7622890,0.3557584583759308
7682,146187,7772761,0.35572531819343567
7683,146187,6194779,0.35567033290863037
7684,146187,1960036,0.35560673475265503
7685,146187,5200743,0.3555954694747925
7686,146187,3497113,0.3555816411972046
7687,146187,2370168,0.3555550277233124
7688,146187,4386659,0.35544565320014954
7689,146187,1827850,0.35533246397972107
7690,146187,5859205,0.35524439811706543
7691,146187,8607908,0.35523802042007446
7692,146187,7991899,0.3552287817001343
7693,146187,1696667,0.3551982343196869
7694,146187,4937663,0.35517650842666626
7695,146187,3615725,0.35515105724334717
7696,146187,5931303,0.355094850063324
7697,146187,6530142,0.3549935221672058
7698,146187,4854693,0.35496610403060913
7699,146187,7061635,0.35495930910110474
7700,146187,1290184,0.3549363613128662
7701,146187,4660554,0.3549278974533081
7702,146187,491841,0.35486578941345215
7703,146187,4866718,0.35471779108047485
7704,146187,5977489,0.3547174334526062
7705,146187,1825658,0.3547164499759674
7706,146187,6136890,0.35470283031463623
7707,146187,1841196,0.35469675064086914
7708,146187,5183615,0.3546663522720337
7709,146187,76344,0.35463637113571167
7710,146187,2332605,0.35454943776130676
7711,146187,6340297,0.3544979691505432
7712,146187,2242392,0.3544734716415405
7713,146187,2698263,0.3544729948043823
7714,146187,5408432,0.354470819234848
7715,146187,6447372,0.3544328808784485
7716,146187,4487022,0.3544120788574219
7717,146187,7096822,0.35428503155708313
7718,146187,5979155,0.35427767038345337
7719,146187,4487019,0.3542395234107971
7720,146187,346919,0.3542335033416748
7721,146187,3630603,0.3541678786277771
7722,146187,1808996,0.35401976108551025
7723,146187,491837,0.3539845645427704
7724,146187,45136,0.3539665639400482
7725,146187,4700560,0.3538953363895416
7726,146187,6086209,0.3536401391029358
7727,146187,7158600,0.3536226749420166
7728,146187,5356608,0.3536028265953064
7729,146187,2267070,0.3535870909690857
7730,146187,4125739,0.3535641133785248
7731,146187,5669797,0.3535071909427643
7732,146187,1027840,0.3535025715827942
7733,146187,7998176,0.35341954231262207
7734,146187,4011174,0.35338282585144043
7735,146187,8140931,0.3533347547054291
7736,146187,2299191,0.3533092737197876
7737,146187,7021131,0.3531818985939026
7738,146187,7046258,0.35317426919937134
7739,146187,8623174,0.35313260555267334
7740,146187,6198116,0.3530457019805908
7741,146187,2299186,0.3529832065105438
7742,146187,6943603,0.3529019355773926
7743,146187,7236640,0.3528359532356262
7744,146187,3948685,0.35279855132102966
7745,146187,271360,0.35269734263420105
7746,146187,7712037,0.3526950776576996
7747,146187,7966994,0.352692186832428
7748,146187,4805013,0.3526793122291565
7749,146187,5979159,0.35265636444091797
7750,146187,5582154,0.3526179790496826
7751,146187,8103231,0.3525996208190918
7752,146187,2788563,0.35258862376213074
7753,146187,2244055,0.35250693559646606
7754,146187,4472290,0.35245686769485474
7755,146187,4811909,0.3524397313594818
7756,146187,762329,0.3524266481399536
7757,146187,3557579,0.352398157119751
7758,146187,7440165,0.35238921642303467
7759,146187,43045,0.35232827067375183
7760,146187,3063787,0.35231995582580566
7761,146187,5995273,0.35230886936187744
7762,146187,4712204,0.35216325521469116
7763,146187,7200621,0.3521476984024048
7764,146187,2351122,0.35214173793792725
7765,146187,7046252,0.35210901498794556
7766,146187,8257940,0.35200268030166626
7767,146187,5324090,0.35199588537216187
7768,146187,8188764,0.35197916626930237
7769,146187,8120628,0.3519713878631592
7770,146187,4377462,0.35192447900772095
7771,146187,6442880,0.3519056439399719
7772,146187,4910660,0.3518710732460022
7773,146187,6723760,0.3518420159816742
7774,146187,6292389,0.35181093215942383
7775,146187,2994990,0.3517872095108032
7776,146187,4378326,0.3517608642578125
7777,146187,1832417,0.3517364263534546
7778,146187,1937068,0.3517201542854309
7779,146187,3974347,0.3517082631587982
7780,146187,4680004,0.3517017960548401
7781,146187,4537188,0.3516687750816345
7782,146187,5590506,0.351637065410614
7783,146187,4089651,0.3516106605529785
7784,146187,4833974,0.3516084849834442
7785,146187,6092642,0.3515051007270813
7786,146187,8692129,0.3514500856399536
7787,146187,7935927,0.3514493703842163
7788,146187,8113798,0.3513195514678955
7789,146187,7328342,0.35130414366722107
7790,146187,1285892,0.35118207335472107
7791,146187,3995485,0.3511548936367035
7792,146187,491835,0.35110217332839966
7793,146187,6598624,0.351021409034729
7794,146187,1906205,0.3508864641189575
7795,146187,3875203,0.35088175535202026
7796,146187,2286794,0.3508262038230896
7797,146187,8535033,0.3508029878139496
7798,146187,7980359,0.35071906447410583
7799,146187,1861306,0.350688636302948
7800,146187,8140848,0.3506828546524048
7801,146187,2276047,0.3506801128387451
7802,146187,6453436,0.35067498683929443
7803,146187,6293882,0.35061123967170715
7804,146187,1550564,0.3506089448928833
7805,146187,8218000,0.35057854652404785
7806,146187,6106547,0.350549578666687
7807,146187,249504,0.3505462110042572
7808,146187,58537,0.3505244851112366
7809,146187,8140849,0.3505181074142456
7810,146187,6593139,0.35046976804733276
7811,146187,1976808,0.3504584729671478
7812,146187,2708534,0.35043707489967346
7813,146187,8519768,0.3504287004470825
7814,146187,4711849,0.3504229485988617
7815,146187,3948679,0.3503931164741516
7816,146187,7275875,0.350328266620636
7817,146187,6763160,0.35030490159988403
7818,146187,7971658,0.350217342376709
7819,146187,5476140,0.35015109181404114
7820,146187,6469771,0.3501279950141907
7821,146187,7836295,0.35010868310928345
7822,146187,8437726,0.3500688076019287
7823,146187,1541160,0.3500572443008423
7824,146187,179926,0.3500545620918274
7825,146187,62733,0.35005030035972595
7826,146187,4063493,0.3500283360481262
7827,146187,3186603,0.35001522302627563
7828,146187,2204774,0.3499951660633087
7829,146187,8626925,0.34998026490211487
7830,146187,2351119,0.34996140003204346
7831,146187,7083698,0.34994742274284363
7832,146187,5668244,0.3498947024345398
7833,146187,4928316,0.34985077381134033
7834,146187,1028968,0.34983140230178833
7835,146187,2371447,0.3497953414916992
7836,146187,6083508,0.3497501313686371
7837,146187,5546889,0.34966158866882324
7838,146187,8820558,0.3495963215827942
7839,146187,769736,0.3495900332927704
7840,146187,3354935,0.34956496953964233
7841,146187,6622647,0.34956425428390503
7842,146187,251730,0.3495559096336365
7843,146187,3186598,0.34951359033584595
7844,146187,1825653,0.34949249029159546
7845,146187,5492585,0.3494427800178528
7846,146187,1327050,0.34939974546432495
7847,146187,7208408,0.3493759334087372
7848,146187,4836129,0.34937143325805664
7849,146187,6868137,0.3492690324783325
7850,146187,4326736,0.34926074743270874
7851,146187,6841326,0.3492518663406372
7852,146187,5517115,0.3492518663406372
7853,146187,2332601,0.34924232959747314
7854,146187,1326808,0.3492124676704407
7855,146187,7249222,0.34919440746307373
7856,146187,7214979,0.3491940200328827
7857,146187,5472395,0.34919238090515137
7858,146187,1589648,0.34911733865737915
7859,146187,3531644,0.3490704298019409
7860,146187,3199146,0.34904876351356506
7861,146187,5458864,0.3490082025527954
7862,146187,6801464,0.3489815294742584
7863,146187,6686975,0.3489445149898529
7864,146187,3186605,0.348940372467041
7865,146187,3658358,0.34893691539764404
7866,146187,8120625,0.34892895817756653
7867,146187,4613908,0.34892797470092773
7868,146187,179932,0.3489258885383606
7869,146187,2452003,0.3488883674144745
7870,146187,3213906,0.3488839864730835
7871,146187,7719587,0.3488612473011017
7872,146187,2756151,0.3488059639930725
7873,146187,2742534,0.3487909138202667
7874,146187,3123651,0.34873563051223755
7875,146187,6664782,0.34869831800460815
7876,146187,7301184,0.34867334365844727
7877,146187,4340603,0.34861302375793457
7878,146187,510638,0.3486095666885376
7879,146187,7720328,0.34860843420028687
7880,146187,1889783,0.348553329706192
7881,146187,4075616,0.3485431671142578
7882,146187,6230920,0.3485427796840668
7883,146187,7086592,0.34854263067245483
7884,146187,3063784,0.3485322594642639
7885,146187,4576520,0.3485114574432373
7886,146187,5324096,0.34847140312194824
7887,146187,7321529,0.3484201431274414
7888,146187,6336913,0.34835273027420044
7889,146187,1431701,0.34830790758132935
7890,146187,6121520,0.34830355644226074
7891,146187,2999287,0.3482958674430847
7892,146187,2651733,0.34829479455947876
7893,146187,6059331,0.3482758104801178
7894,146187,4191770,0.34814298152923584
7895,146187,7998180,0.3480818271636963
7896,146187,2773403,0.34807151556015015
7897,146187,4252845,0.34805119037628174
7898,146187,2350594,0.3480326533317566
7899,146187,951278,0.34802985191345215
7900,146187,3275587,0.34794196486473083
7901,146187,255199,0.3479166030883789
7902,146187,2649704,0.3478397727012634
7903,146187,2538628,0.3478228449821472
7904,146187,3672835,0.34781742095947266
7905,146187,6520278,0.3478173613548279
7906,146187,7055786,0.34780073165893555
7907,146187,1973778,0.3476637601852417
7908,146187,4211620,0.3476417064666748
7909,146187,1804024,0.34758704900741577
7910,146187,5220501,0.34749311208724976
7911,146187,4624489,0.3474162220954895
7912,146187,484327,0.3473978340625763
7913,146187,7985505,0.34738844633102417
7914,146187,4845781,0.347377210855484
7915,146187,1230959,0.3472389578819275
7916,146187,98978,0.3472365736961365
7917,146187,689142,0.3471779227256775
7918,146187,4599922,0.34717094898223877
7919,146187,5943371,0.3471503257751465
7920,146187,574418,0.34714359045028687
7921,146187,1394630,0.3471336364746094
7922,146187,1882212,0.3471301198005676
7923,146187,6021575,0.3470023274421692
7924,146187,969635,0.34697985649108887
7925,146187,2857625,0.3469787836074829
7926,146187,38387,0.3469729423522949
7927,146187,7461681,0.3469249904155731
7928,146187,6553321,0.3469191789627075
7929,146187,5943364,0.34687814116477966
7930,146187,1563286,0.3468559980392456
7931,146187,3119973,0.3467819392681122
7932,146187,6099771,0.34674495458602905
7933,146187,5552198,0.3467255234718323
7934,146187,5422392,0.3466615676879883
7935,146187,806161,0.34665799140930176
7936,146187,296492,0.3466554880142212
7937,146187,5781896,0.34662967920303345
7938,146187,2908950,0.34662926197052
7939,146187,5077464,0.34651878476142883
7940,146187,5152482,0.3464966416358948
7941,146187,5077463,0.34648314118385315
7942,146187,4922516,0.3464396297931671
7943,146187,6772859,0.34641531109809875
7944,146187,2137033,0.3463316559791565
7945,146187,888986,0.34628331661224365
7946,146187,4660187,0.3462024927139282
7947,146187,3947502,0.3461824655532837
7948,146187,1881023,0.34616851806640625
7949,146187,5636658,0.3461467921733856
7950,146187,3204403,0.3461361229419708
7951,146187,8521078,0.3461330533027649
7952,146187,5421945,0.3461090922355652
7953,146187,7096817,0.346059113740921
7954,146187,5436850,0.3460244834423065
7955,146187,8557767,0.3459637761116028
7956,146187,3736950,0.3458990454673767
7957,146187,5050463,0.3458915948867798
7958,146187,6807721,0.34586596488952637
7959,146187,5092525,0.3458329737186432
7960,146187,7328341,0.3458242416381836
7961,146187,792128,0.3457908630371094
7962,146187,6082721,0.3457881212234497
7963,146187,6923997,0.3457794785499573
7964,146187,4168612,0.3457115888595581
7965,146187,6003627,0.34569495916366577
7966,146187,1230567,0.34567633271217346
7967,146187,397095,0.34563353657722473
7968,146187,2511,0.3456055521965027
7969,146187,7783351,0.34558939933776855
7970,146187,1330053,0.3455760180950165
7971,146187,7462847,0.3455217182636261
7972,146187,1882217,0.3455159068107605
7973,146187,45139,0.345505028963089
7974,146187,5192163,0.3454930782318115
7975,146187,2714803,0.3454825282096863
7976,146187,5675253,0.345464289188385
7977,146187,6258679,0.34546366333961487
7978,146187,4209717,0.34543576836586
7979,146187,4324031,0.345425546169281
7980,146187,2424764,0.3454163670539856
7981,146187,7021129,0.34537753462791443
7982,146187,1784766,0.34537309408187866
7983,146187,3123647,0.3453608453273773
7984,146187,1977821,0.34535878896713257
7985,146187,4021356,0.3453523516654968
7986,146187,2698257,0.34531664848327637
7987,146187,4925268,0.3452983498573303
7988,146187,8437733,0.3452434241771698
7989,146187,5603654,0.3452220857143402
7990,146187,5220497,0.3452211618423462
7991,146187,2074771,0.3450848460197449
7992,146187,3469501,0.3450278043746948
7993,146187,2652325,0.34499621391296387
7994,146187,8519765,0.34498095512390137
7995,146187,2162371,0.3449559807777405
7996,146187,6838906,0.3449499011039734
7997,146187,5614966,0.3449034094810486
7998,146187,7858807,0.34489905834198
7999,146187,1973772,0.34489133954048157
8000,148538,7407803,0.8254948854446411
8001,148538,985491,0.7842614650726318
8002,148538,8283532,0.7821800708770752
8003,148538,2915323,0.7539539337158203
8004,148538,1969519,0.7474068403244019
8005,148538,615407,0.7460821866989136
8006,148538,332401,0.7460821866989136
8007,148538,3918785,0.7390122413635254
8008,148538,2915322,0.7350765466690063
8009,148538,231455,0.7320738434791565
8010,148538,332400,0.7308046817779541
8011,148538,7407812,0.729735255241394
8012,148538,4447598,0.7281730771064758
8013,148538,3631449,0.7226786613464355
8014,148538,985488,0.7173195481300354
8015,148538,4447601,0.7167559862136841
8016,148538,4225978,0.7150624990463257
8017,148538,8283531,0.711128830909729
8018,148538,1985491,0.7004926204681396
8019,148538,6697435,0.7001314759254456
8020,148538,6697437,0.6961305141448975
8021,148538,4185812,0.6926440596580505
8022,148538,5077707,0.6892045736312866
8023,148538,23586,0.6860849261283875
8024,148538,1299830,0.6859958171844482
8025,148538,7858769,0.6797525882720947
8026,148538,8283527,0.669661819934845
8027,148538,1384448,0.6662063598632812
8028,148538,3353306,0.6642491221427917
8029,148538,2778120,0.6639761924743652
8030,148538,4264121,0.6618558168411255
8031,148538,985490,0.6595475673675537
8032,148538,5077709,0.6575430631637573
8033,148538,985494,0.6510552167892456
8034,148538,231453,0.6503793597221375
8035,148538,5920075,0.6495480537414551
8036,148538,985489,0.6475417017936707
8037,148538,1384447,0.643850564956665
8038,148538,2455774,0.6436586380004883
8039,148538,4553351,0.6425251960754395
8040,148538,4539654,0.6411561965942383
8041,148538,4815647,0.6406265497207642
8042,148538,1950979,0.6396129727363586
8043,148538,1736918,0.6374388933181763
8044,148538,6377909,0.6369104385375977
8045,148538,6234125,0.6330087780952454
8046,148538,23583,0.6321491003036499
8047,148538,3631451,0.6310411691665649
8048,148538,5171599,0.6301878690719604
8049,148538,23585,0.6292283535003662
8050,148538,1950974,0.6285790205001831
8051,148538,4607262,0.62847900390625
8052,148538,615405,0.6270672082901001
8053,148538,23588,0.6265736818313599
8054,148538,615406,0.6261813044548035
8055,148538,3631456,0.6244716644287109
8056,148538,208314,0.6240885257720947
8057,148538,4264129,0.6217267513275146
8058,148538,1746240,0.621441662311554
8059,148538,6353501,0.621441662311554
8060,148538,1311206,0.6206058263778687
8061,148538,1950976,0.6195394396781921
8062,148538,1950983,0.6187183260917664
8063,148538,1299824,0.6163338422775269
8064,148538,3958281,0.6160005331039429
8065,148538,3752521,0.6147004961967468
8066,148538,4607263,0.614493727684021
8067,148538,3631453,0.6141829490661621
8068,148538,3557945,0.613553524017334
8069,148538,8080460,0.6123833060264587
8070,148538,1828171,0.6115512847900391
8071,148538,5077704,0.6093246340751648
8072,148538,3631450,0.6077353954315186
8073,148538,2368190,0.6075143218040466
8074,148538,231450,0.6072436571121216
8075,148538,6894608,0.6061042547225952
8076,148538,2643562,0.6054556369781494
8077,148538,985487,0.6015682220458984
8078,148538,2368185,0.6009610891342163
8079,148538,1147044,0.6003960371017456
8080,148538,5077706,0.6001573801040649
8081,148538,4406880,0.598548412322998
8082,148538,1969521,0.5968644618988037
8083,148538,820312,0.5963675379753113
8084,148538,3545040,0.5963016748428345
8085,148538,1299823,0.5950062274932861
8086,148538,6704661,0.5946221351623535
8087,148538,3631457,0.5939021706581116
8088,148538,615401,0.5924380421638489
8089,148538,153920,0.5908401012420654
8090,148538,332398,0.5902639031410217
8091,148538,4959638,0.5895209908485413
8092,148538,7001938,0.5869559049606323
8093,148538,4832442,0.5865217447280884
8094,148538,4660638,0.5863085985183716
8095,148538,7157817,0.5855587720870972
8096,148538,6037737,0.5851729512214661
8097,148538,6776854,0.5843470096588135
8098,148538,3138645,0.5843438506126404
8099,148538,8139872,0.5839098691940308
8100,148538,4607267,0.5836206674575806
8101,148538,7858768,0.583544135093689
8102,148538,6187463,0.5817179679870605
8103,148538,332402,0.5816657543182373
8104,148538,7412143,0.5807926654815674
8105,148538,451558,0.5805630087852478
8106,148538,4185814,0.580092191696167
8107,148538,597344,0.5800361633300781
8108,148538,3557946,0.5787959098815918
8109,148538,2419541,0.5785974860191345
8110,148538,4539659,0.5781083106994629
8111,148538,5171605,0.5776396989822388
8112,148538,5606202,0.5771470665931702
8113,148538,7393401,0.5769623517990112
8114,148538,3557943,0.5765813589096069
8115,148538,4396829,0.5763600468635559
8116,148538,1985497,0.5761264562606812
8117,148538,23591,0.5752027034759521
8118,148538,6846338,0.5746960639953613
8119,148538,820313,0.5745493769645691
8120,148538,1384446,0.5741254091262817
8121,148538,678220,0.5730643272399902
8122,148538,6846340,0.5730085372924805
8123,148538,4539657,0.5723955631256104
8124,148538,3353303,0.5722241997718811
8125,148538,7407804,0.5721077919006348
8126,148538,6311189,0.5720165967941284
8127,148538,6006382,0.5715166926383972
8128,148538,581145,0.571205735206604
8129,148538,2368189,0.5705773830413818
8130,148538,3836151,0.5698049068450928
8131,148538,2368184,0.5688658356666565
8132,148538,3347874,0.5686144232749939
8133,148538,8814767,0.5684958696365356
8134,148538,3997739,0.5678730010986328
8135,148538,3701822,0.5675045251846313
8136,148538,6894604,0.566307008266449
8137,148538,2915327,0.5657512545585632
8138,148538,6776848,0.5653986930847168
8139,148538,8618876,0.5646606087684631
8140,148538,7543015,0.5635574460029602
8141,148538,7696610,0.5626457333564758
8142,148538,5828054,0.5620371699333191
8143,148538,7039115,0.561691164970398
8144,148538,6853480,0.561564564704895
8145,148538,929019,0.5612128973007202
8146,148538,811946,0.5611574649810791
8147,148538,6434593,0.5604218244552612
8148,148538,929318,0.559553325176239
8149,148538,6518598,0.5592796206474304
8150,148538,615402,0.558083176612854
8151,148538,7055353,0.5580375790596008
8152,148538,2798935,0.5575961470603943
8153,148538,3557944,0.5570873618125916
8154,148538,2993239,0.5565981864929199
8155,148538,4225985,0.5564858913421631
8156,148538,4668450,0.5551483631134033
8157,148538,5127197,0.5545446872711182
8158,148538,4976410,0.5539213418960571
8159,148538,5077711,0.5537561774253845
8160,148538,4264123,0.5537009239196777
8161,148538,1384441,0.5536293387413025
8162,148538,1311211,0.5536212921142578
8163,148538,3836146,0.553580641746521
8164,148538,6543859,0.5530020594596863
8165,148538,4997090,0.552869439125061
8166,148538,2368188,0.5524657964706421
8167,148538,4660637,0.552465558052063
8168,148538,7069704,0.5523017644882202
8169,148538,6536612,0.5520179867744446
8170,148538,4539660,0.5515633821487427
8171,148538,7496116,0.5515059232711792
8172,148538,844359,0.5510385036468506
8173,148538,2778118,0.5509475469589233
8174,148538,3283298,0.5501116514205933
8175,148538,1828170,0.5500655174255371
8176,148538,543841,0.5491489171981812
8177,148538,231452,0.548737108707428
8178,148538,753805,0.5483266711235046
8179,148538,118657,0.5480917096138
8180,148538,1969517,0.5469229817390442
8181,148538,1311204,0.5464153289794922
8182,148538,4080161,0.54636150598526
8183,148538,8291681,0.5463131070137024
8184,148538,7529433,0.5461911559104919
8185,148538,8008288,0.5459186434745789
8186,148538,5171603,0.5458147525787354
8187,148538,4959637,0.545455276966095
8188,148538,1671257,0.5453277826309204
8189,148538,5524179,0.5447251796722412
8190,148538,1314489,0.5446740984916687
8191,148538,1343464,0.5446131229400635
8192,148538,6434590,0.5445759892463684
8193,148538,6003366,0.5440376400947571
8194,148538,4959633,0.5439959764480591
8195,148538,6234130,0.5438860654830933
8196,148538,1147046,0.5438712239265442
8197,148538,3353304,0.5438637733459473
8198,148538,4959636,0.5429291725158691
8199,148538,3441814,0.5426152944564819
8200,148538,245019,0.5423026084899902
8201,148538,2455779,0.5413329601287842
8202,148538,4553356,0.5410810112953186
8203,148538,7543014,0.5409835577011108
8204,148538,2033800,0.5408795475959778
8205,148538,1494794,0.5408208966255188
8206,148538,208313,0.5408072471618652
8207,148538,820305,0.5406966209411621
8208,148538,3588267,0.5406515598297119
8209,148538,6026062,0.5403557419776917
8210,148538,5494391,0.5400030612945557
8211,148538,766063,0.5393012762069702
8212,148538,5586712,0.5389866232872009
8213,148538,748723,0.538587749004364
8214,148538,6037733,0.537960410118103
8215,148538,4621612,0.5375444889068604
8216,148538,7069705,0.5372003316879272
8217,148538,398534,0.5370626449584961
8218,148538,1985495,0.5366635322570801
8219,148538,844363,0.5365309715270996
8220,148538,6017979,0.5360711812973022
8221,148538,1950980,0.5359779596328735
8222,148538,153924,0.5359494686126709
8223,148538,88113,0.5358160734176636
8224,148538,1894077,0.5357913970947266
8225,148538,7653054,0.5341916084289551
8226,148538,1950977,0.5340666174888611
8227,148538,5679984,0.5322369933128357
8228,148538,5849624,0.5318745374679565
8229,148538,7529434,0.5315351486206055
8230,148538,3441811,0.5313595533370972
8231,148538,1736915,0.5313393473625183
8232,148538,1828166,0.531326413154602
8233,148538,6234129,0.5313208103179932
8234,148538,5305314,0.5312215089797974
8235,148538,6377906,0.531095564365387
8236,148538,8001044,0.5309083461761475
8237,148538,332406,0.5308552980422974
8238,148538,8618875,0.530299186706543
8239,148538,6697434,0.5302640199661255
8240,148538,3717168,0.5298925042152405
8241,148538,6377902,0.5298728942871094
8242,148538,1559011,0.5293590426445007
8243,148538,1395449,0.5293176174163818
8244,148538,4976409,0.5286137461662292
8245,148538,7696389,0.5283251404762268
8246,148538,929324,0.5282156467437744
8247,148538,1147038,0.5280059576034546
8248,148538,1671250,0.5278403162956238
8249,148538,1969520,0.5277557969093323
8250,148538,7407811,0.5275933742523193
8251,148538,4406877,0.5274370908737183
8252,148538,3268984,0.5272204875946045
8253,148538,8598644,0.5271743535995483
8254,148538,4256286,0.5265126824378967
8255,148538,4216603,0.5261625051498413
8256,148538,6846343,0.5259067416191101
8257,148538,1316160,0.5257092714309692
8258,148538,6569354,0.5256589651107788
8259,148538,3588272,0.5254617929458618
8260,148538,208318,0.5248258113861084
8261,148538,7815552,0.5243836641311646
8262,148538,332399,0.5241973400115967
8263,148538,6311400,0.5241932272911072
8264,148538,4225981,0.523840069770813
8265,148538,3588270,0.5236950516700745
8266,148538,4049087,0.5234257578849792
8267,148538,2455776,0.5232311487197876
8268,148538,3441813,0.5229926109313965
8269,148538,6485499,0.5229834318161011
8270,148538,1494790,0.5228176712989807
8271,148538,6434592,0.5225566625595093
8272,148538,6638844,0.52238529920578
8273,148538,1311205,0.5212231278419495
8274,148538,3545043,0.5208566784858704
8275,148538,2033792,0.5205155611038208
8276,148538,1963586,0.5204522609710693
8277,148538,7696602,0.5197498798370361
8278,148538,8730359,0.519446849822998
8279,148538,915940,0.5193765759468079
8280,148538,1384442,0.5192989706993103
8281,148538,3997737,0.5187728404998779
8282,148538,2805679,0.5187523365020752
8283,148538,5844630,0.5184380412101746
8284,148538,1147043,0.517945408821106
8285,148538,2728501,0.5178449153900146
8286,148538,6543855,0.5172210931777954
8287,148538,2258412,0.5170835852622986
8288,148538,2798936,0.516960859298706
8289,148538,8032952,0.5169403553009033
8290,148538,4264128,0.5167759656906128
8291,148538,3268985,0.5159896612167358
8292,148538,6006375,0.5156503319740295
8293,148538,888704,0.5153210163116455
8294,148538,153926,0.5152244567871094
8295,148538,8283528,0.5149028301239014
8296,148538,820304,0.5148726105690002
8297,148538,7696603,0.5148681402206421
8298,148538,1494796,0.5147765278816223
8299,148538,4959635,0.5147196054458618
8300,148538,7296762,0.5138750076293945
8301,148538,6873976,0.5137292742729187
8302,148538,3138642,0.5136164426803589
8303,148538,5077708,0.5135815739631653
8304,148538,4417069,0.5134883522987366
8305,148538,3353302,0.5134028196334839
8306,148538,6543862,0.5132511854171753
8307,148538,4225983,0.5129162073135376
8308,148538,6485504,0.512699544429779
8309,148538,2368187,0.5122499465942383
8310,148538,7858772,0.512117326259613
8311,148538,7129904,0.5119425058364868
8312,148538,2564821,0.5115395784378052
8313,148538,231454,0.5114496946334839
8314,148538,5588772,0.5113499760627747
8315,148538,2728498,0.5112916231155396
8316,148538,2033793,0.5112419724464417
8317,148538,4976403,0.5106065273284912
8318,148538,2258413,0.5105836391448975
8319,148538,2506090,0.5101487040519714
8320,148538,332405,0.5098059773445129
8321,148538,1950981,0.509739875793457
8322,148538,6311394,0.5096558928489685
8323,148538,1671255,0.5094792246818542
8324,148538,4894196,0.5094382166862488
8325,148538,6311183,0.5091098546981812
8326,148538,4625343,0.5090940594673157
8327,148538,23587,0.5088105797767639
8328,148538,1449791,0.5086451768875122
8329,148538,4107261,0.508237898349762
8330,148538,2419538,0.5078521966934204
8331,148538,8283529,0.5075216889381409
8332,148538,3631454,0.5074896812438965
8333,148538,1343471,0.5071447491645813
8334,148538,1559002,0.507088303565979
8335,148538,398535,0.5069993734359741
8336,148538,5679985,0.5067030191421509
8337,148538,3507007,0.506466269493103
8338,148538,4748222,0.5060401558876038
8339,148538,3310962,0.5058133602142334
8340,148538,1746235,0.5053046345710754
8341,148538,1494795,0.5052754282951355
8342,148538,6638843,0.5047425031661987
8343,148538,3997741,0.5045795440673828
8344,148538,4410448,0.5044685006141663
8345,148538,451559,0.5044056177139282
8346,148538,363873,0.5044050216674805
8347,148538,1046521,0.5037238597869873
8348,148538,23584,0.5032318830490112
8349,148538,6311393,0.5029506087303162
8350,148538,176764,0.5028815269470215
8351,148538,4447654,0.502805233001709
8352,148538,451553,0.5024173259735107
8353,148538,4976402,0.5023424625396729
8354,148538,6174414,0.5021938681602478
8355,148538,4271662,0.5021921396255493
8356,148538,4959634,0.5021347999572754
8357,148538,2455780,0.5019217133522034
8358,148538,3393970,0.5016129016876221
8359,148538,6408534,0.5013185739517212
8360,148538,7387872,0.5010783672332764
8361,148538,2805680,0.5010577440261841
8362,148538,4107260,0.5009584426879883
8363,148538,1495660,0.5005881190299988
8364,148538,2745488,0.5005136728286743
8365,148538,844078,0.5003650188446045
8366,148538,2033795,0.5000006556510925
8367,148538,2177849,0.5000006556510925
8368,148538,915946,0.49975430965423584
8369,148538,7992999,0.4995918869972229
8370,148538,4410449,0.4994874894618988
8371,148538,6037734,0.49907708168029785
8372,148538,4493921,0.498934268951416
8373,148538,1985494,0.498709112405777
8374,148538,1130069,0.4986509382724762
8375,148538,5077712,0.4984685480594635
8376,148538,3588269,0.4984641373157501
8377,148538,1395457,0.4982074797153473
8378,148538,6416241,0.4980578124523163
8379,148538,6517685,0.4978700280189514
8380,148538,3353307,0.49757081270217896
8381,148538,2098155,0.4973945617675781
8382,148538,6776853,0.49718770384788513
8383,148538,1746233,0.49675804376602173
8384,148538,6330676,0.4966081380844116
8385,148538,1762460,0.49625858664512634
8386,148538,3012378,0.49615612626075745
8387,148538,844360,0.4959503710269928
8388,148538,8730355,0.49592912197113037
8389,148538,1449795,0.4958654046058655
8390,148538,3993291,0.495775431394577
8391,148538,985493,0.49575766921043396
8392,148538,5774467,0.4956268072128296
8393,148538,6174415,0.495486319065094
8394,148538,4607265,0.49538809061050415
8395,148538,6537315,0.49529290199279785
8396,148538,1963588,0.49505186080932617
8397,148538,5862202,0.49490249156951904
8398,148538,2506087,0.49482613801956177
8399,148538,5305308,0.4945108890533447
8400,148538,3783461,0.49447938799858093
8401,148538,6873973,0.4944705367088318
8402,148538,2643564,0.49442803859710693
8403,148538,2506093,0.4943614602088928
8404,148538,7858767,0.49433115124702454
8405,148538,734990,0.49424654245376587
8406,148538,3092249,0.4936637878417969
8407,148538,7133946,0.49353694915771484
8408,148538,1894076,0.493510365486145
8409,148538,208312,0.4925001859664917
8410,148538,6233971,0.49230265617370605
8411,148538,1283177,0.4919942319393158
8412,148538,23590,0.4918181300163269
8413,148538,6222119,0.4914921820163727
8414,148538,6873982,0.49142172932624817
8415,148538,4410450,0.4914025068283081
8416,148538,3681870,0.4910484254360199
8417,148538,3446014,0.49103617668151855
8418,148538,6438296,0.49103617668151855
8419,148538,4976411,0.49098825454711914
8420,148538,3268986,0.4907958507537842
8421,148538,6489361,0.4906717538833618
8422,148538,5537047,0.4905110001564026
8423,148538,6037736,0.49047476053237915
8424,148538,332403,0.49043357372283936
8425,148538,4509846,0.49016985297203064
8426,148538,1068973,0.4901600778102875
8427,148538,2731877,0.4900777041912079
8428,148538,2993236,0.4899275600910187
8429,148538,3993296,0.489349365234375
8430,148538,7001934,0.48926880955696106
8431,148538,7696609,0.4892066717147827
8432,148538,2951549,0.4891144633293152
8433,148538,339842,0.48910194635391235
8434,148538,615400,0.48888134956359863
8435,148538,710070,0.48881760239601135
8436,148538,6776850,0.48865365982055664
8437,148538,363765,0.4884692132472992
8438,148538,1736914,0.4881632924079895
8439,148538,4714076,0.488084077835083
8440,148538,1963585,0.4878407120704651
8441,148538,8032893,0.48766186833381653
8442,148538,6193486,0.48748674988746643
8443,148538,1963590,0.4873964190483093
8444,148538,5825400,0.4872751832008362
8445,148538,3783459,0.48717445135116577
8446,148538,7094495,0.48712384700775146
8447,148538,5853396,0.48699718713760376
8448,148538,5844625,0.4868278205394745
8449,148538,4264125,0.48681285977363586
8450,148538,1516299,0.4867713749408722
8451,148538,1985490,0.48666664958000183
8452,148538,6434591,0.4866507351398468
8453,148538,941451,0.48655515909194946
8454,148538,3252799,0.48651766777038574
8455,148538,1449786,0.4864746332168579
8456,148538,8008284,0.4863766133785248
8457,148538,3588266,0.4861811101436615
8458,148538,8008287,0.4861811101436615
8459,148538,2258416,0.48609423637390137
8460,148538,3588268,0.48607900738716125
8461,148538,7959660,0.48582687973976135
8462,148538,1449794,0.4858122766017914
8463,148538,3353305,0.48557448387145996
8464,148538,5532268,0.4855427145957947
8465,148538,6037738,0.48539286851882935
8466,148538,4264124,0.48480743169784546
8467,148538,3927710,0.4841691255569458
8468,148538,8794306,0.48414599895477295
8469,148538,6846339,0.48412495851516724
8470,148538,6485498,0.4841248095035553
8471,148538,844362,0.4839182198047638
8472,148538,4995558,0.48390382528305054
8473,148538,5588133,0.48343148827552795
8474,148538,2023283,0.4834219813346863
8475,148538,3836149,0.4830281734466553
8476,148538,4539663,0.48264747858047485
8477,148538,1736917,0.48254919052124023
8478,148538,5693664,0.4823823571205139
8479,148538,23592,0.48234403133392334
8480,148538,8265464,0.4821620285511017
8481,148538,5782474,0.4819221496582031
8482,148538,231459,0.48160189390182495
8483,148538,2728495,0.4811949133872986
8484,148538,6608921,0.4808327853679657
8485,148538,5592682,0.48059046268463135
8486,148538,7696387,0.48052483797073364
8487,148538,4249246,0.48041510581970215
8488,148538,5809605,0.4804123044013977
8489,148538,4691929,0.48038098216056824
8490,148538,615403,0.480199933052063
8491,148538,436836,0.4801987409591675
8492,148538,451561,0.4801294505596161
8493,148538,7419185,0.48010143637657166
8494,148538,615404,0.4796549677848816
8495,148538,6311182,0.4795404374599457
8496,148538,4634425,0.4793784022331238
8497,148538,1516303,0.4793109595775604
8498,148538,3441816,0.4791589677333832
8499,148538,4608852,0.47897350788116455
8500,148538,2993231,0.47880467772483826
8501,148538,208316,0.47876858711242676
8502,148538,451557,0.47866523265838623
8503,148538,565762,0.47857367992401123
8504,148538,404864,0.47849369049072266
8505,148538,6537318,0.4782853126525879
8506,148538,2096778,0.47820767760276794
8507,148538,433575,0.47804349660873413
8508,148538,3752520,0.47786322236061096
8509,148538,2632806,0.47780656814575195
8510,148538,3997733,0.477735698223114
8511,148538,2673188,0.47737354040145874
8512,148538,4553357,0.47715291380882263
8513,148538,8265463,0.4771501421928406
8514,148538,6377910,0.4770139753818512
8515,148538,7055351,0.4768885374069214
8516,148538,1533627,0.4761773347854614
8517,148538,245016,0.4761154055595398
8518,148538,6460963,0.47607332468032837
8519,148538,5693666,0.4756837487220764
8520,148538,2731875,0.4755527675151825
8521,148538,8008286,0.47527188062667847
8522,148538,929016,0.47526663541793823
8523,148538,5844627,0.47478607296943665
8524,148538,5960733,0.4746577739715576
8525,148538,6638846,0.4744304120540619
8526,148538,5588135,0.4743562936782837
8527,148538,5588769,0.4741511046886444
8528,148538,1039924,0.4740528464317322
8529,148538,8388795,0.4739542007446289
8530,148538,565761,0.4736725091934204
8531,148538,2993237,0.4732579290866852
8532,148538,3836153,0.4732345938682556
8533,148538,3032336,0.4730706810951233
8534,148538,3347878,0.47294649481773376
8535,148538,6894605,0.47286736965179443
8536,148538,3343092,0.47243958711624146
8537,148538,1736916,0.47243958711624146
8538,148538,4487914,0.47219955921173096
8539,148538,1311209,0.4720867872238159
8540,148538,8610396,0.47191983461380005
8541,148538,190794,0.47191983461380005
8542,148538,811950,0.4717731475830078
8543,148538,1618049,0.47169095277786255
8544,148538,4607264,0.471527099609375
8545,148538,2419545,0.4714265763759613
8546,148538,8562150,0.47139209508895874
8547,148538,1495658,0.47104209661483765
8548,148538,176765,0.470975399017334
8549,148538,7055352,0.470806360244751
8550,148538,7796765,0.4704340100288391
8551,148538,6506239,0.47042056918144226
8552,148538,6873979,0.470256507396698
8553,148538,1967432,0.4701533019542694
8554,148538,1495663,0.47002846002578735
8555,148538,3165523,0.46917933225631714
8556,148538,710073,0.46907955408096313
8557,148538,1736923,0.4689839482307434
8558,148538,1744156,0.4689767062664032
8559,148538,3476136,0.4688962697982788
8560,148538,1963591,0.4688684940338135
8561,148538,3749374,0.4687548577785492
8562,148538,8032946,0.4686906039714813
8563,148538,512198,0.4685620069503784
8564,148538,3796966,0.46844369173049927
8565,148538,3535785,0.4680008888244629
8566,148538,6728988,0.467744916677475
8567,148538,6595690,0.46767544746398926
8568,148538,5782475,0.46734148263931274
8569,148538,1449788,0.46727055311203003
8570,148538,1950978,0.46726882457733154
8571,148538,6787071,0.46722060441970825
8572,148538,4795958,0.4671132266521454
8573,148538,8064202,0.46679630875587463
8574,148538,678225,0.4667479991912842
8575,148538,2731872,0.46650534868240356
8576,148538,5988190,0.4659952223300934
8577,148538,245107,0.4658280611038208
8578,148538,4447597,0.46547582745552063
8579,148538,4607261,0.4654662013053894
8580,148538,332404,0.4654321074485779
8581,148538,565753,0.46523532271385193
8582,148538,4902096,0.4651104211807251
8583,148538,2455775,0.4643954038619995
8584,148538,784460,0.46431344747543335
8585,148538,1985492,0.46386271715164185
8586,148538,6006377,0.46363183856010437
8587,148538,6311402,0.46355897188186646
8588,148538,7621491,0.4634808897972107
8589,148538,7069708,0.4634614884853363
8590,148538,5143883,0.4634326100349426
8591,148538,363766,0.463180810213089
8592,148538,4447602,0.4629794955253601
8593,148538,4406881,0.46277809143066406
8594,148538,5077710,0.4627184569835663
8595,148538,4417070,0.46261003613471985
8596,148538,7734896,0.46253645420074463
8597,148538,7815557,0.4623348116874695
8598,148538,985492,0.4622316360473633
8599,148538,6873981,0.46217575669288635
8600,148538,1311202,0.4621580243110657
8601,148538,4185810,0.4621509313583374
8602,148538,7992997,0.46214792132377625
8603,148538,6373394,0.461925208568573
8604,148538,1868296,0.46182751655578613
8605,148538,1671254,0.461718887090683
8606,148538,2254799,0.4617023468017578
8607,148538,4447599,0.46160590648651123
8608,148538,2368186,0.461246520280838
8609,148538,5143880,0.46111103892326355
8610,148538,5010072,0.46106916666030884
8611,148538,1147045,0.4610684812068939
8612,148538,6846342,0.4609173536300659
8613,148538,4260811,0.4608004093170166
8614,148538,6234133,0.4602123498916626
8615,148538,8310318,0.4601591229438782
8616,148538,88108,0.45980948209762573
8617,148538,5127195,0.4596821963787079
8618,148538,915944,0.45954039692878723
8619,148538,4834647,0.4592987895011902
8620,148538,2800843,0.45924216508865356
8621,148538,6438297,0.45904719829559326
8622,148538,986845,0.45882201194763184
8623,148538,8283533,0.45877835154533386
8624,148538,6158225,0.45871126651763916
8625,148538,1985498,0.4587065577507019
8626,148538,1254506,0.4586479067802429
8627,148538,1028233,0.4585432708263397
8628,148538,360949,0.4584387242794037
8629,148538,6158223,0.4581339955329895
8630,148538,3948674,0.4580894708633423
8631,148538,6600519,0.45800840854644775
8632,148538,1449787,0.4578939974308014
8633,148538,844358,0.4577467739582062
8634,148538,888701,0.45774662494659424
8635,148538,748728,0.45769035816192627
8636,148538,306971,0.4575262665748596
8637,148538,4621608,0.457511842250824
8638,148538,8008289,0.45738863945007324
8639,148538,8618873,0.4572749733924866
8640,148538,4894195,0.45721930265426636
8641,148538,753808,0.4570326507091522
8642,148538,2419539,0.4569997787475586
8643,148538,986842,0.4569746255874634
8644,148538,3924333,0.45693567395210266
8645,148538,451556,0.45686033368110657
8646,148538,6294563,0.45659276843070984
8647,148538,4910751,0.456537663936615
8648,148538,1821480,0.45647132396698
8649,148538,5679983,0.45623230934143066
8650,148538,921852,0.4554789960384369
8651,148538,4107262,0.45535653829574585
8652,148538,6017974,0.45535188913345337
8653,148538,1051554,0.45528754591941833
8654,148538,958231,0.455072820186615
8655,148538,2287940,0.4549477696418762
8656,148538,678222,0.4548659920692444
8657,148538,5797243,0.45478957891464233
8658,148538,2728500,0.45472925901412964
8659,148538,2128634,0.45468658208847046
8660,148538,5841173,0.45466965436935425
8661,148538,844361,0.4546266496181488
8662,148538,6008049,0.4544951021671295
8663,148538,8302056,0.4542815387248993
8664,148538,3600886,0.45369023084640503
8665,148538,6157997,0.45366424322128296
8666,148538,7927512,0.4536072015762329
8667,148538,5066983,0.45347750186920166
8668,148538,2419544,0.4534451365470886
8669,148538,3441808,0.45328664779663086
8670,148538,2993233,0.4532555937767029
8671,148538,597337,0.45321211218833923
8672,148538,5389199,0.45311784744262695
8673,148538,3480445,0.45268547534942627
8674,148538,1808534,0.45267993211746216
8675,148538,3701820,0.45254331827163696
8676,148538,7935780,0.45241016149520874
8677,148538,7318210,0.45240098237991333
8678,148538,4264126,0.45228368043899536
8679,148538,565757,0.45182228088378906
8680,148538,1967433,0.45156604051589966
8681,148538,6090334,0.4509935975074768
8682,148538,3356009,0.4508816599845886
8683,148538,1981500,0.45052841305732727
8684,148538,5368809,0.45049163699150085
8685,148538,5993481,0.450172483921051
8686,148538,1963592,0.45005932450294495
8687,148538,4271661,0.4499562978744507
8688,148538,1762457,0.44982805848121643
8689,148538,565756,0.44956159591674805
8690,148538,2681401,0.44946417212486267
8691,148538,1247536,0.4493643343448639
8692,148538,6222113,0.44928213953971863
8693,148538,1894073,0.4489867687225342
8694,148538,7039113,0.4489102363586426
8695,148538,8029226,0.4488455653190613
8696,148538,5809604,0.4487309455871582
8697,148538,113025,0.4484133720397949
8698,148538,5089785,0.448073148727417
8699,148538,451554,0.4477289915084839
8700,148538,384684,0.4477245807647705
8701,148538,333261,0.4475926160812378
8702,148538,1981504,0.4474763572216034
8703,148538,1734979,0.4474421739578247
8704,148538,7496121,0.44716179370880127
8705,148538,4410446,0.4471336603164673
8706,148538,4447659,0.4470008611679077
8707,148538,1449792,0.4468621015548706
8708,148538,3005399,0.4468257427215576
8709,148538,6311180,0.4466882348060608
8710,148538,4185809,0.4464738070964813
8711,148538,4271665,0.4464724659919739
8712,148538,3310961,0.4463968575000763
8713,148538,5022559,0.4463924169540405
8714,148538,5832209,0.4463351368904114
8715,148538,8730434,0.4461977481842041
8716,148538,332407,0.4461285471916199
8717,148538,5862207,0.44605329632759094
8718,148538,5898632,0.4458182156085968
8719,148538,4762391,0.44576218724250793
8720,148538,5960737,0.44563743472099304
8721,148538,7529428,0.4455583095550537
8722,148538,6039827,0.4454178810119629
8723,148538,4080156,0.4453757107257843
8724,148538,5809356,0.44535839557647705
8725,148538,2601817,0.4453115165233612
8726,148538,7543013,0.44520556926727295
8727,148538,5862204,0.445199191570282
8728,148538,1573498,0.4451940357685089
8729,148538,7069707,0.44515785574913025
8730,148538,1473596,0.44513899087905884
8731,148538,3975774,0.44512540102005005
8732,148538,915945,0.44508564472198486
8733,148538,1311210,0.44488921761512756
8734,148538,4231291,0.4448316991329193
8735,148538,2728499,0.44474726915359497
8736,148538,8681531,0.4446837306022644
8737,148538,8265462,0.4442419409751892
8738,148538,6419314,0.44416487216949463
8739,148538,982505,0.443767786026001
8740,148538,5214878,0.4436541795730591
8741,148538,5324942,0.44357261061668396
8742,148538,5077705,0.4435681998729706
8743,148538,398536,0.44347459077835083
8744,148538,3476133,0.44335001707077026
8745,148538,4271667,0.4433414041996002
8746,148538,3441815,0.4431852698326111
8747,148538,339837,0.4431105852127075
8748,148538,1671256,0.44299882650375366
8749,148538,6776849,0.4427291750907898
8750,148538,7992998,0.4425559341907501
8751,148538,445215,0.44253185391426086
8752,148538,4339000,0.4422292411327362
8753,148538,5592685,0.441983163356781
8754,148538,4271668,0.44183796644210815
8755,148538,4716046,0.4417697489261627
8756,148538,8615007,0.44169145822525024
8757,148538,2731870,0.44157516956329346
8758,148538,4282149,0.4413932263851166
8759,148538,3303015,0.44137638807296753
8760,148538,6506241,0.4411764144897461
8761,148538,1828165,0.4411516487598419
8762,148538,6311181,0.4405098557472229
8763,148538,3973518,0.44024527072906494
8764,148538,6975828,0.44018152356147766
8765,148538,5588768,0.4399610161781311
8766,148538,7683884,0.43988001346588135
8767,148538,3016821,0.4398365020751953
8768,148538,6889359,0.43952417373657227
8769,148538,7858766,0.43948403000831604
8770,148538,81857,0.43943148851394653
8771,148538,208315,0.43933218717575073
8772,148538,1392973,0.4389207661151886
8773,148538,2993235,0.43888145685195923
8774,148538,8379610,0.43886294960975647
8775,148538,624440,0.43882936239242554
8776,148538,5427181,0.43876779079437256
8777,148538,8195246,0.43874311447143555
8778,148538,81862,0.4385441541671753
8779,148538,3989978,0.4385424256324768
8780,148538,985495,0.43838751316070557
8781,148538,3347879,0.4382954239845276
8782,148538,346843,0.43826836347579956
8783,148538,6776852,0.4382452964782715
8784,148538,3134606,0.4382018446922302
8785,148538,5865323,0.4381512403488159
8786,148538,6697431,0.43803685903549194
8787,148538,7993006,0.437791109085083
8788,148538,565755,0.4377220869064331
8789,148538,8521914,0.43757739663124084
8790,148538,2731876,0.43754640221595764
8791,148538,1311207,0.43749284744262695
8792,148538,1408397,0.43741893768310547
8793,148538,5920073,0.4374118447303772
8794,148538,8690528,0.4371715486049652
8795,148538,6776851,0.43713515996932983
8796,148538,830412,0.4371032118797302
8797,148538,4832441,0.43652135133743286
8798,148538,6587321,0.4364379048347473
8799,148538,8447470,0.4364060163497925
8800,148538,3178747,0.43619653582572937
8801,148538,6587138,0.436175674200058
8802,148538,7442658,0.43591174483299255
8803,148538,1821477,0.4357540011405945
8804,148538,7133944,0.43564510345458984
8805,148538,3631455,0.43563029170036316
8806,148538,1429896,0.43562042713165283
8807,148538,3427688,0.4352521002292633
8808,148538,2522179,0.4351988434791565
8809,148538,1868292,0.4351768493652344
8810,148538,5845724,0.4351310729980469
8811,148538,5336558,0.4350225329399109
8812,148538,3690578,0.43498894572257996
8813,148538,7398572,0.4348352253437042
8814,148538,5782476,0.4348043203353882
8815,148538,796190,0.43478965759277344
8816,148538,7940715,0.43473076820373535
8817,148538,1969518,0.43463796377182007
8818,148538,8730430,0.4346204698085785
8819,148538,190801,0.4345664978027344
8820,148538,118662,0.4344421923160553
8821,148538,1981501,0.43419158458709717
8822,148538,5809354,0.43413445353507996
8823,148538,748726,0.4340476989746094
8824,148538,7782637,0.4337576925754547
8825,148538,6535139,0.4336777627468109
8826,148538,13860,0.4336072504520416
8827,148538,1316151,0.4335525333881378
8828,148538,3918787,0.43348339200019836
8829,148538,5305307,0.4333180785179138
8830,148538,1881232,0.4331302046775818
8831,148538,5951725,0.4330933094024658
8832,148538,2731868,0.43308499455451965
8833,148538,2990998,0.4330179691314697
8834,148538,7917891,0.4327544569969177
8835,148538,6986198,0.4326940178871155
8836,148538,5301943,0.43266791105270386
8837,148538,3252798,0.43252453207969666
8838,148538,4815649,0.4325193762779236
8839,148538,3010218,0.43229353427886963
8840,148538,6101730,0.43219584226608276
8841,148538,2442042,0.43211281299591064
8842,148538,4282152,0.43204036355018616
8843,148538,8360088,0.43199968338012695
8844,148538,542848,0.43195033073425293
8845,148538,7474748,0.43186014890670776
8846,148538,8001041,0.4316489100456238
8847,148538,2174783,0.43161019682884216
8848,148538,2632807,0.4316052794456482
8849,148538,925259,0.43142014741897583
8850,148538,7513910,0.43128567934036255
8851,148538,2455777,0.4312207102775574
8852,148538,3985761,0.4310797452926636
8853,148538,1516297,0.4310704469680786
8854,148538,7332706,0.431027352809906
8855,148538,3095914,0.43099719285964966
8856,148538,3989973,0.430878221988678
8857,148538,6638845,0.43087273836135864
8858,148538,1736921,0.43076762557029724
8859,148538,4406882,0.4306871294975281
8860,148538,3989977,0.4306086301803589
8861,148538,6017975,0.4305923581123352
8862,148538,3819528,0.43046289682388306
8863,148538,5579367,0.43033266067504883
8864,148538,3693075,0.43029695749282837
8865,148538,6441632,0.43026816844940186
8866,148538,2731874,0.43000859022140503
8867,148538,4282153,0.4299122095108032
8868,148538,5908073,0.42988425493240356
8869,148538,1950975,0.42975521087646484
8870,148538,8607652,0.42950886487960815
8871,148538,339840,0.4292144477367401
8872,148538,8608743,0.42919841408729553
8873,148538,1808539,0.4291417896747589
8874,148538,3032334,0.42906439304351807
8875,148538,3694218,0.42902621626853943
8876,148538,1039919,0.4289506673812866
8877,148538,7200749,0.42890074849128723
8878,148538,4786286,0.42877450585365295
8879,148538,7956665,0.42859894037246704
8880,148538,7039116,0.42858415842056274
8881,148538,1449789,0.4284796416759491
8882,148538,595335,0.4281860589981079
8883,148538,1534796,0.4280818700790405
8884,148538,2805681,0.4279630780220032
8885,148538,2060720,0.42796099185943604
8886,148538,820309,0.42793360352516174
8887,148538,5020784,0.4279222786426544
8888,148538,5506435,0.42764410376548767
8889,148538,1263538,0.42764097452163696
8890,148538,1969522,0.42751437425613403
8891,148538,4298454,0.42745441198349
8892,148538,208319,0.42745187878608704
8893,148538,6608922,0.42744332551956177
8894,148538,7858765,0.4271188974380493
8895,148538,36239,0.4270838797092438
8896,148538,1637553,0.427074670791626
8897,148538,548988,0.4270126223564148
8898,148538,6082584,0.4269920289516449
8899,148538,6567030,0.4268355071544647
8900,148538,4271669,0.42681652307510376
8901,148538,1998133,0.42670702934265137
8902,148538,5895215,0.4266936779022217
8903,148538,5596859,0.42638054490089417
8904,148538,4402059,0.4263567328453064
8905,148538,2478999,0.4263257086277008
8906,148538,5674230,0.4262774884700775
8907,148538,7353209,0.42625659704208374
8908,148538,6939139,0.42610520124435425
8909,148538,1283174,0.4259982407093048
8910,148538,5841176,0.42594021558761597
8911,148538,2060719,0.4258728623390198
8912,148538,3365115,0.4257972836494446
8913,148538,4786291,0.42576107382774353
8914,148538,7586330,0.42565882205963135
8915,148538,1631045,0.42562708258628845
8916,148538,2993234,0.4255363941192627
8917,148538,8360089,0.4255024194717407
8918,148538,2269818,0.42544427514076233
8919,148538,3353300,0.42542195320129395
8920,148538,4223636,0.425416499376297
8921,148538,6543856,0.42534321546554565
8922,148538,1734977,0.42531341314315796
8923,148538,5305312,0.4253109097480774
8924,148538,2778119,0.4252631664276123
8925,148538,4447658,0.4251338243484497
8926,148538,5854477,0.4249172806739807
8927,148538,1247539,0.42488712072372437
8928,148538,6845900,0.42483603954315186
8929,148538,2798942,0.4246198832988739
8930,148538,941454,0.4245087504386902
8931,148538,5336564,0.4243868589401245
8932,148538,7386415,0.4243320822715759
8933,148538,1894070,0.42427223920822144
8934,148538,5588131,0.42427217960357666
8935,148538,6853482,0.42426159977912903
8936,148538,8370176,0.42414891719818115
8937,148538,5389200,0.42402613162994385
8938,148538,6330942,0.42399194836616516
8939,148538,4553352,0.4239581525325775
8940,148538,2849837,0.42383503913879395
8941,148538,830415,0.42375096678733826
8942,148538,1734982,0.4237251579761505
8943,148538,553093,0.42371177673339844
8944,148538,624439,0.42370107769966125
8945,148538,88107,0.42367300391197205
8946,148538,2731871,0.4235110282897949
8947,148538,4107254,0.4233870804309845
8948,148538,8690531,0.4233640730381012
8949,148538,5198182,0.4233206510543823
8950,148538,2454952,0.42331376671791077
8951,148538,4959639,0.42327284812927246
8952,148538,7940720,0.42314866185188293
8953,148538,4917773,0.42295968532562256
8954,148538,5177030,0.4229261875152588
8955,148538,6370618,0.422873854637146
8956,148538,1361496,0.4228280186653137
8957,148538,6117087,0.42270925641059875
8958,148538,2478993,0.42268121242523193
8959,148538,3656594,0.422620952129364
8960,148538,501364,0.4225459098815918
8961,148538,5427180,0.42231714725494385
8962,148538,6482487,0.42230522632598877
8963,148538,3303011,0.42200446128845215
8964,148538,6173115,0.421796053647995
8965,148538,6222116,0.42171669006347656
8966,148538,6157618,0.42124006152153015
8967,148538,2522178,0.4212399125099182
8968,148538,1881237,0.4210759997367859
8969,148538,153928,0.4210140109062195
8970,148538,3353299,0.4209126830101013
8971,148538,6234128,0.42090141773223877
8972,148538,2490609,0.4208819270133972
8973,148538,4681439,0.4205973148345947
8974,148538,3656592,0.4205785393714905
8975,148538,1981496,0.42051392793655396
8976,148538,5925696,0.42048805952072144
8977,148538,8690530,0.42048436403274536
8978,148538,748721,0.42002445459365845
8979,148538,2798941,0.41968226432800293
8980,148538,2368192,0.41958993673324585
8981,148538,5054086,0.41958820819854736
8982,148538,8503213,0.4195502996444702
8983,148538,7780691,0.4195488691329956
8984,148538,7638538,0.4195097088813782
8985,148538,131905,0.4194643795490265
8986,148538,5533652,0.41936877369880676
8987,148538,7917588,0.4191894233226776
8988,148538,3012370,0.4191318154335022
8989,148538,7062280,0.41910427808761597
8990,148538,2611624,0.4189743995666504
8991,148538,5960740,0.41891878843307495
8992,148538,3717167,0.4188724160194397
8993,148538,8681530,0.41885140538215637
8994,148538,1950982,0.41880708932876587
8995,148538,1734973,0.41868770122528076
8996,148538,8147759,0.4186612069606781
8997,148538,5773911,0.41858819127082825
8998,148538,1873341,0.4185652434825897
8999,148538,1247537,0.41851675510406494
9000,156493,6139386,0.7748677134513855
9001,156493,8182162,0.7528700828552246
9002,156493,3288598,0.7527408003807068
9003,156493,2928707,0.7462040185928345
9004,156493,2612493,0.7407102584838867
9005,156493,2612492,0.7390854358673096
9006,156493,1960257,0.7388312816619873
9007,156493,3288597,0.7379976511001587
9008,156493,8182166,0.7295796871185303
9009,156493,8182161,0.7261338233947754
9010,156493,1277727,0.725369393825531
9011,156493,2612490,0.7223926186561584
9012,156493,8182159,0.7222241759300232
9013,156493,3288600,0.7183307409286499
9014,156493,8273017,0.7150672674179077
9015,156493,3288599,0.7028266191482544
9016,156493,6775071,0.7025536894798279
9017,156493,3288595,0.6986674070358276
9018,156493,2259183,0.6938579678535461
9019,156493,2612491,0.6933439373970032
9020,156493,8273019,0.6903005838394165
9021,156493,349638,0.6903005838394165
9022,156493,7371077,0.6889272332191467
9023,156493,4542584,0.6883931159973145
9024,156493,8182160,0.6842577457427979
9025,156493,3288596,0.6810321807861328
9026,156493,8182165,0.6788862943649292
9027,156493,3288601,0.66961669921875
9028,156493,1960259,0.668302059173584
9029,156493,4583221,0.6676250696182251
9030,156493,6524746,0.6665657758712769
9031,156493,4940228,0.6665481328964233
9032,156493,1277723,0.6663927435874939
9033,156493,95515,0.6645658016204834
9034,156493,1960255,0.6628848314285278
9035,156493,1347264,0.6613243818283081
9036,156493,6524741,0.6593620777130127
9037,156493,5530082,0.6567696332931519
9038,156493,2259179,0.6566634178161621
9039,156493,8273011,0.651098906993866
9040,156493,8029433,0.6510595083236694
9041,156493,1277725,0.649744987487793
9042,156493,3603920,0.649266242980957
9043,156493,1960261,0.6487348079681396
9044,156493,2928705,0.6479648947715759
9045,156493,2123395,0.6469727158546448
9046,156493,95513,0.6431847810745239
9047,156493,1034435,0.6430909037590027
9048,156493,7076182,0.6411441564559937
9049,156493,911790,0.6404677629470825
9050,156493,1960260,0.640380322933197
9051,156493,911791,0.640028715133667
9052,156493,6139387,0.639019250869751
9053,156493,2598787,0.636210024356842
9054,156493,95519,0.6354821920394897
9055,156493,8300113,0.6348851919174194
9056,156493,2411920,0.6341402530670166
9057,156493,7371081,0.6313530802726746
9058,156493,2598786,0.630571186542511
9059,156493,8273018,0.6296178102493286
9060,156493,95518,0.6269881725311279
9061,156493,2378082,0.6250982880592346
9062,156493,994482,0.6246795654296875
9063,156493,95514,0.623907208442688
9064,156493,3288603,0.6229338049888611
9065,156493,349640,0.6224621534347534
9066,156493,2411914,0.6216058731079102
9067,156493,2720639,0.6194449663162231
9068,156493,4396053,0.6194449663162231
9069,156493,3603922,0.6193276047706604
9070,156493,2717163,0.6190120577812195
9071,156493,278176,0.6184481382369995
9072,156493,2928702,0.6170518398284912
9073,156493,2141936,0.6162209510803223
9074,156493,6859030,0.6151523590087891
9075,156493,911795,0.6149020195007324
9076,156493,6352012,0.6138670444488525
9077,156493,2268679,0.6121281385421753
9078,156493,2720645,0.6115903258323669
9079,156493,4131137,0.611299991607666
9080,156493,2141937,0.6109468936920166
9081,156493,2940585,0.610725462436676
9082,156493,2949801,0.6104648113250732
9083,156493,568170,0.6091683506965637
9084,156493,1277726,0.6088898181915283
9085,156493,1939299,0.6087490916252136
9086,156493,349644,0.6086677312850952
9087,156493,349643,0.6081314086914062
9088,156493,4623707,0.6080964207649231
9089,156493,8820533,0.6067467927932739
9090,156493,4940235,0.6067249178886414
9091,156493,2317807,0.6057209968566895
9092,156493,8463133,0.6041848659515381
9093,156493,6859025,0.6029866933822632
9094,156493,2949802,0.602803111076355
9095,156493,1172281,0.6026880741119385
9096,156493,1939298,0.6025036573410034
9097,156493,892013,0.6023119688034058
9098,156493,2411919,0.6021146178245544
9099,156493,6983820,0.6020430326461792
9100,156493,2616515,0.602026104927063
9101,156493,2141930,0.601901650428772
9102,156493,8820526,0.6018819808959961
9103,156493,2378077,0.601851761341095
9104,156493,2141934,0.601665735244751
9105,156493,2616512,0.6014770865440369
9106,156493,8725859,0.6011056900024414
9107,156493,2141935,0.6006009578704834
9108,156493,6859029,0.6002577543258667
9109,156493,1172285,0.6001224517822266
9110,156493,5346660,0.6000613570213318
9111,156493,59101,0.5993356704711914
9112,156493,1820476,0.5982844829559326
9113,156493,8820527,0.5979690551757812
9114,156493,5452371,0.5966425538063049
9115,156493,2708309,0.5965360403060913
9116,156493,1172287,0.5965057015419006
9117,156493,885944,0.5962257385253906
9118,156493,994486,0.5961530208587646
9119,156493,8820531,0.5956921577453613
9120,156493,1172283,0.5948967933654785
9121,156493,4527704,0.5947484374046326
9122,156493,8820528,0.5946808457374573
9123,156493,8820530,0.5944277048110962
9124,156493,5530080,0.592951238155365
9125,156493,3269352,0.5929442644119263
9126,156493,7076180,0.5928841829299927
9127,156493,2317801,0.592779815196991
9128,156493,5009748,0.5921289324760437
9129,156493,2612486,0.5919951796531677
9130,156493,8725855,0.5917000770568848
9131,156493,892006,0.5916903018951416
9132,156493,7663272,0.5913069248199463
9133,156493,6859028,0.5911449193954468
9134,156493,8300109,0.5910646915435791
9135,156493,7529421,0.5907808542251587
9136,156493,7371079,0.5903329253196716
9137,156493,2378075,0.5898873805999756
9138,156493,7371078,0.589753270149231
9139,156493,885947,0.5897188782691956
9140,156493,7529416,0.5893133878707886
9141,156493,2717158,0.5890412330627441
9142,156493,95521,0.5887410044670105
9143,156493,3258872,0.5885004997253418
9144,156493,2288562,0.5880761742591858
9145,156493,8792546,0.5880178213119507
9146,156493,316872,0.5875973105430603
9147,156493,6464089,0.5871917009353638
9148,156493,95517,0.5870112180709839
9149,156493,1939300,0.5869042873382568
9150,156493,627307,0.5867865681648254
9151,156493,6859024,0.5865609645843506
9152,156493,2411916,0.5857317447662354
9153,156493,2403231,0.5854275226593018
9154,156493,1101609,0.5854087471961975
9155,156493,627306,0.584922730922699
9156,156493,885946,0.5847973823547363
9157,156493,2717165,0.5847066640853882
9158,156493,1820469,0.5845280289649963
9159,156493,2940586,0.5844615697860718
9160,156493,7483864,0.5841649770736694
9161,156493,1172286,0.5841463804244995
9162,156493,7076178,0.5839359760284424
9163,156493,7371080,0.5839163661003113
9164,156493,2949800,0.5836982131004333
9165,156493,95512,0.5825797319412231
9166,156493,5122743,0.5820896625518799
9167,156493,1101607,0.5815479755401611
9168,156493,2949798,0.5810728073120117
9169,156493,8300112,0.5809886455535889
9170,156493,147329,0.5808173418045044
9171,156493,2949797,0.5807248950004578
9172,156493,1101603,0.5799589157104492
9173,156493,1172280,0.5799220204353333
9174,156493,6859023,0.5788013339042664
9175,156493,911794,0.5786362886428833
9176,156493,4527706,0.5782171487808228
9177,156493,6595537,0.577703595161438
9178,156493,5426280,0.5771585702896118
9179,156493,3258876,0.5766743421554565
9180,156493,2378076,0.5764600038528442
9181,156493,2940584,0.5755765438079834
9182,156493,6139381,0.5754338502883911
9183,156493,2708308,0.5753339529037476
9184,156493,2259180,0.5753154754638672
9185,156493,627305,0.5748324394226074
9186,156493,4527709,0.574379563331604
9187,156493,5752578,0.5738855600357056
9188,156493,7076185,0.5738226771354675
9189,156493,5506863,0.5738028287887573
9190,156493,6524745,0.5737346410751343
9191,156493,5009746,0.5736619830131531
9192,156493,6139385,0.5730552673339844
9193,156493,2717156,0.57275390625
9194,156493,7371075,0.5726998448371887
9195,156493,2949796,0.5725922584533691
9196,156493,2411918,0.5724910497665405
9197,156493,8266017,0.572141170501709
9198,156493,2616514,0.5719366073608398
9199,156493,2317805,0.571375846862793
9200,156493,6859027,0.5709365606307983
9201,156493,2259186,0.5700886249542236
9202,156493,7076184,0.5698631405830383
9203,156493,8376842,0.5694401860237122
9204,156493,6983825,0.5689019560813904
9205,156493,278171,0.5687854290008545
9206,156493,8273013,0.568739652633667
9207,156493,2949799,0.5685786008834839
9208,156493,1172279,0.5677487254142761
9209,156493,8182157,0.5675749778747559
9210,156493,4623706,0.5675652027130127
9211,156493,5479183,0.5675021409988403
9212,156493,8182163,0.5673760771751404
9213,156493,750111,0.5672820806503296
9214,156493,6983822,0.5667925477027893
9215,156493,892007,0.5665066838264465
9216,156493,2411913,0.5664836764335632
9217,156493,4934856,0.5656808018684387
9218,156493,1341654,0.5653530359268188
9219,156493,4527707,0.56508469581604
9220,156493,2928700,0.5646682381629944
9221,156493,1939297,0.5646195411682129
9222,156493,2378079,0.5636872053146362
9223,156493,4940229,0.5635817050933838
9224,156493,8300106,0.5633624792098999
9225,156493,2616513,0.5629438161849976
9226,156493,6775077,0.5627974271774292
9227,156493,1101604,0.5626267194747925
9228,156493,7431311,0.5622996091842651
9229,156493,4588181,0.5622175931930542
9230,156493,7663275,0.562190055847168
9231,156493,5437921,0.5620421171188354
9232,156493,4264252,0.5616952180862427
9233,156493,7063365,0.5615605115890503
9234,156493,2708304,0.5615516304969788
9235,156493,2259182,0.5612176060676575
9236,156493,5613029,0.5611852407455444
9237,156493,2403237,0.560488760471344
9238,156493,2727755,0.5602606534957886
9239,156493,1960253,0.5601357221603394
9240,156493,2351511,0.5593020915985107
9241,156493,4588176,0.5589443445205688
9242,156493,95516,0.558888852596283
9243,156493,2236396,0.55885910987854
9244,156493,8463131,0.5588577389717102
9245,156493,2949803,0.5588339567184448
9246,156493,8803132,0.5588330626487732
9247,156493,6139383,0.5583772659301758
9248,156493,2411912,0.5577552914619446
9249,156493,8029437,0.557748556137085
9250,156493,2411911,0.5576059818267822
9251,156493,1321890,0.5574254393577576
9252,156493,5059020,0.5571891069412231
9253,156493,349637,0.5568989515304565
9254,156493,1529213,0.5567334890365601
9255,156493,5506858,0.5565035343170166
9256,156493,6775075,0.556212842464447
9257,156493,7371082,0.5560612678527832
9258,156493,2928704,0.555662214756012
9259,156493,4940232,0.554913341999054
9260,156493,2411915,0.5545889139175415
9261,156493,8029436,0.5545756816864014
9262,156493,3258875,0.5541956424713135
9263,156493,6775073,0.5540443062782288
9264,156493,7529417,0.5540318489074707
9265,156493,3180514,0.5537522435188293
9266,156493,7902804,0.5526334047317505
9267,156493,349639,0.5525662899017334
9268,156493,4363669,0.552517294883728
9269,156493,8273014,0.5519097447395325
9270,156493,5752576,0.5515942573547363
9271,156493,6775074,0.5515150427818298
9272,156493,8182158,0.5512591600418091
9273,156493,59106,0.5508037209510803
9274,156493,1172288,0.5507366061210632
9275,156493,1529204,0.5504612326622009
9276,156493,1171591,0.5501281023025513
9277,156493,4588178,0.5498872995376587
9278,156493,2612494,0.5495347380638123
9279,156493,2411917,0.5494799613952637
9280,156493,6983817,0.5490147471427917
9281,156493,4527705,0.5485186576843262
9282,156493,2378080,0.5469754338264465
9283,156493,2940583,0.5468682050704956
9284,156493,1861647,0.5467313528060913
9285,156493,3603923,0.546547532081604
9286,156493,3258874,0.5461366176605225
9287,156493,8811146,0.5458520650863647
9288,156493,26128,0.5447689890861511
9289,156493,2616506,0.5447192192077637
9290,156493,3179963,0.5445758700370789
9291,156493,627311,0.5442860126495361
9292,156493,4588180,0.5442317724227905
9293,156493,4934851,0.544177770614624
9294,156493,2259184,0.5435402393341064
9295,156493,5022718,0.5434367656707764
9296,156493,3218254,0.5433453917503357
9297,156493,5752575,0.5433342456817627
9298,156493,6352009,0.5428372621536255
9299,156493,1172282,0.5425314903259277
9300,156493,6859026,0.5420752167701721
9301,156493,911787,0.5420534014701843
9302,156493,5877555,0.5415076017379761
9303,156493,5407109,0.5414760708808899
9304,156493,6983821,0.5412012934684753
9305,156493,3553290,0.5411514639854431
9306,156493,1277722,0.5409160256385803
9307,156493,5479185,0.5408097505569458
9308,156493,7063369,0.5406955480575562
9309,156493,6859022,0.5406745672225952
9310,156493,7902801,0.5405691266059875
9311,156493,5437919,0.5404579043388367
9312,156493,1277721,0.5402795076370239
9313,156493,26125,0.540011465549469
9314,156493,4422307,0.5399153232574463
9315,156493,1960262,0.5398319959640503
9316,156493,117187,0.5397391319274902
9317,156493,147333,0.5390486121177673
9318,156493,2236390,0.5384958982467651
9319,156493,6524744,0.5380111932754517
9320,156493,4964075,0.5379105806350708
9321,156493,2378078,0.5378257632255554
9322,156493,8725858,0.537501335144043
9323,156493,7431316,0.537224292755127
9324,156493,750106,0.5371233224868774
9325,156493,8820532,0.5369256734848022
9326,156493,8672389,0.536781370639801
9327,156493,2928706,0.5366497039794922
9328,156493,2236387,0.5361887216567993
9329,156493,2268677,0.5361418724060059
9330,156493,4131138,0.536115288734436
9331,156493,1960254,0.5351399183273315
9332,156493,1101608,0.5350803136825562
9333,156493,911793,0.5342196226119995
9334,156493,2236392,0.534111738204956
9335,156493,892005,0.534084141254425
9336,156493,7076183,0.5339133739471436
9337,156493,3258879,0.533780574798584
9338,156493,2940589,0.5335214138031006
9339,156493,627303,0.5333044528961182
9340,156493,1583793,0.532968282699585
9341,156493,1347267,0.5329301357269287
9342,156493,8820529,0.5328423976898193
9343,156493,8295809,0.5326770544052124
9344,156493,4363670,0.5326375365257263
9345,156493,3180508,0.5324802398681641
9346,156493,7663273,0.5322425365447998
9347,156493,2259185,0.5322124361991882
9348,156493,1034434,0.5318397283554077
9349,156493,5555919,0.5316909551620483
9350,156493,5009741,0.5315601825714111
9351,156493,2598793,0.5313462018966675
9352,156493,1583796,0.5313237905502319
9353,156493,3258877,0.5312942266464233
9354,156493,4400816,0.5312907695770264
9355,156493,911792,0.5309945344924927
9356,156493,5022716,0.5309834480285645
9357,156493,7663267,0.530972957611084
9358,156493,1924892,0.5309274792671204
9359,156493,4050358,0.5308277010917664
9360,156493,1321889,0.5306888222694397
9361,156493,4131143,0.5306762456893921
9362,156493,7532199,0.5305132865905762
9363,156493,994488,0.5304465293884277
9364,156493,4264250,0.530446469783783
9365,156493,5407114,0.5304456353187561
9366,156493,5122747,0.5295753479003906
9367,156493,4369922,0.5291822552680969
9368,156493,5761277,0.5291605591773987
9369,156493,7076181,0.5291363000869751
9370,156493,5009742,0.5285618305206299
9371,156493,2317808,0.5279324054718018
9372,156493,1101606,0.5278365612030029
9373,156493,4400818,0.5278315544128418
9374,156493,5583369,0.5273762345314026
9375,156493,8245444,0.5273492932319641
9376,156493,8725864,0.5273134112358093
9377,156493,6983824,0.5269257426261902
9378,156493,4400811,0.526840090751648
9379,156493,8083501,0.5266582369804382
9380,156493,26124,0.5253593921661377
9381,156493,5506864,0.5248886346817017
9382,156493,8803134,0.5247699618339539
9383,156493,627302,0.5246641039848328
9384,156493,8266015,0.5244510173797607
9385,156493,8672390,0.524384617805481
9386,156493,3269357,0.524349570274353
9387,156493,3218252,0.5242820978164673
9388,156493,7347210,0.5242336988449097
9389,156493,2141939,0.5237084627151489
9390,156493,2105540,0.5234429836273193
9391,156493,7162239,0.5229253768920898
9392,156493,8725863,0.522453784942627
9393,156493,3180509,0.5223529934883118
9394,156493,3218253,0.5222741961479187
9395,156493,994484,0.5222426652908325
9396,156493,5942252,0.5219969749450684
9397,156493,1277724,0.521773099899292
9398,156493,5346663,0.5217071175575256
9399,156493,2141931,0.5216751098632812
9400,156493,26121,0.5216727256774902
9401,156493,5530078,0.5216257572174072
9402,156493,2708303,0.5213422775268555
9403,156493,6859031,0.5212175846099854
9404,156493,5437922,0.5211573243141174
9405,156493,1171595,0.5210477709770203
9406,156493,1861642,0.5203840732574463
9407,156493,349641,0.5203769207000732
9408,156493,26127,0.5202153325080872
9409,156493,6139382,0.5201011896133423
9410,156493,5326286,0.5199168920516968
9411,156493,4934855,0.5198590755462646
9412,156493,4400809,0.5197237730026245
9413,156493,3218248,0.5197237730026245
9414,156493,4400810,0.5197055339813232
9415,156493,1341709,0.5196249485015869
9416,156493,5437917,0.5195794105529785
9417,156493,3218249,0.5192317962646484
9418,156493,5530081,0.5191562175750732
9419,156493,4940236,0.5190793871879578
9420,156493,95520,0.5188769102096558
9421,156493,4396054,0.5188590884208679
9422,156493,2403228,0.5185831189155579
9423,156493,7104323,0.5185562372207642
9424,156493,4400817,0.5184657573699951
9425,156493,2403229,0.5182817578315735
9426,156493,8803128,0.51817387342453
9427,156493,5479187,0.5174094438552856
9428,156493,4400815,0.5173351168632507
9429,156493,1939302,0.5173131227493286
9430,156493,4369918,0.5172245502471924
9431,156493,2259187,0.516971230506897
9432,156493,2236388,0.516882061958313
9433,156493,2940587,0.5165825486183167
9434,156493,7332526,0.5164181590080261
9435,156493,349645,0.5164077281951904
9436,156493,3125674,0.5159359574317932
9437,156493,7529420,0.5159123539924622
9438,156493,6775076,0.5155648589134216
9439,156493,8393766,0.5151629447937012
9440,156493,2378083,0.5148146152496338
9441,156493,2317803,0.514783501625061
9442,156493,1347265,0.5147732496261597
9443,156493,3218250,0.5147319436073303
9444,156493,26123,0.5144240856170654
9445,156493,3218255,0.5143381953239441
9446,156493,2708302,0.5142064094543457
9447,156493,5437920,0.5139540433883667
9448,156493,26130,0.5136340260505676
9449,156493,2268676,0.5133940577507019
9450,156493,2612488,0.5132611989974976
9451,156493,6456917,0.5131890773773193
9452,156493,8672392,0.5129731893539429
9453,156493,2141933,0.5128453969955444
9454,156493,26122,0.51227867603302
9455,156493,6009305,0.5117234587669373
9456,156493,3269353,0.5116935968399048
9457,156493,2141938,0.5116579532623291
9458,156493,4400813,0.5114752054214478
9459,156493,5452374,0.5108191967010498
9460,156493,278169,0.5105987787246704
9461,156493,2105538,0.5104645490646362
9462,156493,892009,0.5104091167449951
9463,156493,1994571,0.5101468563079834
9464,156493,4369917,0.5101105570793152
9465,156493,4396056,0.5097901821136475
9466,156493,2403234,0.5095784664154053
9467,156493,5452370,0.5094215273857117
9468,156493,6460055,0.5093558430671692
9469,156493,5426276,0.5092222690582275
9470,156493,5009745,0.5091491341590881
9471,156493,4093591,0.5083816647529602
9472,156493,8672395,0.5083224773406982
9473,156493,5022724,0.5081989765167236
9474,156493,3867535,0.5079247951507568
9475,156493,5752573,0.5077561736106873
9476,156493,1277720,0.5076549649238586
9477,156493,5407110,0.5068866014480591
9478,156493,2141932,0.5061063766479492
9479,156493,3180512,0.5059841871261597
9480,156493,1237364,0.5053529143333435
9481,156493,4396055,0.5052567720413208
9482,156493,5009747,0.5049514174461365
9483,156493,1939301,0.50483638048172
9484,156493,5022719,0.504806637763977
9485,156493,1994566,0.5045896768569946
9486,156493,4050359,0.5045577883720398
9487,156493,3553296,0.5044077038764954
9488,156493,8376847,0.5043827295303345
9489,156493,2047495,0.5041653513908386
9490,156493,4264246,0.5039459466934204
9491,156493,1994567,0.5036478638648987
9492,156493,2268678,0.5032750964164734
9493,156493,278173,0.503123939037323
9494,156493,6612000,0.503008246421814
9495,156493,3252916,0.5028868913650513
9496,156493,5022721,0.5024776458740234
9497,156493,7332528,0.5020751953125
9498,156493,5437924,0.5018614530563354
9499,156493,7263602,0.501792848110199
9500,156493,8672393,0.5016887187957764
9501,156493,8672396,0.5015636086463928
9502,156493,8725861,0.5014714598655701
9503,156493,6460057,0.5012204647064209
9504,156493,6524743,0.5010420083999634
9505,156493,4623705,0.5002063512802124
9506,156493,4093589,0.4991113543510437
9507,156493,7055261,0.4990803003311157
9508,156493,3553288,0.4990287721157074
9509,156493,2598789,0.4989919662475586
9510,156493,5530076,0.4989912211894989
9511,156493,8820534,0.49814361333847046
9512,156493,1347266,0.4980984330177307
9513,156493,3827670,0.4980355501174927
9514,156493,8672391,0.49738866090774536
9515,156493,5752572,0.4972675144672394
9516,156493,5022717,0.49704158306121826
9517,156493,7529424,0.49702534079551697
9518,156493,8029434,0.49683046340942383
9519,156493,4647900,0.4965789318084717
9520,156493,8803127,0.4965662658214569
9521,156493,4940230,0.49631157517433167
9522,156493,8208500,0.4952746629714966
9523,156493,3827672,0.4950751066207886
9524,156493,7431313,0.494960218667984
9525,156493,5471359,0.4945870339870453
9526,156493,3985474,0.49425196647644043
9527,156493,8725860,0.4942198395729065
9528,156493,8803136,0.49412599205970764
9529,156493,2403230,0.4935857057571411
9530,156493,5530083,0.49346643686294556
9531,156493,6983823,0.493416965007782
9532,156493,8463135,0.4931465685367584
9533,156493,5346656,0.4930936098098755
9534,156493,5431843,0.4928702116012573
9535,156493,2154547,0.4927423596382141
9536,156493,3218251,0.49254465103149414
9537,156493,1341653,0.49213647842407227
9538,156493,4465044,0.4918920695781708
9539,156493,1172284,0.491803377866745
9540,156493,1583792,0.49177658557891846
9541,156493,1034438,0.4917149543762207
9542,156493,2154546,0.49145472049713135
9543,156493,4588179,0.49138545989990234
9544,156493,8277662,0.49083781242370605
9545,156493,4934853,0.4902726411819458
9546,156493,2598792,0.4899948835372925
9547,156493,5613027,0.48997852206230164
9548,156493,147335,0.4897405505180359
9549,156493,6775072,0.48951053619384766
9550,156493,6596604,0.48944419622421265
9551,156493,4940233,0.48927831649780273
9552,156493,2717157,0.4892219305038452
9553,156493,3827671,0.4889894723892212
9554,156493,3549529,0.4887794256210327
9555,156493,2403232,0.48868098855018616
9556,156493,2154548,0.48833662271499634
9557,156493,5433713,0.4882071614265442
9558,156493,3180517,0.4880788028240204
9559,156493,7012335,0.4879682660102844
9560,156493,2015417,0.4871160686016083
9561,156493,2616509,0.48700863122940063
9562,156493,2378074,0.48662424087524414
9563,156493,7431317,0.48616155982017517
9564,156493,1583800,0.48611539602279663
9565,156493,7011553,0.4859481751918793
9566,156493,4764879,0.48593753576278687
9567,156493,8376845,0.48587071895599365
9568,156493,7532194,0.4858483672142029
9569,156493,5433709,0.4858008623123169
9570,156493,7371076,0.485592246055603
9571,156493,994485,0.48543021082878113
9572,156493,5022723,0.484623521566391
9573,156493,2708301,0.4842098355293274
9574,156493,26129,0.48374709486961365
9575,156493,5433710,0.48358410596847534
9576,156493,5530077,0.48357129096984863
9577,156493,1277728,0.4835085868835449
9578,156493,3173068,0.48322793841362
9579,156493,7055260,0.48283255100250244
9580,156493,4093587,0.4825748801231384
9581,156493,5413355,0.48254358768463135
9582,156493,8245442,0.4824819564819336
9583,156493,5479181,0.48244279623031616
9584,156493,59098,0.4818758964538574
9585,156493,8029435,0.4816666841506958
9586,156493,6114004,0.481438547372818
9587,156493,6775079,0.48100700974464417
9588,156493,2717161,0.4806729853153229
9589,156493,4588174,0.4806556701660156
9590,156493,5433712,0.4804496765136719
9591,156493,3603925,0.47986748814582825
9592,156493,7663269,0.47971111536026
9593,156493,5524680,0.47959256172180176
9594,156493,4623710,0.4794695973396301
9595,156493,4422308,0.47926169633865356
9596,156493,1924890,0.47918403148651123
9597,156493,1861643,0.4789752662181854
9598,156493,5433705,0.47868219017982483
9599,156493,8083508,0.4786137342453003
9600,156493,6932696,0.4784741699695587
9601,156493,4006652,0.4783061444759369
9602,156493,8273012,0.47812774777412415
9603,156493,1237363,0.47702234983444214
9604,156493,7063367,0.4770219922065735
9605,156493,4623711,0.4765338897705078
9606,156493,5326288,0.47652360796928406
9607,156493,8029432,0.4763384461402893
9608,156493,1960256,0.4760024845600128
9609,156493,3258878,0.47581836581230164
9610,156493,4400812,0.47531211376190186
9611,156493,7332523,0.4750899076461792
9612,156493,5530074,0.47498446702957153
9613,156493,7055262,0.47472870349884033
9614,156493,8083503,0.4746536314487457
9615,156493,5555925,0.47413885593414307
9616,156493,2727756,0.473602831363678
9617,156493,4093590,0.47338730096817017
9618,156493,5202973,0.47312092781066895
9619,156493,8266011,0.4727352261543274
9620,156493,5022725,0.4724506437778473
9621,156493,7431315,0.4723580777645111
9622,156493,278172,0.4723550081253052
9623,156493,1321883,0.4719000458717346
9624,156493,2105535,0.4715498685836792
9625,156493,8463132,0.47144049406051636
9626,156493,117185,0.471340537071228
9627,156493,4400814,0.4713214635848999
9628,156493,4588172,0.47097042202949524
9629,156493,468074,0.470542311668396
9630,156493,5122741,0.47033989429473877
9631,156493,2236393,0.47028225660324097
9632,156493,4552081,0.4701571762561798
9633,156493,8463136,0.46985331177711487
9634,156493,3273491,0.46966788172721863
9635,156493,2978589,0.46952641010284424
9636,156493,3553295,0.4690259099006653
9637,156493,5752577,0.4689919948577881
9638,156493,1293452,0.4685390591621399
9639,156493,1529209,0.46851083636283875
9640,156493,5022722,0.4684034287929535
9641,156493,1924894,0.468247652053833
9642,156493,2265697,0.4680047333240509
9643,156493,8237571,0.46796920895576477
9644,156493,8029431,0.46784791350364685
9645,156493,7012337,0.46776914596557617
9646,156493,5292939,0.4675699472427368
9647,156493,6983819,0.466763436794281
9648,156493,6611997,0.4659685492515564
9649,156493,2268683,0.46538108587265015
9650,156493,2044464,0.4653553068637848
9651,156493,6343401,0.4648783206939697
9652,156493,1112538,0.4643858075141907
9653,156493,2940588,0.4641043245792389
9654,156493,7532197,0.464049369096756
9655,156493,6524739,0.46393346786499023
9656,156493,1583799,0.4637505114078522
9657,156493,5009743,0.46365487575531006
9658,156493,5503786,0.4635533094406128
9659,156493,6524740,0.4634416103363037
9660,156493,1239415,0.46342527866363525
9661,156493,7055258,0.46339812874794006
9662,156493,4588175,0.4633115231990814
9663,156493,7380550,0.46315091848373413
9664,156493,4422306,0.46293339133262634
9665,156493,2717164,0.46273547410964966
9666,156493,2268680,0.4625447392463684
9667,156493,5433711,0.46229299902915955
9668,156493,3180511,0.462224543094635
9669,156493,4588173,0.46217626333236694
9670,156493,6139384,0.462030291557312
9671,156493,2390551,0.4611043632030487
9672,156493,4623709,0.46101582050323486
9673,156493,8300108,0.4609088599681854
9674,156493,4552085,0.46027088165283203
9675,156493,5752574,0.4601995348930359
9676,156493,627304,0.45987072587013245
9677,156493,2083039,0.4598003625869751
9678,156493,3218256,0.45956647396087646
9679,156493,59103,0.45890018343925476
9680,156493,5346657,0.458864688873291
9681,156493,4006653,0.45878249406814575
9682,156493,8273015,0.45842671394348145
9683,156493,2925108,0.45831409096717834
9684,156493,6648124,0.4582236111164093
9685,156493,4421674,0.45735570788383484
9686,156493,994489,0.45686283707618713
9687,156493,117188,0.4566915035247803
9688,156493,4422302,0.45666569471359253
9689,156493,581215,0.4566032290458679
9690,156493,1960258,0.4565983712673187
9691,156493,7532200,0.45617353916168213
9692,156493,1425308,0.45601069927215576
9693,156493,7756691,0.45569396018981934
9694,156493,4252705,0.4554644227027893
9695,156493,994483,0.4552117586135864
9696,156493,5613025,0.4548186659812927
9697,156493,4369916,0.4547334909439087
9698,156493,3639395,0.4541817605495453
9699,156493,1643750,0.454169362783432
9700,156493,4050360,0.45402777194976807
9701,156493,2616507,0.4538794159889221
9702,156493,8463137,0.4537818133831024
9703,156493,5823106,0.4537695646286011
9704,156493,5804186,0.45368367433547974
9705,156493,7240219,0.4533468186855316
9706,156493,5804188,0.45316022634506226
9707,156493,6983818,0.4530976414680481
9708,156493,5433708,0.4527518153190613
9709,156493,3218257,0.45270174741744995
9710,156493,7985291,0.45244544744491577
9711,156493,5082392,0.4524401128292084
9712,156493,7663271,0.45233359932899475
9713,156493,2317802,0.4521496891975403
9714,156493,8401981,0.45200422406196594
9715,156493,7902803,0.4519111216068268
9716,156493,5603850,0.4518025517463684
9717,156493,5752580,0.45137736201286316
9718,156493,7380551,0.4513229727745056
9719,156493,1101610,0.45130205154418945
9720,156493,4421676,0.4507363438606262
9721,156493,3625991,0.45052728056907654
9722,156493,1034432,0.4504227638244629
9723,156493,4934854,0.4503617286682129
9724,156493,6009311,0.45009368658065796
9725,156493,2708310,0.45002591609954834
9726,156493,7055259,0.4499695301055908
9727,156493,1924886,0.4497804343700409
9728,156493,2236389,0.4495237469673157
9729,156493,4050361,0.44951337575912476
9730,156493,2598788,0.4494750201702118
9731,156493,7327720,0.44893336296081543
9732,156493,3978834,0.4489111006259918
9733,156493,7310031,0.4488876163959503
9734,156493,3553293,0.448640912771225
9735,156493,2528253,0.4483192265033722
9736,156493,7985290,0.4482736587524414
9737,156493,5426278,0.4480813443660736
9738,156493,1341661,0.44790974259376526
9739,156493,4369913,0.44765037298202515
9740,156493,2616510,0.4476453959941864
9741,156493,5942215,0.4476453959941864
9742,156493,2708305,0.4473738670349121
9743,156493,6464086,0.4471098780632019
9744,156493,1924885,0.44656699895858765
9745,156493,7077756,0.4464759826660156
9746,156493,5877552,0.44642820954322815
9747,156493,8237566,0.44590994715690613
9748,156493,6009309,0.44574832916259766
9749,156493,1924887,0.4453984797000885
9750,156493,2105539,0.44498488306999207
9751,156493,7735247,0.4448467195034027
9752,156493,6202844,0.44417768716812134
9753,156493,2006509,0.4440230131149292
9754,156493,3266849,0.44352906942367554
9755,156493,5603851,0.4434002935886383
9756,156493,5009739,0.44282013177871704
9757,156493,7134515,0.442781925201416
9758,156493,8725857,0.4426940679550171
9759,156493,5549994,0.44219884276390076
9760,156493,627309,0.44175902009010315
9761,156493,1341660,0.4416472017765045
9762,156493,8109100,0.4415179491043091
9763,156493,2780585,0.44149383902549744
9764,156493,26126,0.44139838218688965
9765,156493,5613023,0.44128936529159546
9766,156493,1171592,0.4410814046859741
9767,156493,2347425,0.44086530804634094
9768,156493,2050399,0.4406690001487732
9769,156493,7735245,0.4405629634857178
9770,156493,3180510,0.4403342604637146
9771,156493,4552078,0.4402635991573334
9772,156493,4486726,0.4402211010456085
9773,156493,813546,0.4399963319301605
9774,156493,1252112,0.4399777054786682
9775,156493,8237570,0.43993186950683594
9776,156493,4813511,0.4399247467517853
9777,156493,4940231,0.43961238861083984
9778,156493,5849856,0.43956199288368225
9779,156493,6020063,0.43926674127578735
9780,156493,4579538,0.43919825553894043
9781,156493,5971890,0.43897926807403564
9782,156493,892008,0.43892815709114075
9783,156493,6268426,0.4388636648654938
9784,156493,3252915,0.4386134743690491
9785,156493,4131144,0.4385990798473358
9786,156493,7380554,0.4385855793952942
9787,156493,1643747,0.438443124294281
9788,156493,5009744,0.4383409023284912
9789,156493,1861645,0.43826860189437866
9790,156493,8737848,0.4374728798866272
9791,156493,2277840,0.43671971559524536
9792,156493,8083504,0.4366261661052704
9793,156493,7529419,0.4364032447338104
9794,156493,7630744,0.4362752437591553
9795,156493,6775078,0.43606138229370117
9796,156493,4589019,0.43538397550582886
9797,156493,1171598,0.4352262020111084
9798,156493,903576,0.4350139796733856
9799,156493,8162277,0.4349682927131653
9800,156493,8245445,0.43495985865592957
9801,156493,6139380,0.4347905218601227
9802,156493,4813512,0.4346042275428772
9803,156493,2708306,0.43453696370124817
9804,156493,8029430,0.43452683091163635
9805,156493,5437918,0.4343196153640747
9806,156493,583124,0.43395495414733887
9807,156493,8083510,0.43392229080200195
9808,156493,5877549,0.4337756633758545
9809,156493,2288560,0.43355903029441833
9810,156493,4648575,0.4335583448410034
9811,156493,627310,0.4335472881793976
9812,156493,5530075,0.4332534968852997
9813,156493,2259181,0.4331057667732239
9814,156493,4219345,0.43309903144836426
9815,156493,3712729,0.432876855134964
9816,156493,2528260,0.4324938654899597
9817,156493,1444826,0.4323749542236328
9818,156493,2616508,0.4322759509086609
9819,156493,8162281,0.43212440609931946
9820,156493,8697906,0.432119756937027
9821,156493,1676311,0.43191903829574585
9822,156493,2154544,0.4317511320114136
9823,156493,903568,0.4317457675933838
9824,156493,8725862,0.4314309060573578
9825,156493,343693,0.4314234256744385
9826,156493,5433707,0.43099331855773926
9827,156493,2154543,0.43092623353004456
9828,156493,3487076,0.43092307448387146
9829,156493,6717766,0.4308691620826721
9830,156493,4396052,0.43082982301712036
9831,156493,4552084,0.43082237243652344
9832,156493,6605156,0.4306811988353729
9833,156493,2914655,0.43067029118537903
9834,156493,8266979,0.43066224455833435
9835,156493,8287425,0.4305768609046936
9836,156493,5090619,0.4302005469799042
9837,156493,5292938,0.42934635281562805
9838,156493,1293450,0.4293341338634491
9839,156493,4934858,0.429013729095459
9840,156493,7055263,0.42878854274749756
9841,156493,1425310,0.42875906825065613
9842,156493,8287418,0.42875805497169495
9843,156493,2279256,0.4283232092857361
9844,156493,2105537,0.4281880855560303
9845,156493,5031439,0.4281524419784546
9846,156493,5409210,0.42780834436416626
9847,156493,982473,0.4276481866836548
9848,156493,1643748,0.42761456966400146
9849,156493,2154542,0.42757993936538696
9850,156493,2236391,0.4274616837501526
9851,156493,5555926,0.42743372917175293
9852,156493,8463134,0.4271466135978699
9853,156493,5877550,0.4269489645957947
9854,156493,3711804,0.4268997013568878
9855,156493,2154550,0.42669427394866943
9856,156493,6616214,0.4264205992221832
9857,156493,6616211,0.4258992075920105
9858,156493,6002729,0.4255642890930176
9859,156493,2161015,0.4255332350730896
9860,156493,8266013,0.42527174949645996
9861,156493,7057849,0.4251902997493744
9862,156493,4820524,0.4250742793083191
9863,156493,5720774,0.42502033710479736
9864,156493,7529423,0.4249720573425293
9865,156493,5145434,0.4244445264339447
9866,156493,6343404,0.42438504099845886
9867,156493,6477082,0.4241361916065216
9868,156493,8798311,0.4240573048591614
9869,156493,1341656,0.4239530563354492
9870,156493,5555924,0.4238628149032593
9871,156493,8697904,0.42373567819595337
9872,156493,5346662,0.42368435859680176
9873,156493,343689,0.42348697781562805
9874,156493,417226,0.4232502281665802
9875,156493,7529418,0.4226548969745636
9876,156493,4422304,0.4226536750793457
9877,156493,4342500,0.42262446880340576
9878,156493,268656,0.42254430055618286
9879,156493,2398575,0.4223175346851349
9880,156493,4474782,0.42188161611557007
9881,156493,8246575,0.4218389391899109
9882,156493,6368415,0.42177414894104004
9883,156493,8375314,0.4216480851173401
9884,156493,5607825,0.421353280544281
9885,156493,1101602,0.42125725746154785
9886,156493,2403236,0.4210747182369232
9887,156493,994487,0.42102938890457153
9888,156493,5603848,0.42096850275993347
9889,156493,4552086,0.42070215940475464
9890,156493,3785908,0.42053475975990295
9891,156493,6699576,0.4204845726490021
9892,156493,4820530,0.42039433121681213
9893,156493,5981749,0.42028704285621643
9894,156493,3633709,0.4201875329017639
9895,156493,5027569,0.41987794637680054
9896,156493,2978583,0.41950523853302
9897,156493,4647258,0.4194512367248535
9898,156493,8277657,0.4193776249885559
9899,156493,5684108,0.41934627294540405
9900,156493,4589021,0.41934406757354736
9901,156493,3603924,0.41882336139678955
9902,156493,5942217,0.41827261447906494
9903,156493,5433706,0.4181232452392578
9904,156493,8129646,0.4179299771785736
9905,156493,4275475,0.4179037809371948
9906,156493,6002730,0.4177664816379547
9907,156493,8300114,0.417735755443573
9908,156493,4422301,0.41764402389526367
9909,156493,8820525,0.4176170229911804
9910,156493,8109098,0.4175739586353302
9911,156493,6010542,0.4175720810890198
9912,156493,7956887,0.4175005257129669
9913,156493,3479284,0.4172787070274353
9914,156493,4421671,0.4172101616859436
9915,156493,8245439,0.4171822667121887
9916,156493,5128818,0.4171120524406433
9917,156493,1406681,0.41699761152267456
9918,156493,5409202,0.416939914226532
9919,156493,553772,0.4168729782104492
9920,156493,4591565,0.41655832529067993
9921,156493,3545537,0.41630569100379944
9922,156493,4922862,0.41617241501808167
9923,156493,6703007,0.4160062074661255
9924,156493,6806558,0.4159436821937561
9925,156493,1237847,0.4158521592617035
9926,156493,2280379,0.415755957365036
9927,156493,5479184,0.41548722982406616
9928,156493,3978839,0.41524702310562134
9929,156493,5942211,0.41523477435112
9930,156493,4886791,0.41520267724990845
9931,156493,5718745,0.41486167907714844
9932,156493,2136132,0.4147677421569824
9933,156493,5802962,0.4143754839897156
9934,156493,5578258,0.4139876961708069
9935,156493,1425302,0.4139031767845154
9936,156493,7998455,0.4137556254863739
9937,156493,1943169,0.41330572962760925
9938,156493,3978840,0.4131169021129608
9939,156493,8773192,0.4130600392818451
9940,156493,6135066,0.4128674268722534
9941,156493,6268430,0.41276663541793823
9942,156493,6541892,0.4126408100128174
9943,156493,8277654,0.4122396409511566
9944,156493,4526241,0.4121783673763275
9945,156493,7782274,0.41200071573257446
9946,156493,8655208,0.41186535358428955
9947,156493,4589014,0.4117282032966614
9948,156493,3377770,0.4115844964981079
9949,156493,7380559,0.41157305240631104
9950,156493,8245443,0.41129034757614136
9951,156493,6695643,0.4110470712184906
9952,156493,7012332,0.4110341966152191
9953,156493,6620374,0.4106534719467163
9954,156493,525398,0.4106171131134033
9955,156493,7348000,0.4100373387336731
9956,156493,3948125,0.40981054306030273
9957,156493,5607826,0.4096658229827881
9958,156493,551112,0.4096371531486511
9959,156493,6456910,0.4094962477684021
9960,156493,5289449,0.40942609310150146
9961,156493,5323429,0.40924233198165894
9962,156493,2154551,0.4092097282409668
9963,156493,1344117,0.4090026021003723
9964,156493,5607827,0.4089817702770233
9965,156493,4718367,0.4089280366897583
9966,156493,3670614,0.40874820947647095
9967,156493,3288602,0.40798985958099365
9968,156493,4849249,0.40797626972198486
9969,156493,3545726,0.40786463022232056
9970,156493,8245440,0.40785741806030273
9971,156493,6009307,0.4077390432357788
9972,156493,583765,0.4077085256576538
9973,156493,4796047,0.4076785147190094
9974,156493,4369914,0.40760165452957153
9975,156493,4372201,0.40759244561195374
9976,156493,8376840,0.40739405155181885
9977,156493,3300467,0.407356858253479
9978,156493,6717771,0.40703433752059937
9979,156493,5326291,0.40698331594467163
9980,156493,944739,0.40694916248321533
9981,156493,59068,0.40691521763801575
9982,156493,4156209,0.4068717658519745
9983,156493,5027568,0.4068186283111572
9984,156493,3670622,0.40681809186935425
9985,156493,7580423,0.4065629541873932
9986,156493,343696,0.40648263692855835
9987,156493,4648584,0.4063933193683624
9988,156493,8083507,0.4062894582748413
9989,156493,2161011,0.40616050362586975
9990,156493,3307950,0.4061235785484314
9991,156493,4199676,0.40612339973449707
9992,156493,2528261,0.40610551834106445
9993,156493,5006660,0.4060988128185272
9994,156493,5231749,0.40597909688949585
9995,156493,3220923,0.40588679909706116
9996,156493,3642608,0.405754029750824
9997,156493,5145433,0.405552476644516
9998,156493,4527708,0.405264288187027
9999,156493,4092220,0.4052327871322632
10000,168216,3830857,0.8363690972328186
10001,168216,1381477,0.8354283571243286
10002,168216,3344828,0.7641251683235168
10003,168216,3344837,0.7498167753219604
10004,168216,13499,0.7271554470062256
10005,168216,8731624,0.7262728214263916
10006,168216,6282567,0.6870527267456055
10007,168216,3198680,0.6799895167350769
10008,168216,2265769,0.6799873113632202
10009,168216,1301466,0.6768536567687988
10010,168216,6329932,0.6751802563667297
10011,168216,1735360,0.6743196249008179
10012,168216,6061726,0.673891007900238
10013,168216,6282561,0.6720637679100037
10014,168216,2069992,0.6672705411911011
10015,168216,4792583,0.6665757894515991
10016,168216,6249512,0.665740966796875
10017,168216,3033359,0.6649293899536133
10018,168216,2210780,0.6607668399810791
10019,168216,4792582,0.6566970348358154
10020,168216,1301468,0.6517257690429688
10021,168216,6264731,0.650059700012207
10022,168216,8731622,0.6492016315460205
10023,168216,8723467,0.6430978775024414
10024,168216,5024311,0.6417380571365356
10025,168216,1301465,0.6394734382629395
10026,168216,8731623,0.6389400959014893
10027,168216,2085395,0.6347447633743286
10028,168216,8731620,0.6294558048248291
10029,168216,8185135,0.6285357475280762
10030,168216,3399713,0.6225428581237793
10031,168216,6264734,0.6194989681243896
10032,168216,8731617,0.6180669069290161
10033,168216,3174840,0.6173949241638184
10034,168216,6213325,0.6173467636108398
10035,168216,6748723,0.6129702925682068
10036,168216,2069995,0.6114968061447144
10037,168216,1924796,0.6113114953041077
10038,168216,8185137,0.6108391284942627
10039,168216,6061718,0.6096928119659424
10040,168216,3344832,0.6096807718276978
10041,168216,2036279,0.6057036519050598
10042,168216,6426638,0.6047649383544922
10043,168216,8185131,0.604347288608551
10044,168216,3198689,0.6040582060813904
10045,168216,2714956,0.6022761464118958
10046,168216,6803395,0.6006635427474976
10047,168216,3906529,0.6005982160568237
10048,168216,3528662,0.599087655544281
10049,168216,891584,0.5976539850234985
10050,168216,1301467,0.5972270369529724
10051,168216,2659074,0.5965344905853271
10052,168216,8731625,0.5948385000228882
10053,168216,5114458,0.5940870642662048
10054,168216,3908777,0.5925090312957764
10055,168216,2806307,0.5919226408004761
10056,168216,8639627,0.5900774002075195
10057,168216,6213322,0.5894917249679565
10058,168216,6868730,0.5892289876937866
10059,168216,6555036,0.5889339447021484
10060,168216,3463556,0.5886484980583191
10061,168216,6584042,0.5878992676734924
10062,168216,2210775,0.5868895649909973
10063,168216,7492755,0.5861113667488098
10064,168216,8731621,0.5858122110366821
10065,168216,2824601,0.5855726003646851
10066,168216,1301469,0.5845842361450195
10067,168216,4721493,0.5833196640014648
10068,168216,4119829,0.5832996368408203
10069,168216,2790904,0.5826423168182373
10070,168216,5699065,0.5825297832489014
10071,168216,1301472,0.5820272564888
10072,168216,3110405,0.5819500684738159
10073,168216,1735358,0.5818222761154175
10074,168216,4123123,0.581720232963562
10075,168216,3110411,0.5804751515388489
10076,168216,6282562,0.5799275040626526
10077,168216,7001205,0.5798593163490295
10078,168216,5981502,0.5795263648033142
10079,168216,521667,0.5791463851928711
10080,168216,1301471,0.5755255222320557
10081,168216,4324492,0.5755085945129395
10082,168216,2787773,0.5748735070228577
10083,168216,4495028,0.5744873285293579
10084,168216,6178288,0.5744873285293579
10085,168216,8679499,0.5730901956558228
10086,168216,8639630,0.5722715854644775
10087,168216,1080472,0.5715577006340027
10088,168216,3496741,0.5714775323867798
10089,168216,6282560,0.5713621377944946
10090,168216,4107820,0.5705076456069946
10091,168216,7073778,0.5703949928283691
10092,168216,3908774,0.5697594881057739
10093,168216,4301961,0.5694547891616821
10094,168216,7001202,0.5693145394325256
10095,168216,1823538,0.5691486597061157
10096,168216,3947233,0.5691448450088501
10097,168216,1657418,0.5689255595207214
10098,168216,4741406,0.568444013595581
10099,168216,540031,0.5682615041732788
10100,168216,8252764,0.567589282989502
10101,168216,788020,0.5675301551818848
10102,168216,4721494,0.5671958923339844
10103,168216,6761579,0.5671775341033936
10104,168216,480093,0.5671238899230957
10105,168216,323989,0.5665318369865417
10106,168216,6439448,0.5664092302322388
10107,168216,1657424,0.5663903951644897
10108,168216,8252763,0.5657047629356384
10109,168216,3344833,0.5648705959320068
10110,168216,3947237,0.5638970136642456
10111,168216,8319216,0.563815176486969
10112,168216,7044417,0.5634517073631287
10113,168216,3110413,0.5631471872329712
10114,168216,6012600,0.5630088448524475
10115,168216,661750,0.5626690983772278
10116,168216,3675454,0.5624589920043945
10117,168216,5926035,0.5624390840530396
10118,168216,6973309,0.5620404481887817
10119,168216,5293613,0.5613466501235962
10120,168216,6761584,0.5611854195594788
10121,168216,1823537,0.5604347586631775
10122,168216,2526,0.5604206919670105
10123,168216,5239344,0.5601791143417358
10124,168216,2514502,0.5599831938743591
10125,168216,266933,0.5596749186515808
10126,168216,4608049,0.5595487356185913
10127,168216,1924800,0.5592792630195618
10128,168216,8766387,0.5584205389022827
10129,168216,3556743,0.5583105087280273
10130,168216,5981505,0.5580891370773315
10131,168216,4721491,0.5576068162918091
10132,168216,4324491,0.5571083426475525
10133,168216,1983059,0.557024359703064
10134,168216,1011036,0.556659460067749
10135,168216,8731618,0.5564099550247192
10136,168216,6988265,0.5563998818397522
10137,168216,7682762,0.5562161803245544
10138,168216,1011041,0.555867075920105
10139,168216,4215271,0.5558593273162842
10140,168216,1099161,0.5557377338409424
10141,168216,1884287,0.555712103843689
10142,168216,565046,0.5555964112281799
10143,168216,4107816,0.555330753326416
10144,168216,5293608,0.555023193359375
10145,168216,6492815,0.55472731590271
10146,168216,6061721,0.5547043085098267
10147,168216,3947238,0.5540116429328918
10148,168216,6329928,0.5539611577987671
10149,168216,6597600,0.5537114143371582
10150,168216,6231567,0.5533872842788696
10151,168216,4721489,0.5533273816108704
10152,168216,8048968,0.5529583692550659
10153,168216,1011040,0.5528371334075928
10154,168216,746504,0.5527655482292175
10155,168216,3174835,0.5524095296859741
10156,168216,1011037,0.5522633790969849
10157,168216,13491,0.5520554780960083
10158,168216,6169327,0.5516759157180786
10159,168216,1930746,0.5516345500946045
10160,168216,3908776,0.5516314506530762
10161,168216,3087258,0.5508472323417664
10162,168216,8766391,0.5506831407546997
10163,168216,5024313,0.5501768589019775
10164,168216,6891122,0.5501693487167358
10165,168216,8791177,0.5497816205024719
10166,168216,5293610,0.549707293510437
10167,168216,1301474,0.5492120981216431
10168,168216,2824599,0.549132764339447
10169,168216,6990339,0.5488062500953674
10170,168216,5254232,0.5476361513137817
10171,168216,7595684,0.5476219654083252
10172,168216,2101265,0.5472209453582764
10173,168216,5303303,0.5470199584960938
10174,168216,13495,0.5461178421974182
10175,168216,4039495,0.5460792779922485
10176,168216,1316336,0.5460147857666016
10177,168216,6784127,0.5458577871322632
10178,168216,5140588,0.5447396636009216
10179,168216,1090095,0.5446597337722778
10180,168216,4267112,0.5444533824920654
10181,168216,2069988,0.5441769957542419
10182,168216,746505,0.5440951585769653
10183,168216,5293614,0.5439586639404297
10184,168216,2514503,0.5439082384109497
10185,168216,2101263,0.543799102306366
10186,168216,6250583,0.5437915325164795
10187,168216,3908779,0.5437663197517395
10188,168216,6492813,0.5435436964035034
10189,168216,8319215,0.5432799458503723
10190,168216,5947826,0.5432078242301941
10191,168216,6694263,0.5431313514709473
10192,168216,6694261,0.5430737733840942
10193,168216,1766533,0.5429489016532898
10194,168216,6199601,0.54279625415802
10195,168216,7697589,0.5427110195159912
10196,168216,6876517,0.5421820878982544
10197,168216,5029546,0.5418668389320374
10198,168216,7682760,0.5418668389320374
10199,168216,3033160,0.5417867302894592
10200,168216,3198687,0.5417459011077881
10201,168216,3399715,0.5417459011077881
10202,168216,6282564,0.5415785312652588
10203,168216,4656297,0.5415052175521851
10204,168216,3364604,0.5413891077041626
10205,168216,826043,0.5412973165512085
10206,168216,5293611,0.541153073310852
10207,168216,5699064,0.5410329103469849
10208,168216,3399717,0.5408189296722412
10209,168216,6996835,0.5407263040542603
10210,168216,5555442,0.54067462682724
10211,168216,3947235,0.5400023460388184
10212,168216,5919648,0.5392258763313293
10213,168216,6264733,0.5390510559082031
10214,168216,7689090,0.5385417938232422
10215,168216,2303677,0.5381519198417664
10216,168216,1508225,0.5378798246383667
10217,168216,2651080,0.5377528667449951
10218,168216,1842984,0.5375370979309082
10219,168216,323991,0.5371779203414917
10220,168216,3463555,0.5371721982955933
10221,168216,6231572,0.5370703935623169
10222,168216,6426630,0.5369625687599182
10223,168216,6231568,0.5365685224533081
10224,168216,2163810,0.5364866256713867
10225,168216,3399718,0.5363332033157349
10226,168216,2476061,0.5363070368766785
10227,168216,2101264,0.5362460017204285
10228,168216,2514501,0.5359472036361694
10229,168216,2824603,0.5358346700668335
10230,168216,6748719,0.5357425212860107
10231,168216,5568760,0.5353686809539795
10232,168216,4245218,0.5352007150650024
10233,168216,2427573,0.5351027846336365
10234,168216,1645438,0.5348401069641113
10235,168216,7139373,0.5347048044204712
10236,168216,4721488,0.5346338748931885
10237,168216,6299989,0.5341154932975769
10238,168216,6299991,0.5340259075164795
10239,168216,8100686,0.5339881181716919
10240,168216,826042,0.5337746143341064
10241,168216,3908773,0.5335350632667542
10242,168216,8141128,0.5334551334381104
10243,168216,8617094,0.5334188938140869
10244,168216,4548350,0.5333951711654663
10245,168216,290819,0.5333627462387085
10246,168216,1183706,0.5332920551300049
10247,168216,5771045,0.5332449674606323
10248,168216,5935476,0.5330393314361572
10249,168216,6291740,0.5329198241233826
10250,168216,6988653,0.5327792167663574
10251,168216,1381478,0.5327060222625732
10252,168216,1381480,0.5326703786849976
10253,168216,6426632,0.5325275659561157
10254,168216,3670626,0.532514750957489
10255,168216,1099152,0.532514750957489
10256,168216,4721487,0.5320993661880493
10257,168216,5936297,0.5320136547088623
10258,168216,7414973,0.5319595336914062
10259,168216,290826,0.5319344401359558
10260,168216,2514500,0.5318134427070618
10261,168216,6264735,0.5314792394638062
10262,168216,5140584,0.5313466787338257
10263,168216,1700668,0.531169056892395
10264,168216,4935817,0.5309140682220459
10265,168216,6250581,0.5304858088493347
10266,168216,4935823,0.5304741859436035
10267,168216,6299988,0.5304175615310669
10268,168216,2546096,0.5297050476074219
10269,168216,548901,0.5295138359069824
10270,168216,6973314,0.5291104912757874
10271,168216,7021160,0.5290894508361816
10272,168216,7144057,0.5289552211761475
10273,168216,8319218,0.5289304852485657
10274,168216,4510453,0.5288678407669067
10275,168216,1766531,0.5287566781044006
10276,168216,5981500,0.5287514925003052
10277,168216,1508221,0.5287158489227295
10278,168216,3496743,0.5286785960197449
10279,168216,2514498,0.528218686580658
10280,168216,4191396,0.5280208587646484
10281,168216,4185398,0.5279819965362549
10282,168216,5024307,0.5272724628448486
10283,168216,2265772,0.5270077586174011
10284,168216,574581,0.5268217921257019
10285,168216,1454777,0.5267318487167358
10286,168216,1657419,0.5267261266708374
10287,168216,6093770,0.5266590118408203
10288,168216,5919647,0.5263869166374207
10289,168216,3908775,0.5261371731758118
10290,168216,540029,0.5260797739028931
10291,168216,6299987,0.5255976915359497
10292,168216,1129860,0.5255802869796753
10293,168216,7565703,0.5254944562911987
10294,168216,6061725,0.5251485109329224
10295,168216,6803397,0.5249230265617371
10296,168216,5936300,0.5245773792266846
10297,168216,540027,0.524532675743103
10298,168216,4364338,0.5244448184967041
10299,168216,5360916,0.5244438052177429
10300,168216,3681095,0.5240524411201477
10301,168216,8180543,0.5240479707717896
10302,168216,6231571,0.5236475467681885
10303,168216,5919643,0.5236420035362244
10304,168216,5936303,0.5235965251922607
10305,168216,3906528,0.5234863758087158
10306,168216,6903548,0.5234626531600952
10307,168216,3681097,0.523461103439331
10308,168216,5936298,0.5234352946281433
10309,168216,2069987,0.5233287215232849
10310,168216,6988840,0.5232185125350952
10311,168216,8723464,0.5229518413543701
10312,168216,3057274,0.5226449370384216
10313,168216,7021164,0.5218051671981812
10314,168216,4215270,0.521673321723938
10315,168216,1932140,0.5216357707977295
10316,168216,3174833,0.5215654373168945
10317,168216,3228238,0.5213921666145325
10318,168216,3020397,0.521122932434082
10319,168216,4498425,0.5206400156021118
10320,168216,5537365,0.5202817320823669
10321,168216,7565704,0.520255982875824
10322,168216,3101565,0.520207405090332
10323,168216,6061723,0.5201696753501892
10324,168216,4510450,0.5200201272964478
10325,168216,521660,0.5199728012084961
10326,168216,6694262,0.519886314868927
10327,168216,4449820,0.5198347568511963
10328,168216,8048977,0.5195118188858032
10329,168216,1677027,0.5194790363311768
10330,168216,6172839,0.5194684863090515
10331,168216,4206828,0.519400954246521
10332,168216,6597604,0.519335150718689
10333,168216,6903550,0.5193100571632385
10334,168216,3546554,0.5192289352416992
10335,168216,4721490,0.5189224481582642
10336,168216,1735363,0.5186604261398315
10337,168216,7309585,0.5186450481414795
10338,168216,8486485,0.5185308456420898
10339,168216,6282566,0.5183218717575073
10340,168216,3284041,0.5181319713592529
10341,168216,4510452,0.5179502964019775
10342,168216,4206835,0.5178886651992798
10343,168216,6061722,0.5177439451217651
10344,168216,8438173,0.5176805257797241
10345,168216,1735364,0.5176550149917603
10346,168216,1399881,0.5174384117126465
10347,168216,8639633,0.5172442197799683
10348,168216,746507,0.5168202519416809
10349,168216,4228768,0.5166256427764893
10350,168216,1508220,0.5166153311729431
10351,168216,1779094,0.5164832472801208
10352,168216,1766530,0.5164071321487427
10353,168216,1991797,0.5164060592651367
10354,168216,3670625,0.5161690711975098
10355,168216,5133291,0.5160882472991943
10356,168216,4179857,0.5160548090934753
10357,168216,2192948,0.5160217881202698
10358,168216,7068546,0.5160031318664551
10359,168216,883291,0.515936017036438
10360,168216,493396,0.5157579183578491
10361,168216,5140589,0.5156992673873901
10362,168216,7001200,0.5156992673873901
10363,168216,1700666,0.5156899094581604
10364,168216,5926030,0.5155174732208252
10365,168216,3734580,0.5154528021812439
10366,168216,7807672,0.515388548374176
10367,168216,4206834,0.5152207016944885
10368,168216,165891,0.5150654315948486
10369,168216,6426634,0.5148261785507202
10370,168216,6972008,0.514747142791748
10371,168216,3830851,0.5145292282104492
10372,168216,3830854,0.5144964456558228
10373,168216,5125294,0.5143222808837891
10374,168216,2427571,0.514264702796936
10375,168216,4912984,0.5141328573226929
10376,168216,6296430,0.5137994885444641
10377,168216,5239341,0.513741135597229
10378,168216,5981501,0.5136269330978394
10379,168216,13496,0.5134786367416382
10380,168216,5239348,0.5134738087654114
10381,168216,290820,0.5134680271148682
10382,168216,5757592,0.5130132436752319
10383,168216,1696465,0.5129417181015015
10384,168216,6342051,0.5129140615463257
10385,168216,4364336,0.5128077268600464
10386,168216,1696464,0.5127073526382446
10387,168216,7130119,0.5126697421073914
10388,168216,8486484,0.5126654505729675
10389,168216,3788437,0.5126515030860901
10390,168216,3691186,0.5125512480735779
10391,168216,1217456,0.5123624801635742
10392,168216,2140692,0.5122131109237671
10393,168216,3344830,0.5121563673019409
10394,168216,903718,0.5120644569396973
10395,168216,3399712,0.5120443105697632
10396,168216,2869061,0.5119847655296326
10397,168216,3649759,0.5119327306747437
10398,168216,1011039,0.5119268894195557
10399,168216,4267109,0.5118587613105774
10400,168216,8096772,0.5118097066879272
10401,168216,1217459,0.5116726160049438
10402,168216,6940680,0.5115628242492676
10403,168216,3843308,0.511320948600769
10404,168216,6096475,0.511271595954895
10405,168216,1217458,0.5111639499664307
10406,168216,5082695,0.5111070871353149
10407,168216,4498419,0.5110946893692017
10408,168216,6231574,0.5109513998031616
10409,168216,4267115,0.5108439326286316
10410,168216,6264732,0.510723352432251
10411,168216,4713645,0.5106456279754639
10412,168216,8791176,0.5106325149536133
10413,168216,8236925,0.5103505849838257
10414,168216,8185134,0.5100276470184326
10415,168216,625088,0.5099977254867554
10416,168216,323997,0.5097410678863525
10417,168216,6093774,0.5096212029457092
10418,168216,4741403,0.5095738768577576
10419,168216,8691450,0.5094680786132812
10420,168216,8828336,0.5093570351600647
10421,168216,1982104,0.5093060731887817
10422,168216,4215276,0.5092157125473022
10423,168216,5568759,0.5091002583503723
10424,168216,3947231,0.5090499520301819
10425,168216,6264729,0.5089524984359741
10426,168216,825890,0.5089198350906372
10427,168216,4608044,0.5087333917617798
10428,168216,309850,0.50856614112854
10429,168216,6231573,0.5085371136665344
10430,168216,6903547,0.5083049535751343
10431,168216,8791175,0.5082811713218689
10432,168216,1700671,0.508148729801178
10433,168216,3399716,0.5080176591873169
10434,168216,290824,0.5080012679100037
10435,168216,7333214,0.5078750848770142
10436,168216,4510449,0.5078598260879517
10437,168216,6219117,0.5076521635055542
10438,168216,385923,0.507540225982666
10439,168216,3843306,0.5075229406356812
10440,168216,8551341,0.5072526335716248
10441,168216,5352280,0.5072228908538818
10442,168216,3843307,0.5072139501571655
10443,168216,4301958,0.507196307182312
10444,168216,7897965,0.5071954131126404
10445,168216,8267535,0.5070232152938843
10446,168216,6201932,0.5068750381469727
10447,168216,4498423,0.5068377256393433
10448,168216,6231566,0.5067348480224609
10449,168216,965312,0.5067219734191895
10450,168216,3943277,0.5065408945083618
10451,168216,8282177,0.5064618587493896
10452,168216,1930743,0.5064473748207092
10453,168216,3057273,0.5063714981079102
10454,168216,7001203,0.5063116550445557
10455,168216,6867903,0.5061470866203308
10456,168216,6426631,0.506027340888977
10457,168216,8828334,0.5058082342147827
10458,168216,7107072,0.505805492401123
10459,168216,998864,0.505733847618103
10460,168216,8319213,0.5057122111320496
10461,168216,119131,0.505709171295166
10462,168216,625082,0.5056767463684082
10463,168216,7554450,0.5055255889892578
10464,168216,6625532,0.5055199861526489
10465,168216,2148849,0.5053291320800781
10466,168216,4425930,0.5052502155303955
10467,168216,267544,0.5052491426467896
10468,168216,3174832,0.5052427053451538
10469,168216,3681100,0.5052343606948853
10470,168216,4215274,0.5050160884857178
10471,168216,1700673,0.5048731565475464
10472,168216,891579,0.5048408508300781
10473,168216,6291738,0.5047203898429871
10474,168216,4599513,0.5047121047973633
10475,168216,492722,0.5046426653862
10476,168216,851275,0.504612922668457
10477,168216,4481328,0.504612922668457
10478,168216,6129471,0.5044587850570679
10479,168216,7564545,0.5042226910591125
10480,168216,4608043,0.5041763782501221
10481,168216,8820892,0.5041231513023376
10482,168216,7393109,0.5040910243988037
10483,168216,2824605,0.5039889812469482
10484,168216,6219118,0.5038998126983643
10485,168216,1529943,0.5037943720817566
10486,168216,1657417,0.5037776827812195
10487,168216,3110406,0.5037496089935303
10488,168216,7310327,0.503680408000946
10489,168216,4206832,0.5036607980728149
10490,168216,7001201,0.5035803318023682
10491,168216,6796705,0.5035794973373413
10492,168216,5293612,0.5035237669944763
10493,168216,6796711,0.5035070776939392
10494,168216,2427570,0.5031569600105286
10495,168216,2427577,0.5030927658081055
10496,168216,6213324,0.5030713081359863
10497,168216,1508218,0.5030699372291565
10498,168216,7547437,0.5030007362365723
10499,168216,1508224,0.5026856064796448
10500,168216,746509,0.5026856064796448
10501,168216,1389834,0.5026682615280151
10502,168216,4599514,0.5025644898414612
10503,168216,1860843,0.5024396181106567
10504,168216,7490454,0.5023167729377747
10505,168216,7590046,0.5021012425422668
10506,168216,6299990,0.5020394325256348
10507,168216,2265771,0.5019216537475586
10508,168216,6231575,0.5018317699432373
10509,168216,6096478,0.501807451248169
10510,168216,888839,0.5016481876373291
10511,168216,746502,0.5016297698020935
10512,168216,6389381,0.501624345779419
10513,168216,8438172,0.5015551447868347
10514,168216,5926038,0.5015013217926025
10515,168216,6834358,0.5014886856079102
10516,168216,5981506,0.5014339089393616
10517,168216,1696466,0.5013155937194824
10518,168216,492721,0.501274585723877
10519,168216,5981504,0.5011119246482849
10520,168216,6169325,0.5011112689971924
10521,168216,6885439,0.5010237097740173
10522,168216,4301960,0.5009365677833557
10523,168216,8358746,0.5007194876670837
10524,168216,7107071,0.5005519390106201
10525,168216,1823535,0.5000398755073547
10526,168216,746503,0.499951034784317
10527,168216,5457279,0.4999404549598694
10528,168216,1816728,0.49968627095222473
10529,168216,670959,0.49968212842941284
10530,168216,4745410,0.49968117475509644
10531,168216,6299992,0.49965766072273254
10532,168216,4656291,0.49957841634750366
10533,168216,141223,0.4995161294937134
10534,168216,7904622,0.49945497512817383
10535,168216,2514499,0.4993050992488861
10536,168216,4608042,0.4992826282978058
10537,168216,1696461,0.4992762804031372
10538,168216,4324487,0.4992418885231018
10539,168216,147948,0.4992198944091797
10540,168216,7333215,0.499165415763855
10541,168216,8651596,0.499106764793396
10542,168216,6996836,0.4990907907485962
10543,168216,7522885,0.4990810751914978
10544,168216,4324490,0.49888861179351807
10545,168216,5936301,0.498859703540802
10546,168216,3257878,0.4986334443092346
10547,168216,4608047,0.4986092150211334
10548,168216,1903529,0.4983865022659302
10549,168216,746508,0.498347669839859
10550,168216,6803400,0.498347669839859
10551,168216,8282183,0.4983402490615845
10552,168216,1348722,0.49817514419555664
10553,168216,3400668,0.4978112578392029
10554,168216,290822,0.49771565198898315
10555,168216,5303302,0.49761727452278137
10556,168216,7200048,0.49760398268699646
10557,168216,6291737,0.4975360631942749
10558,168216,1961813,0.4973495304584503
10559,168216,3649760,0.4973340630531311
10560,168216,290827,0.49732479453086853
10561,168216,6718899,0.497246116399765
10562,168216,652869,0.4972081780433655
10563,168216,6988844,0.49714964628219604
10564,168216,625087,0.4968416094779968
10565,168216,6584045,0.49680429697036743
10566,168216,1348723,0.4967665672302246
10567,168216,5024310,0.496735543012619
10568,168216,3670627,0.49665263295173645
10569,168216,7848676,0.4966389536857605
10570,168216,1417537,0.49656426906585693
10571,168216,4364341,0.49629878997802734
10572,168216,323993,0.49618542194366455
10573,168216,7492751,0.4961543679237366
10574,168216,3110407,0.49611955881118774
10575,168216,965303,0.49603089690208435
10576,168216,3947234,0.4959452450275421
10577,168216,6013532,0.49592405557632446
10578,168216,13493,0.49534571170806885
10579,168216,6426633,0.4951183497905731
10580,168216,4600609,0.49479126930236816
10581,168216,7547443,0.4946717619895935
10582,168216,5204384,0.49456796050071716
10583,168216,3512225,0.4945378601551056
10584,168216,8044501,0.49449610710144043
10585,168216,1903534,0.49440091848373413
10586,168216,6169324,0.49434694647789
10587,168216,6291742,0.494276225566864
10588,168216,4070210,0.49425703287124634
10589,168216,4402660,0.49415555596351624
10590,168216,5926029,0.49402904510498047
10591,168216,6279057,0.4940285384654999
10592,168216,3528666,0.4939631223678589
10593,168216,7139368,0.49392253160476685
10594,168216,2069990,0.4939206540584564
10595,168216,267541,0.4939061403274536
10596,168216,6231570,0.4938475489616394
10597,168216,2192950,0.4937540590763092
10598,168216,7309590,0.49371573328971863
10599,168216,6417716,0.49360939860343933
10600,168216,4792584,0.49355125427246094
10601,168216,574577,0.49344080686569214
10602,168216,8791173,0.4934232234954834
10603,168216,111562,0.4929002523422241
10604,168216,6093768,0.4928518533706665
10605,168216,3020402,0.49269697070121765
10606,168216,7159297,0.49261096119880676
10607,168216,3198686,0.49259692430496216
10608,168216,165895,0.4925163984298706
10609,168216,1444926,0.4924384653568268
10610,168216,1090089,0.4922201633453369
10611,168216,1301473,0.4922201633453369
10612,168216,4179861,0.4921525716781616
10613,168216,5870571,0.4921135902404785
10614,168216,2265770,0.4920252561569214
10615,168216,7768505,0.4919479489326477
10616,168216,3908781,0.4918678402900696
10617,168216,826044,0.4917977452278137
10618,168216,574572,0.49175316095352173
10619,168216,3947236,0.49165308475494385
10620,168216,555308,0.4915415942668915
10621,168216,6606723,0.49132153391838074
10622,168216,6748721,0.4913034439086914
10623,168216,3730141,0.49098703265190125
10624,168216,8585610,0.4909030497074127
10625,168216,1389833,0.490842342376709
10626,168216,6328826,0.49067002534866333
10627,168216,5554075,0.49064919352531433
10628,168216,5239345,0.49060797691345215
10629,168216,6973310,0.4905740022659302
10630,168216,5554078,0.490573912858963
10631,168216,8710962,0.4902905225753784
10632,168216,6282565,0.49012595415115356
10633,168216,821622,0.4896050691604614
10634,168216,7554451,0.48947131633758545
10635,168216,8585616,0.4893174171447754
10636,168216,1930744,0.48921674489974976
10637,168216,5314646,0.4890732765197754
10638,168216,6201926,0.48904353380203247
10639,168216,6940677,0.48882031440734863
10640,168216,746506,0.48865941166877747
10641,168216,125057,0.48860985040664673
10642,168216,2192949,0.48850616812705994
10643,168216,6184622,0.4884665012359619
10644,168216,6903546,0.4881068766117096
10645,168216,6367987,0.4880674481391907
10646,168216,480088,0.48805272579193115
10647,168216,4849194,0.4879850447177887
10648,168216,125062,0.4879619777202606
10649,168216,5554079,0.4879579246044159
10650,168216,5771039,0.48790690302848816
10651,168216,1932141,0.48765993118286133
10652,168216,4600608,0.4876333475112915
10653,168216,6643451,0.4876118302345276
10654,168216,5357874,0.48760175704956055
10655,168216,1570523,0.48755204677581787
10656,168216,1903531,0.48750096559524536
10657,168216,1924799,0.487464964389801
10658,168216,5336830,0.48736029863357544
10659,168216,8224025,0.4870718717575073
10660,168216,1011038,0.4869598150253296
10661,168216,856274,0.48686617612838745
10662,168216,6299986,0.48675036430358887
10663,168216,5981503,0.4867458641529083
10664,168216,926969,0.4865976870059967
10665,168216,7049039,0.4865261912345886
10666,168216,6761586,0.48651644587516785
10667,168216,493564,0.4862678647041321
10668,168216,5146586,0.48621177673339844
10669,168216,6213323,0.48616689443588257
10670,168216,4061920,0.4861401617527008
10671,168216,2210774,0.48607030510902405
10672,168216,5357873,0.48601430654525757
10673,168216,7403457,0.4859328866004944
10674,168216,2712806,0.48578304052352905
10675,168216,4445430,0.48577314615249634
10676,168216,7309586,0.48563411831855774
10677,168216,5936299,0.4855785369873047
10678,168216,2824604,0.48547619581222534
10679,168216,1938664,0.485460102558136
10680,168216,6694726,0.4854198694229126
10681,168216,8614059,0.48534631729125977
10682,168216,13497,0.48518556356430054
10683,168216,2101260,0.4851576089859009
10684,168216,725973,0.48513728380203247
10685,168216,1852559,0.4850730895996094
10686,168216,1183703,0.4849907457828522
10687,168216,8243545,0.48490110039711
10688,168216,1924797,0.484806627035141
10689,168216,4061950,0.4847583472728729
10690,168216,1099874,0.48472845554351807
10691,168216,5871566,0.4847172796726227
10692,168216,4959804,0.48470640182495117
10693,168216,4956403,0.4846563935279846
10694,168216,6061719,0.4845775365829468
10695,168216,4493882,0.48446154594421387
10696,168216,434258,0.48441722989082336
10697,168216,8558963,0.48439261317253113
10698,168216,4215272,0.4842001497745514
10699,168216,670963,0.48417121171951294
10700,168216,746647,0.48407483100891113
10701,168216,3174834,0.48393556475639343
10702,168216,5303305,0.48388832807540894
10703,168216,1381481,0.4838707149028778
10704,168216,4364339,0.4837247133255005
10705,168216,4493877,0.4836493134498596
10706,168216,673689,0.4835836887359619
10707,168216,1011043,0.4831559658050537
10708,168216,6492811,0.4831494390964508
10709,168216,8026553,0.483092725276947
10710,168216,5947829,0.48305976390838623
10711,168216,7034890,0.48304182291030884
10712,168216,625083,0.4828204810619354
10713,168216,6808957,0.48271989822387695
10714,168216,4600607,0.4826258420944214
10715,168216,6199600,0.48261889815330505
10716,168216,8323330,0.48260676860809326
10717,168216,4249058,0.4825683832168579
10718,168216,888846,0.48254355788230896
10719,168216,6547633,0.4823046326637268
10720,168216,2824602,0.4822887182235718
10721,168216,3257870,0.4822638928890228
10722,168216,8585611,0.48202407360076904
10723,168216,888841,0.4819962680339813
10724,168216,3512226,0.48196953535079956
10725,168216,1779097,0.4819355607032776
10726,168216,6044056,0.4818044900894165
10727,168216,290818,0.48177570104599
10728,168216,6201929,0.481747031211853
10729,168216,8282181,0.4817330241203308
10730,168216,2491343,0.4817214608192444
10731,168216,5822073,0.48155200481414795
10732,168216,8596428,0.4815417528152466
10733,168216,625089,0.4815292954444885
10734,168216,4956410,0.48138830065727234
10735,168216,5981499,0.48138755559921265
10736,168216,891587,0.48135265707969666
10737,168216,6214542,0.48131534457206726
10738,168216,7403459,0.4810471534729004
10739,168216,2303670,0.48092585802078247
10740,168216,6922474,0.48079344630241394
10741,168216,5562281,0.4806951582431793
10742,168216,4721486,0.48058727383613586
10743,168216,6748716,0.4805583953857422
10744,168216,6953662,0.4804261028766632
10745,168216,5357879,0.48026135563850403
10746,168216,7073780,0.48021259903907776
10747,168216,459003,0.48016229271888733
10748,168216,4956407,0.48008492588996887
10749,168216,2150573,0.4799611568450928
10750,168216,7154815,0.47995978593826294
10751,168216,3496736,0.4799463152885437
10752,168216,6983070,0.4799363613128662
10753,168216,6903541,0.47990497946739197
10754,168216,8740587,0.4797266125679016
10755,168216,6376822,0.47965818643569946
10756,168216,8614058,0.47961241006851196
10757,168216,1389835,0.4795660972595215
10758,168216,1961827,0.47950279712677
10759,168216,5935473,0.47947806119918823
10760,168216,7522887,0.4794335663318634
10761,168216,2344463,0.47938722372055054
10762,168216,5466583,0.47931307554244995
10763,168216,3198683,0.4793037474155426
10764,168216,574575,0.47926342487335205
10765,168216,7200052,0.4792560935020447
10766,168216,1938661,0.4791176915168762
10767,168216,6555033,0.47902947664260864
10768,168216,1254431,0.4790266156196594
10769,168216,4493879,0.47883450984954834
10770,168216,4721492,0.47870075702667236
10771,168216,5153249,0.4785913825035095
10772,168216,1509409,0.4783599078655243
10773,168216,4510454,0.4783323407173157
10774,168216,6597605,0.47830674052238464
10775,168216,4206831,0.4781985580921173
10776,168216,7538099,0.4780871272087097
10777,168216,6093771,0.4779990017414093
10778,168216,3985030,0.47782015800476074
10779,168216,1624325,0.4776630401611328
10780,168216,7837887,0.4776029884815216
10781,168216,7595682,0.47756901383399963
10782,168216,5024312,0.47756707668304443
10783,168216,5293520,0.4775428771972656
10784,168216,3110412,0.477464497089386
10785,168216,7547440,0.4773263931274414
10786,168216,5360915,0.477272629737854
10787,168216,5213094,0.4770716726779938
10788,168216,4529043,0.47700417041778564
10789,168216,6096480,0.47694358229637146
10790,168216,1752137,0.476818710565567
10791,168216,6342053,0.4768122732639313
10792,168216,6803391,0.47680389881134033
10793,168216,8224028,0.47676965594291687
10794,168216,4112473,0.47660738229751587
10795,168216,4079285,0.47655802965164185
10796,168216,6061717,0.47655683755874634
10797,168216,5360914,0.47647979855537415
10798,168216,3228240,0.4763719439506531
10799,168216,3685103,0.4763646721839905
10800,168216,2036283,0.476330041885376
10801,168216,7139374,0.47630468010902405
10802,168216,851268,0.4762362837791443
10803,168216,6982708,0.47618937492370605
10804,168216,7393106,0.4761636257171631
10805,168216,13492,0.476163387298584
10806,168216,7915202,0.47613993287086487
10807,168216,7107073,0.4760856330394745
10808,168216,7492753,0.4760582745075226
10809,168216,5114460,0.475965291261673
10810,168216,2204646,0.47587284445762634
10811,168216,2876407,0.4758656620979309
10812,168216,7393108,0.4757978320121765
10813,168216,6296432,0.47562408447265625
10814,168216,8791174,0.47562313079833984
10815,168216,5213087,0.47561877965927124
10816,168216,3906530,0.47561806440353394
10817,168216,5981498,0.47554612159729004
10818,168216,883297,0.4755015969276428
10819,168216,4510451,0.47549811005592346
10820,168216,8282182,0.4752890169620514
10821,168216,1261903,0.4752822518348694
10822,168216,6940679,0.4751476049423218
10823,168216,521663,0.47500908374786377
10824,168216,7049045,0.474972128868103
10825,168216,540024,0.474928617477417
10826,168216,2036282,0.47490832209587097
10827,168216,5919646,0.4746204614639282
10828,168216,941870,0.47431689500808716
10829,168216,7421737,0.47420045733451843
10830,168216,3342536,0.47419190406799316
10831,168216,6903549,0.47414690256118774
10832,168216,6169326,0.4741330146789551
10833,168216,7310325,0.47413283586502075
10834,168216,4301956,0.4741169512271881
10835,168216,6988839,0.4740108847618103
10836,168216,1980523,0.474006712436676
10837,168216,3413898,0.473857581615448
10838,168216,1938667,0.4737018346786499
10839,168216,7159293,0.47369933128356934
10840,168216,7490447,0.4736487567424774
10841,168216,6885438,0.47357839345932007
10842,168216,6679170,0.47354552149772644
10843,168216,2133794,0.4735069274902344
10844,168216,5291800,0.4734569191932678
10845,168216,1932143,0.4733937978744507
10846,168216,1801312,0.4733370840549469
10847,168216,7281967,0.47324639558792114
10848,168216,4875144,0.47317230701446533
10849,168216,8447630,0.47309058904647827
10850,168216,7034892,0.47306621074676514
10851,168216,7251292,0.4728884994983673
10852,168216,3033357,0.4728795886039734
10853,168216,7449569,0.4728333353996277
10854,168216,5346757,0.472788542509079
10855,168216,4481326,0.4727109670639038
10856,168216,4425932,0.47268348932266235
10857,168216,628241,0.47254568338394165
10858,168216,888838,0.4725287854671478
10859,168216,1816725,0.47234708070755005
10860,168216,4364337,0.47231462597846985
10861,168216,2069994,0.4722360372543335
10862,168216,521666,0.47223377227783203
10863,168216,4123125,0.47211647033691406
10864,168216,6100608,0.4720920920372009
10865,168216,4909110,0.4719824194908142
10866,168216,5935474,0.4716527462005615
10867,168216,382224,0.4714999198913574
10868,168216,1903530,0.47147244215011597
10869,168216,8743646,0.47144439816474915
10870,168216,7653908,0.4712965488433838
10871,168216,1508219,0.4712779223918915
10872,168216,891583,0.47110676765441895
10873,168216,2747494,0.47107747197151184
10874,168216,8503470,0.4710460901260376
10875,168216,6426636,0.4710364043712616
10876,168216,1091782,0.4709351360797882
10877,168216,385918,0.4709044098854065
10878,168216,5024314,0.4707409143447876
10879,168216,1983058,0.470687597990036
10880,168216,1432164,0.47066134214401245
10881,168216,6836302,0.47060343623161316
10882,168216,8243547,0.4705764651298523
10883,168216,3830852,0.4705432951450348
10884,168216,8811121,0.47038841247558594
10885,168216,1657420,0.47038406133651733
10886,168216,8128988,0.47027403116226196
10887,168216,3018987,0.4702494144439697
10888,168216,7200047,0.47013193368911743
10889,168216,8250516,0.4700753688812256
10890,168216,1668387,0.4700658619403839
10891,168216,6249510,0.4699917137622833
10892,168216,4849196,0.4698152244091034
10893,168216,1961824,0.46978211402893066
10894,168216,7421742,0.4696386754512787
10895,168216,806761,0.4696107506752014
10896,168216,5501754,0.46954330801963806
10897,168216,8141121,0.4695294499397278
10898,168216,1779100,0.46946442127227783
10899,168216,1666009,0.4692259728908539
10900,168216,1752139,0.4692116379737854
10901,168216,6342048,0.46913421154022217
10902,168216,4481331,0.4691324234008789
10903,168216,5153250,0.4690924286842346
10904,168216,2265768,0.46900972723960876
10905,168216,7554452,0.469008207321167
10906,168216,7492754,0.46897411346435547
10907,168216,8731619,0.4688175916671753
10908,168216,8044506,0.46879738569259644
10909,168216,4449823,0.4687342047691345
10910,168216,1700672,0.4686316251754761
10911,168216,290821,0.468469500541687
10912,168216,2824600,0.46842288970947266
10913,168216,5293609,0.46835047006607056
10914,168216,5935478,0.46834200620651245
10915,168216,2101258,0.46832364797592163
10916,168216,4191395,0.46831977367401123
10917,168216,1657421,0.4683038890361786
10918,168216,7642188,0.4680261015892029
10919,168216,385916,0.467983603477478
10920,168216,6796709,0.467945396900177
10921,168216,842120,0.46788501739501953
10922,168216,2085294,0.46781229972839355
10923,168216,5472959,0.4678105413913727
10924,168216,5780916,0.4678076505661011
10925,168216,5442327,0.46773743629455566
10926,168216,6940676,0.4676952064037323
10927,168216,1816729,0.4676201343536377
10928,168216,2476059,0.467368483543396
10929,168216,6748718,0.4673192799091339
10930,168216,3364598,0.4671623110771179
10931,168216,7421739,0.4671415686607361
10932,168216,2436170,0.4670870304107666
10933,168216,6922473,0.46698933839797974
10934,168216,3392062,0.46695461869239807
10935,168216,8436444,0.46683305501937866
10936,168216,1715334,0.46680718660354614
10937,168216,8723460,0.4667710065841675
10938,168216,1171520,0.46672093868255615
10939,168216,762994,0.46658504009246826
10940,168216,7337063,0.466511070728302
10941,168216,7756896,0.4665035009384155
10942,168216,7490452,0.46649080514907837
10943,168216,3110408,0.46648240089416504
10944,168216,6547632,0.46644487977027893
10945,168216,7421740,0.46643954515457153
10946,168216,4324493,0.4663617014884949
10947,168216,5352282,0.4663126468658447
10948,168216,2427576,0.46623098850250244
10949,168216,1254430,0.4660927653312683
10950,168216,2069989,0.46607720851898193
10951,168216,3670629,0.4660559296607971
10952,168216,3033164,0.4659572243690491
10953,168216,323992,0.4659546911716461
10954,168216,888840,0.4659281373023987
10955,168216,1938660,0.46581679582595825
10956,168216,1780788,0.4657847583293915
10957,168216,7130115,0.4656837582588196
10958,168216,5919641,0.46563446521759033
10959,168216,2101257,0.4655476212501526
10960,168216,1417535,0.4653708338737488
10961,168216,3947232,0.465304434299469
10962,168216,6231569,0.4652097225189209
10963,168216,1766535,0.4652097225189209
10964,168216,6796708,0.4651985168457031
10965,168216,2824598,0.4651031494140625
10966,168216,3099364,0.46506941318511963
10967,168216,1689502,0.46500521898269653
10968,168216,5537369,0.4649626314640045
10969,168216,6296427,0.46470576524734497
10970,168216,5239343,0.46468138694763184
10971,168216,5314644,0.4646352529525757
10972,168216,165898,0.4645264148712158
10973,168216,851276,0.46443498134613037
10974,168216,5140585,0.464413046836853
10975,168216,998863,0.46437564492225647
10976,168216,3843303,0.46434861421585083
10977,168216,7144056,0.46434468030929565
10978,168216,951795,0.46430957317352295
10979,168216,1852558,0.4642624258995056
10980,168216,5153247,0.464161217212677
10981,168216,8828335,0.4641569256782532
10982,168216,6761582,0.4641492962837219
10983,168216,6964830,0.4640166163444519
10984,168216,6637861,0.4638758897781372
10985,168216,4449827,0.46384286880493164
10986,168216,3033360,0.4636867046356201
10987,168216,317379,0.46358633041381836
10988,168216,521662,0.46353012323379517
10989,168216,3719805,0.4634915590286255
10990,168216,4449824,0.46346500515937805
10991,168216,7421743,0.4633353352546692
10992,168216,8096769,0.46333521604537964
10993,168216,5346758,0.4633127450942993
10994,168216,6050534,0.4632962942123413
10995,168216,8828339,0.4632137417793274
10996,168216,826046,0.46315252780914307
10997,168216,1381482,0.4627093970775604
10998,168216,1449981,0.4626901149749756
10999,168216,5239347,0.46251824498176575
11000,182539,8757178,0.7833929061889648
11001,182539,8757181,0.7412404417991638
11002,182539,57443,0.7340756058692932
11003,182539,1638687,0.6883314251899719
11004,182539,57447,0.6849735975265503
11005,182539,1638690,0.6809592247009277
11006,182539,1638689,0.6731811761856079
11007,182539,2909960,0.6719980239868164
11008,182539,7371262,0.6695988178253174
11009,182539,57444,0.6643321514129639
11010,182539,8757179,0.6239490509033203
11011,182539,1307235,0.5992767810821533
11012,182539,3883077,0.5676984786987305
11013,182539,57448,0.5623859167098999
11014,182539,8299665,0.5535207986831665
11015,182539,7371255,0.548011302947998
11016,182539,7371259,0.5437198877334595
11017,182539,8299659,0.5392311215400696
11018,182539,6037973,0.5275697112083435
11019,182539,2909961,0.5232692956924438
11020,182539,57450,0.5228298902511597
11021,182539,6816574,0.5191584229469299
11022,182539,8299661,0.5163310170173645
11023,182539,57449,0.4955964684486389
11024,182539,7371257,0.4710952639579773
11025,182539,1307232,0.4661899209022522
11026,182539,7371261,0.4655314087867737
11027,182539,6283812,0.4611751437187195
11028,182539,7439970,0.4603078365325928
11029,182539,3924587,0.4546172618865967
11030,182539,2772172,0.4477735757827759
11031,182539,7583024,0.444827139377594
11032,182539,3883081,0.44435805082321167
11033,182539,5567732,0.44131308794021606
11034,182539,8757180,0.4371909499168396
11035,182539,848846,0.4360969066619873
11036,182539,6030532,0.43381351232528687
11037,182539,1574866,0.4319024682044983
11038,182539,1394952,0.43132907152175903
11039,182539,6892935,0.42876023054122925
11040,182539,58710,0.42462676763534546
11041,182539,1638694,0.42326152324676514
11042,182539,8757184,0.418903112411499
11043,182539,5042905,0.41759973764419556
11044,182539,2430429,0.41333723068237305
11045,182539,6362417,0.41325443983078003
11046,182539,6283807,0.4125768542289734
11047,182539,6645494,0.4104900360107422
11048,182539,6135907,0.41033998131752014
11049,182539,4196811,0.4100383520126343
11050,182539,3356217,0.40990549325942993
11051,182539,6816579,0.40990155935287476
11052,182539,6293107,0.4095006287097931
11053,182539,3760957,0.4058247208595276
11054,182539,481260,0.4053896367549896
11055,182539,8299668,0.4028019607067108
11056,182539,5567729,0.40229088068008423
11057,182539,1638691,0.4022616147994995
11058,182539,848847,0.39981934428215027
11059,182539,6293113,0.3996300995349884
11060,182539,2539191,0.3989565968513489
11061,182539,7180774,0.3988591730594635
11062,182539,8238354,0.3983372449874878
11063,182539,2700583,0.39794600009918213
11064,182539,2430432,0.3972150385379791
11065,182539,734936,0.39712077379226685
11066,182539,7861444,0.3961543142795563
11067,182539,685193,0.39567744731903076
11068,182539,2488796,0.39507919549942017
11069,182539,4730803,0.39444175362586975
11070,182539,6234216,0.39347314834594727
11071,182539,251946,0.3921484053134918
11072,182539,4225755,0.3921084403991699
11073,182539,6595628,0.3920758366584778
11074,182539,3267670,0.39180514216423035
11075,182539,7409922,0.3915821313858032
11076,182539,7409913,0.3913663625717163
11077,182539,2009630,0.3912772536277771
11078,182539,6595634,0.39126843214035034
11079,182539,176563,0.39119529724121094
11080,182539,5574098,0.39043334126472473
11081,182539,8362986,0.38996413350105286
11082,182539,6888254,0.3896142542362213
11083,182539,57452,0.38908445835113525
11084,182539,5406266,0.3884686529636383
11085,182539,7180769,0.3881383538246155
11086,182539,1962007,0.3877771496772766
11087,182539,2389291,0.38755127787590027
11088,182539,1701678,0.3871595859527588
11089,182539,4851781,0.3867669701576233
11090,182539,8362981,0.3864058256149292
11091,182539,2883203,0.38627490401268005
11092,182539,2876951,0.3854749798774719
11093,182539,922134,0.38538286089897156
11094,182539,1307234,0.38503503799438477
11095,182539,7531441,0.38482800126075745
11096,182539,956704,0.38410240411758423
11097,182539,1749693,0.38392189145088196
11098,182539,7409918,0.3833128809928894
11099,182539,1536549,0.38294869661331177
11100,182539,4797765,0.3825860023498535
11101,182539,4985182,0.38238635659217834
11102,182539,6293106,0.382205605506897
11103,182539,5643269,0.3820493817329407
11104,182539,7579347,0.3816593289375305
11105,182539,976491,0.3816279172897339
11106,182539,2917927,0.3814871311187744
11107,182539,7085056,0.3814101815223694
11108,182539,1334086,0.3811979591846466
11109,182539,7180772,0.3809499740600586
11110,182539,2547761,0.3808104395866394
11111,182539,6816576,0.3807222545146942
11112,182539,6687281,0.38046902418136597
11113,182539,848840,0.3803951144218445
11114,182539,2674440,0.38004249334335327
11115,182539,908582,0.37979793548583984
11116,182539,2955331,0.37960249185562134
11117,182539,3924582,0.37957948446273804
11118,182539,1996679,0.3795359134674072
11119,182539,7562587,0.3793983459472656
11120,182539,1233324,0.379243403673172
11121,182539,243372,0.3790045976638794
11122,182539,1897264,0.3788101375102997
11123,182539,804272,0.37860947847366333
11124,182539,7291427,0.37826621532440186
11125,182539,503147,0.37819555401802063
11126,182539,5621262,0.3778896927833557
11127,182539,8476224,0.37783002853393555
11128,182539,371269,0.3767847716808319
11129,182539,6234592,0.37645724415779114
11130,182539,2640727,0.3764534294605255
11131,182539,8608315,0.3762604594230652
11132,182539,1578395,0.3754718601703644
11133,182539,6861370,0.37512820959091187
11134,182539,4812688,0.37483686208724976
11135,182539,2601995,0.3744778633117676
11136,182539,1302794,0.37442922592163086
11137,182539,2539185,0.3742775321006775
11138,182539,7027280,0.3736778795719147
11139,182539,2601070,0.37284934520721436
11140,182539,1620146,0.372767835855484
11141,182539,4668002,0.37268930673599243
11142,182539,6301738,0.37258219718933105
11143,182539,7470265,0.37237805128097534
11144,182539,2632468,0.3721814453601837
11145,182539,3115836,0.37216946482658386
11146,182539,6583825,0.37209001183509827
11147,182539,6057596,0.37192681431770325
11148,182539,6816572,0.371917724609375
11149,182539,6270857,0.3712942600250244
11150,182539,1505746,0.3711370825767517
11151,182539,2840562,0.3710936903953552
11152,182539,5406264,0.37101224064826965
11153,182539,5574096,0.3710036277770996
11154,182539,8040772,0.37081050872802734
11155,182539,5643265,0.37063759565353394
11156,182539,3136613,0.3705925941467285
11157,182539,3776410,0.3703608810901642
11158,182539,4384261,0.36980193853378296
11159,182539,8309292,0.36969125270843506
11160,182539,2430423,0.3691248893737793
11161,182539,5238134,0.36904823780059814
11162,182539,1996676,0.3688814640045166
11163,182539,1191587,0.3681184649467468
11164,182539,7137157,0.3680810332298279
11165,182539,6268921,0.3673554062843323
11166,182539,5539637,0.36715349555015564
11167,182539,3736779,0.3671504855155945
11168,182539,4727609,0.366928368806839
11169,182539,2145584,0.3663044273853302
11170,182539,6056309,0.3660973012447357
11171,182539,5824403,0.3659234046936035
11172,182539,1632188,0.3656798303127289
11173,182539,4191585,0.36561983823776245
11174,182539,2616868,0.3653569221496582
11175,182539,2689005,0.3653288185596466
11176,182539,2909954,0.3647061288356781
11177,182539,7409917,0.36459237337112427
11178,182539,5238129,0.36452168226242065
11179,182539,3629051,0.3642319142818451
11180,182539,4553742,0.3639413118362427
11181,182539,659968,0.36386463046073914
11182,182539,2898417,0.3636555075645447
11183,182539,6816573,0.3633095622062683
11184,182539,8770165,0.36307936906814575
11185,182539,6293110,0.3628506064414978
11186,182539,1996680,0.36275514960289
11187,182539,4025129,0.36262261867523193
11188,182539,503143,0.3624112010002136
11189,182539,3879366,0.36232322454452515
11190,182539,4800811,0.3618696928024292
11191,182539,251950,0.3617158830165863
11192,182539,8042987,0.36153191328048706
11193,182539,848848,0.3615031838417053
11194,182539,3136618,0.3612816333770752
11195,182539,2713349,0.36102157831192017
11196,182539,8092080,0.36092451214790344
11197,182539,8092076,0.3607315421104431
11198,182539,6293112,0.36069732904434204
11199,182539,5041465,0.3604744076728821
11200,182539,1172272,0.3602927029132843
11201,182539,2388864,0.3600901961326599
11202,182539,6965540,0.35997718572616577
11203,182539,504241,0.35982760787010193
11204,182539,5612156,0.35959842801094055
11205,182539,4158717,0.35955649614334106
11206,182539,370323,0.35953488945961
11207,182539,3629056,0.3591489791870117
11208,182539,271475,0.35913926362991333
11209,182539,294902,0.3590562343597412
11210,182539,3009872,0.35869982838630676
11211,182539,5375487,0.3586534857749939
11212,182539,2787602,0.35860690474510193
11213,182539,7930877,0.3585444390773773
11214,182539,595709,0.3584994971752167
11215,182539,3716202,0.35846906900405884
11216,182539,5249318,0.3581731915473938
11217,182539,5641852,0.3579685091972351
11218,182539,2713355,0.35775017738342285
11219,182539,1882552,0.3577262759208679
11220,182539,4220871,0.35772618651390076
11221,182539,2840559,0.35764819383621216
11222,182539,4294154,0.3573702275753021
11223,182539,4397525,0.357296347618103
11224,182539,831662,0.35728901624679565
11225,182539,2772169,0.3572864830493927
11226,182539,3469286,0.35722318291664124
11227,182539,4850711,0.35716646909713745
11228,182539,2331762,0.35704582929611206
11229,182539,6807900,0.3570321500301361
11230,182539,1618770,0.3570020794868469
11231,182539,4902082,0.3569953739643097
11232,182539,4162386,0.3568580746650696
11233,182539,7085057,0.35677391290664673
11234,182539,2539190,0.35677266120910645
11235,182539,7398305,0.35672450065612793
11236,182539,2082010,0.3566877245903015
11237,182539,5122085,0.35662955045700073
11238,182539,6595630,0.3564698100090027
11239,182539,2772176,0.3563830852508545
11240,182539,3555885,0.3563784956932068
11241,182539,875886,0.355815052986145
11242,182539,56443,0.35554569959640503
11243,182539,139780,0.35543155670166016
11244,182539,6881394,0.35517120361328125
11245,182539,3868721,0.3551124334335327
11246,182539,131200,0.355066180229187
11247,182539,792240,0.35490337014198303
11248,182539,3126722,0.3548525273799896
11249,182539,498567,0.3544708490371704
11250,182539,3698196,0.35433414578437805
11251,182539,6270856,0.35429123044013977
11252,182539,4093698,0.3542090058326721
11253,182539,3446986,0.3540034294128418
11254,182539,7806147,0.3539965748786926
11255,182539,410642,0.3537050485610962
11256,182539,8753311,0.3536771237850189
11257,182539,370328,0.35352808237075806
11258,182539,7010731,0.3532911539077759
11259,182539,3924580,0.35316625237464905
11260,182539,7886305,0.3528470993041992
11261,182539,7180770,0.35271409153938293
11262,182539,6645496,0.35271093249320984
11263,182539,7192066,0.35266542434692383
11264,182539,6248495,0.35255104303359985
11265,182539,1927838,0.352395623922348
11266,182539,7625676,0.35238730907440186
11267,182539,8590738,0.3522672653198242
11268,182539,7277934,0.352116197347641
11269,182539,429914,0.35209786891937256
11270,182539,610464,0.3520907759666443
11271,182539,1321439,0.3520491421222687
11272,182539,8180935,0.35169076919555664
11273,182539,6780873,0.3516794443130493
11274,182539,6174033,0.35166215896606445
11275,182539,6974825,0.3516484200954437
11276,182539,3290857,0.351521372795105
11277,182539,1972232,0.3514764904975891
11278,182539,2632472,0.3514593243598938
11279,182539,1618771,0.3512645363807678
11280,182539,2275051,0.35118257999420166
11281,182539,8349140,0.35106971859931946
11282,182539,4846920,0.3509975075721741
11283,182539,8134831,0.35094112157821655
11284,182539,1904455,0.3509353995323181
11285,182539,5638386,0.35082268714904785
11286,182539,2190100,0.3507886528968811
11287,182539,4370020,0.3507324159145355
11288,182539,7180768,0.3507291376590729
11289,182539,887298,0.3504001200199127
11290,182539,7393593,0.35037291049957275
11291,182539,8092074,0.3503376245498657
11292,182539,4811123,0.3502110242843628
11293,182539,4477951,0.3501923680305481
11294,182539,7785103,0.35012927651405334
11295,182539,6882234,0.3500383496284485
11296,182539,8181819,0.34983283281326294
11297,182539,8401499,0.3498242497444153
11298,182539,526330,0.34964317083358765
11299,182539,2787105,0.34961172938346863
11300,182539,1609905,0.3495802879333496
11301,182539,4518543,0.34951919317245483
11302,182539,8748501,0.34920167922973633
11303,182539,6203268,0.3491150438785553
11304,182539,503145,0.34895190596580505
11305,182539,2441096,0.3489419221878052
11306,182539,363648,0.3487938940525055
11307,182539,2628875,0.3486078083515167
11308,182539,1996681,0.34856897592544556
11309,182539,4299007,0.34846246242523193
11310,182539,5317953,0.3484039306640625
11311,182539,6816571,0.3483855128288269
11312,182539,7807063,0.34824660420417786
11313,182539,2840563,0.348240464925766
11314,182539,24658,0.34816211462020874
11315,182539,8349147,0.3481161296367645
11316,182539,1217662,0.3479991853237152
11317,182539,7027279,0.3479764759540558
11318,182539,1662485,0.34785252809524536
11319,182539,533938,0.34770479798316956
11320,182539,685198,0.34769880771636963
11321,182539,6362412,0.34733158349990845
11322,182539,7525300,0.3473283648490906
11323,182539,7573797,0.3472842574119568
11324,182539,7527837,0.347196102142334
11325,182539,6121687,0.3470306098461151
11326,182539,8777093,0.3469516634941101
11327,182539,3817901,0.3469105362892151
11328,182539,8458510,0.34657829999923706
11329,182539,8362985,0.34653520584106445
11330,182539,6595635,0.34651273488998413
11331,182539,5022712,0.3463902771472931
11332,182539,7143717,0.34624290466308594
11333,182539,5266038,0.34616607427597046
11334,182539,7564259,0.3460960388183594
11335,182539,4042454,0.3460318148136139
11336,182539,4367231,0.34591564536094666
11337,182539,804274,0.3458063304424286
11338,182539,6513821,0.3457624316215515
11339,182539,1421937,0.34566670656204224
11340,182539,6790848,0.345657080411911
11341,182539,1138653,0.34559038281440735
11342,182539,1528596,0.3455054759979248
11343,182539,4800813,0.3452913463115692
11344,182539,1536552,0.345136821269989
11345,182539,4455569,0.34513598680496216
11346,182539,5834214,0.3450043797492981
11347,182539,6834677,0.34497320652008057
11348,182539,8215916,0.3449505567550659
11349,182539,2879229,0.3449396789073944
11350,182539,8111752,0.3449117839336395
11351,182539,1512201,0.34485816955566406
11352,182539,3025028,0.3447885513305664
11353,182539,2317717,0.34470364451408386
11354,182539,4927825,0.3445732593536377
11355,182539,3924585,0.344478964805603
11356,182539,2713347,0.3443928360939026
11357,182539,6658626,0.34431350231170654
11358,182539,6125591,0.34422415494918823
11359,182539,6844844,0.34412091970443726
11360,182539,7453875,0.3441099524497986
11361,182539,6110002,0.3439166247844696
11362,182539,3924581,0.3438824415206909
11363,182539,6892936,0.3438417613506317
11364,182539,5728906,0.3438023328781128
11365,182539,2361486,0.34368211030960083
11366,182539,1218946,0.343616783618927
11367,182539,4951963,0.34356892108917236
11368,182539,2662345,0.34325462579727173
11369,182539,7584243,0.34308290481567383
11370,182539,7531446,0.34297478199005127
11371,182539,139779,0.342689573764801
11372,182539,875888,0.3426218032836914
11373,182539,1613396,0.3425082564353943
11374,182539,6061987,0.34231823682785034
11375,182539,7375253,0.3423059582710266
11376,182539,233919,0.3422173857688904
11377,182539,6588292,0.3420349657535553
11378,182539,5078692,0.34203407168388367
11379,182539,1980338,0.3420145809650421
11380,182539,3275498,0.34194308519363403
11381,182539,4683271,0.3418123126029968
11382,182539,1335595,0.3417688310146332
11383,182539,2628687,0.34169042110443115
11384,182539,7745556,0.34157925844192505
11385,182539,4734963,0.34138989448547363
11386,182539,8123041,0.3413577079772949
11387,182539,4949673,0.3412643373012543
11388,182539,5962319,0.3412231504917145
11389,182539,763897,0.3410688638687134
11390,182539,892035,0.34103530645370483
11391,182539,503141,0.3410109579563141
11392,182539,1376504,0.3408239483833313
11393,182539,5927340,0.3408012390136719
11394,182539,5437020,0.3407801687717438
11395,182539,447853,0.34071093797683716
11396,182539,3520323,0.3406617343425751
11397,182539,2019270,0.3404756784439087
11398,182539,2426277,0.3404538035392761
11399,182539,503142,0.3404492735862732
11400,182539,6872426,0.3403787314891815
11401,182539,2389289,0.3403361141681671
11402,182539,6807899,0.3401232361793518
11403,182539,2700584,0.34009629487991333
11404,182539,6642287,0.3400668203830719
11405,182539,294896,0.34001511335372925
11406,182539,3025026,0.3398860991001129
11407,182539,1334087,0.33987483382225037
11408,182539,3010458,0.33979105949401855
11409,182539,8717587,0.3396432101726532
11410,182539,7413861,0.3394731283187866
11411,182539,5588493,0.3391645550727844
11412,182539,2222150,0.3390903174877167
11413,182539,6188448,0.3389725685119629
11414,182539,6700557,0.3386266529560089
11415,182539,3063888,0.3386249840259552
11416,182539,2713354,0.33859819173812866
11417,182539,4979979,0.33847546577453613
11418,182539,3724765,0.33839911222457886
11419,182539,5621266,0.33833643794059753
11420,182539,8125680,0.33817508816719055
11421,182539,4506476,0.3381707966327667
11422,182539,8518090,0.3380911350250244
11423,182539,2444093,0.3380779027938843
11424,182539,3710536,0.33799248933792114
11425,182539,7910525,0.3379552960395813
11426,182539,1956769,0.3378933072090149
11427,182539,4259713,0.3377665877342224
11428,182539,1596672,0.3377665877342224
11429,182539,6711350,0.33773520588874817
11430,182539,2247361,0.3377070426940918
11431,182539,910458,0.3376901149749756
11432,182539,1606720,0.33766046166419983
11433,182539,6807903,0.3375867009162903
11434,182539,1829982,0.33749115467071533
11435,182539,7698860,0.33740484714508057
11436,182539,6258191,0.3373569846153259
11437,182539,3727336,0.3371894359588623
11438,182539,2611856,0.3371219336986542
11439,182539,2602000,0.3370988965034485
11440,182539,4529631,0.33707231283187866
11441,182539,7265523,0.3369717597961426
11442,182539,2441097,0.3369593620300293
11443,182539,610465,0.33691567182540894
11444,182539,5202017,0.3367132246494293
11445,182539,3206207,0.33658933639526367
11446,182539,3532560,0.3365350663661957
11447,182539,4177844,0.3364163637161255
11448,182539,6783449,0.33637112379074097
11449,182539,7579351,0.3362874984741211
11450,182539,6906345,0.3362528085708618
11451,182539,934459,0.33621978759765625
11452,182539,1426254,0.33618539571762085
11453,182539,1899354,0.33609190583229065
11454,182539,7117539,0.3360714912414551
11455,182539,8373127,0.3360334038734436
11456,182539,2006458,0.335956871509552
11457,182539,6606269,0.3359261155128479
11458,182539,6413049,0.33592045307159424
11459,182539,6270861,0.33589768409729004
11460,182539,6248492,0.33588606119155884
11461,182539,7413865,0.3358553946018219
11462,182539,2284407,0.3358207046985626
11463,182539,2623664,0.33567291498184204
11464,182539,1829981,0.3355942964553833
11465,182539,7203204,0.3353270888328552
11466,182539,4671016,0.3352838158607483
11467,182539,4424404,0.33518362045288086
11468,182539,6583821,0.3351009488105774
11469,182539,331560,0.3350204825401306
11470,182539,8387844,0.33491581678390503
11471,182539,6451303,0.3349004089832306
11472,182539,6837815,0.3347804546356201
11473,182539,7461280,0.33471935987472534
11474,182539,7437448,0.3346604108810425
11475,182539,1164120,0.33459460735321045
11476,182539,588832,0.3344957232475281
11477,182539,3290864,0.33447715640068054
11478,182539,4438902,0.33428582549095154
11479,182539,1996675,0.3342818319797516
11480,182539,7278128,0.334266722202301
11481,182539,1421942,0.3341846466064453
11482,182539,6553567,0.33417874574661255
11483,182539,7407258,0.3340216279029846
11484,182539,5621350,0.33400923013687134
11485,182539,7336213,0.33386942744255066
11486,182539,1774261,0.3338674306869507
11487,182539,8811940,0.33385419845581055
11488,182539,330643,0.33376315236091614
11489,182539,251942,0.3337351083755493
11490,182539,792234,0.333696186542511
11491,182539,8214373,0.3335738778114319
11492,182539,3786055,0.33350270986557007
11493,182539,3199777,0.33342960476875305
11494,182539,6109606,0.3333675265312195
11495,182539,8663588,0.3331679105758667
11496,182539,2360318,0.33307868242263794
11497,182539,651100,0.33306583762168884
11498,182539,5728375,0.33291369676589966
11499,182539,492131,0.33283746242523193
11500,182539,1267246,0.332766592502594
11501,182539,4637613,0.3326481580734253
11502,182539,4486395,0.3325231075286865
11503,182539,702233,0.332308828830719
11504,182539,8108868,0.33226123452186584
11505,182539,2430426,0.33217763900756836
11506,182539,1536551,0.3321186900138855
11507,182539,8617640,0.33209604024887085
11508,182539,887307,0.3320864140987396
11509,182539,541719,0.3320311903953552
11510,182539,8516940,0.33199864625930786
11511,182539,8349145,0.33188074827194214
11512,182539,845278,0.3317895829677582
11513,182539,5117192,0.33173704147338867
11514,182539,8140750,0.33172807097435
11515,182539,2072574,0.33169621229171753
11516,182539,4668004,0.33165299892425537
11517,182539,5905574,0.3316340148448944
11518,182539,1641446,0.33160871267318726
11519,182539,6277283,0.3316068649291992
11520,182539,3181396,0.33153975009918213
11521,182539,8728687,0.33151593804359436
11522,182539,6183807,0.33148664236068726
11523,182539,922136,0.3314446806907654
11524,182539,253662,0.33144283294677734
11525,182539,712837,0.3311493396759033
11526,182539,8387654,0.33109909296035767
11527,182539,935041,0.33107084035873413
11528,182539,7180767,0.3309616148471832
11529,182539,3629047,0.33090654015541077
11530,182539,4903842,0.33090144395828247
11531,182539,3195937,0.3308751881122589
11532,182539,4797767,0.3305714428424835
11533,182539,1348790,0.33044007420539856
11534,182539,7313931,0.3303259015083313
11535,182539,5020094,0.33030006289482117
11536,182539,6280979,0.3300716280937195
11537,182539,836980,0.3300541639328003
11538,182539,7511721,0.32998645305633545
11539,182539,4097476,0.32992643117904663
11540,182539,7100604,0.32984063029289246
11541,182539,4061664,0.329763799905777
11542,182539,8042988,0.3297635316848755
11543,182539,6861366,0.3297075033187866
11544,182539,1209590,0.3296297490596771
11545,182539,4642918,0.32962149381637573
11546,182539,1348791,0.3294719457626343
11547,182539,1904459,0.3294230103492737
11548,182539,7776232,0.3293202519416809
11549,182539,4766680,0.32928696274757385
11550,182539,6105784,0.3291844129562378
11551,182539,2175832,0.32914358377456665
11552,182539,1528598,0.32914355397224426
11553,182539,7596896,0.32908111810684204
11554,182539,6070606,0.32907596230506897
11555,182539,8439697,0.32900384068489075
11556,182539,4001913,0.3289741277694702
11557,182539,2455934,0.32896485924720764
11558,182539,6233429,0.32894638180732727
11559,182539,6861368,0.328917533159256
11560,182539,3722601,0.3288997411727905
11561,182539,8740276,0.3288283944129944
11562,182539,1218950,0.3288044333457947
11563,182539,3629048,0.3288000524044037
11564,182539,4298335,0.328790545463562
11565,182539,2110578,0.32866382598876953
11566,182539,4976962,0.32865917682647705
11567,182539,1654050,0.32859721779823303
11568,182539,7279001,0.3285753130912781
11569,182539,5820096,0.32855838537216187
11570,182539,5187476,0.3285564184188843
11571,182539,853140,0.3285372853279114
11572,182539,4438907,0.3284980058670044
11573,182539,5636990,0.3284764885902405
11574,182539,35048,0.32846373319625854
11575,182539,8128777,0.32845497131347656
11576,182539,3716196,0.3284339904785156
11577,182539,5065068,0.3284323513507843
11578,182539,8777096,0.3282829523086548
11579,182539,4740953,0.3281848430633545
11580,182539,5980303,0.3279622197151184
11581,182539,6283809,0.3279227316379547
11582,182539,7579350,0.32782864570617676
11583,182539,4882472,0.32779979705810547
11584,182539,5756776,0.32767730951309204
11585,182539,4089195,0.32755807042121887
11586,182539,6316726,0.32750803232192993
11587,182539,6823505,0.3274812698364258
11588,182539,2125952,0.3272472023963928
11589,182539,1926350,0.3271399140357971
11590,182539,5173320,0.327052503824234
11591,182539,8002262,0.32683423161506653
11592,182539,3083368,0.3267170786857605
11593,182539,3489016,0.32661768794059753
11594,182539,2561969,0.32651713490486145
11595,182539,6362409,0.32642483711242676
11596,182539,7088372,0.3263627886772156
11597,182539,3332470,0.3262268006801605
11598,182539,7531094,0.32619476318359375
11599,182539,363644,0.3261578679084778
11600,182539,1109563,0.32612571120262146
11601,182539,1956775,0.32610028982162476
11602,182539,2251966,0.32607173919677734
11603,182539,1798203,0.32597431540489197
11604,182539,4860163,0.3259735107421875
11605,182539,507786,0.3259270191192627
11606,182539,2824332,0.3258832097053528
11607,182539,3729720,0.3258514106273651
11608,182539,3824244,0.32579517364501953
11609,182539,4638509,0.32578858733177185
11610,182539,5556726,0.32573169469833374
11611,182539,3257226,0.32570189237594604
11612,182539,1021576,0.32558125257492065
11613,182539,7707479,0.32556235790252686
11614,182539,956706,0.3254992365837097
11615,182539,3786313,0.3253560960292816
11616,182539,8228133,0.3251846730709076
11617,182539,3047904,0.3250863254070282
11618,182539,4033246,0.3250179588794708
11619,182539,4888439,0.32493355870246887
11620,182539,771320,0.32487016916275024
11621,182539,879897,0.3248199224472046
11622,182539,734932,0.3248084783554077
11623,182539,6299314,0.32477056980133057
11624,182539,5674632,0.32471853494644165
11625,182539,1148942,0.3246616721153259
11626,182539,3241030,0.32456961274147034
11627,182539,7996561,0.3245481252670288
11628,182539,2150801,0.3244876265525818
11629,182539,8346312,0.32444989681243896
11630,182539,7531445,0.32438868284225464
11631,182539,8137701,0.32434386014938354
11632,182539,498573,0.32428544759750366
11633,182539,4795844,0.324161171913147
11634,182539,1699665,0.3241494596004486
11635,182539,1720517,0.3240710198879242
11636,182539,2857321,0.32399916648864746
11637,182539,1258821,0.3239712715148926
11638,182539,7821641,0.3236977159976959
11639,182539,3163509,0.32368868589401245
11640,182539,6633645,0.323682963848114
11641,182539,8718534,0.32364362478256226
11642,182539,3076958,0.32363200187683105
11643,182539,7387229,0.3235786557197571
11644,182539,1996678,0.3235730528831482
11645,182539,824626,0.3235399127006531
11646,182539,8361801,0.3234242796897888
11647,182539,1425216,0.32336848974227905
11648,182539,7886300,0.32328909635543823
11649,182539,1012715,0.32322174310684204
11650,182539,266845,0.3232043981552124
11651,182539,4929007,0.3231852650642395
11652,182539,1468080,0.3231773376464844
11653,182539,8608312,0.32313257455825806
11654,182539,7409915,0.3230660557746887
11655,182539,7531097,0.3230449855327606
11656,182539,7572380,0.3229641914367676
11657,182539,7403126,0.3228752613067627
11658,182539,848843,0.32286536693573
11659,182539,7017753,0.32283657789230347
11660,182539,1172274,0.3227717876434326
11661,182539,863206,0.32275816798210144
11662,182539,5315020,0.3226470649242401
11663,182539,1609907,0.3225688934326172
11664,182539,429816,0.32249078154563904
11665,182539,6335969,0.32243967056274414
11666,182539,125823,0.3224087655544281
11667,182539,804277,0.3223779797554016
11668,182539,6778851,0.3222847580909729
11669,182539,5202014,0.32227373123168945
11670,182539,2315343,0.32224708795547485
11671,182539,7010730,0.32217323780059814
11672,182539,2036249,0.3221326470375061
11673,182539,4524141,0.3221128582954407
11674,182539,2831692,0.3221127986907959
11675,182539,8253678,0.3221014738082886
11676,182539,4674402,0.32199206948280334
11677,182539,3290862,0.3219262361526489
11678,182539,6396248,0.3219028115272522
11679,182539,2483026,0.32181960344314575
11680,182539,3026635,0.32181817293167114
11681,182539,56893,0.32177281379699707
11682,182539,4638508,0.32176172733306885
11683,182539,2068305,0.32174479961395264
11684,182539,2539186,0.321708619594574
11685,182539,1407155,0.32168328762054443
11686,182539,429815,0.3216556906700134
11687,182539,6262338,0.32162803411483765
11688,182539,3527409,0.3215567171573639
11689,182539,4970281,0.32151997089385986
11690,182539,2019275,0.32151633501052856
11691,182539,4652934,0.3214883804321289
11692,182539,2718027,0.32146182656288147
11693,182539,26087,0.32146182656288147
11694,182539,7903473,0.3214300274848938
11695,182539,8638078,0.32141581177711487
11696,182539,1651950,0.32141491770744324
11697,182539,8526858,0.3214036226272583
11698,182539,4935638,0.3213934004306793
11699,182539,6513819,0.32134729623794556
11700,182539,4001908,0.32130229473114014
11701,182539,6062253,0.3210349977016449
11702,182539,3039989,0.32097184658050537
11703,182539,1258825,0.3209376931190491
11704,182539,519670,0.3209363520145416
11705,182539,7848343,0.32075363397598267
11706,182539,3037458,0.32074403762817383
11707,182539,4797768,0.32073360681533813
11708,182539,5030352,0.32071739435195923
11709,182539,8540020,0.32067635655403137
11710,182539,4600166,0.32067516446113586
11711,182539,2342797,0.32055991888046265
11712,182539,4827429,0.32052797079086304
11713,182539,6072213,0.320487380027771
11714,182539,7996565,0.3204355239868164
11715,182539,6939727,0.3203519582748413
11716,182539,6836425,0.32032352685928345
11717,182539,5580401,0.32024192810058594
11718,182539,8579954,0.3201754093170166
11719,182539,2953892,0.32014888525009155
11720,182539,6595633,0.3200480341911316
11721,182539,1573981,0.32004332542419434
11722,182539,2384063,0.3200327157974243
11723,182539,8435976,0.32000696659088135
11724,182539,4865715,0.31997963786125183
11725,182539,2640303,0.3199576735496521
11726,182539,7112752,0.3198937773704529
11727,182539,3779614,0.31988072395324707
11728,182539,3038914,0.3198625445365906
11729,182539,2785612,0.3198544979095459
11730,182539,7684473,0.31984806060791016
11731,182539,4601139,0.31984734535217285
11732,182539,4800809,0.31980136036872864
11733,182539,8187310,0.3197939395904541
11734,182539,3039764,0.3197105824947357
11735,182539,2068302,0.31962689757347107
11736,182539,4186504,0.3196142315864563
11737,182539,8488783,0.3195907473564148
11738,182539,6174039,0.31957510113716125
11739,182539,8650535,0.3195696175098419
11740,182539,4734968,0.31951457262039185
11741,182539,2724070,0.3195110261440277
11742,182539,8061328,0.31950703263282776
11743,182539,8163059,0.31948959827423096
11744,182539,7632264,0.3194423317909241
11745,182539,6249519,0.319377601146698
11746,182539,7040819,0.3193743824958801
11747,182539,6913080,0.3193594813346863
11748,182539,6893378,0.3193359375
11749,182539,2130934,0.3193133473396301
11750,182539,682635,0.3193015456199646
11751,182539,1659881,0.3192756175994873
11752,182539,874753,0.3191956877708435
11753,182539,5908384,0.31918781995773315
11754,182539,908577,0.31918656826019287
11755,182539,4671929,0.31918370723724365
11756,182539,1139449,0.3191341459751129
11757,182539,8428140,0.31909847259521484
11758,182539,828976,0.3190958797931671
11759,182539,8840418,0.319092333316803
11760,182539,251943,0.3190910816192627
11761,182539,1321433,0.31907224655151367
11762,182539,8809977,0.3190441429615021
11763,182539,492134,0.31901735067367554
11764,182539,3779609,0.3190067410469055
11765,182539,2509970,0.31899601221084595
11766,182539,776995,0.3189215660095215
11767,182539,3301734,0.3189007639884949
11768,182539,1321436,0.31882476806640625
11769,182539,3297788,0.31873399019241333
11770,182539,2084891,0.3187325894832611
11771,182539,7913028,0.31872671842575073
11772,182539,3591931,0.3187169134616852
11773,182539,1871319,0.3186918795108795
11774,182539,5033516,0.31865715980529785
11775,182539,8526860,0.31852006912231445
11776,182539,481267,0.3184349238872528
11777,182539,6790846,0.3184018135070801
11778,182539,7192672,0.31839632987976074
11779,182539,1062083,0.3183232843875885
11780,182539,7249283,0.31818926334381104
11781,182539,503144,0.3181731700897217
11782,182539,6362416,0.31812164187431335
11783,182539,7206640,0.31809964776039124
11784,182539,1486247,0.3180774450302124
11785,182539,3077011,0.318055123090744
11786,182539,4384262,0.317983478307724
11787,182539,2617224,0.3179480731487274
11788,182539,7054340,0.3179415762424469
11789,182539,6553566,0.31793180108070374
11790,182539,2144301,0.31793123483657837
11791,182539,498569,0.3178703784942627
11792,182539,5418573,0.31779444217681885
11793,182539,361188,0.3177385628223419
11794,182539,8056444,0.31770193576812744
11795,182539,8263097,0.3176613748073578
11796,182539,370325,0.3175864815711975
11797,182539,6786124,0.31751835346221924
11798,182539,63318,0.3174961805343628
11799,182539,6595631,0.31744253635406494
11800,182539,3180155,0.31740379333496094
11801,182539,3554428,0.3173713684082031
11802,182539,5410445,0.31737008690834045
11803,182539,5167914,0.31734347343444824
11804,182539,2538807,0.3172982931137085
11805,182539,7701907,0.3172948360443115
11806,182539,1302796,0.3172457814216614
11807,182539,4070512,0.31723907589912415
11808,182539,4348428,0.31723758578300476
11809,182539,6816577,0.31712907552719116
11810,182539,4888436,0.31711575388908386
11811,182539,4979977,0.3170466125011444
11812,182539,2569022,0.31701892614364624
11813,182539,6109607,0.3169881999492645
11814,182539,6292399,0.3169785737991333
11815,182539,502679,0.3168714642524719
11816,182539,8721982,0.31683284044265747
11817,182539,7185858,0.3168128728866577
11818,182539,6316724,0.3167566657066345
11819,182539,8098427,0.3167368471622467
11820,182539,7574503,0.31672847270965576
11821,182539,2442373,0.3167233467102051
11822,182539,1654049,0.3166995644569397
11823,182539,3142419,0.31668195128440857
11824,182539,6688675,0.31664788722991943
11825,182539,6171912,0.3165934681892395
11826,182539,8337327,0.3165901303291321
11827,182539,363645,0.3165026307106018
11828,182539,2474587,0.3163500130176544
11829,182539,2700589,0.31633156538009644
11830,182539,3924584,0.3163127899169922
11831,182539,4054139,0.31628698110580444
11832,182539,8812122,0.3162606954574585
11833,182539,370322,0.31622809171676636
11834,182539,5030347,0.316165030002594
11835,182539,4672153,0.3161318600177765
11836,182539,2887107,0.316119909286499
11837,182539,1034600,0.3160966634750366
11838,182539,7230556,0.3159904479980469
11839,182539,3555795,0.31593388319015503
11840,182539,3238973,0.31585848331451416
11841,182539,3858310,0.31582850217819214
11842,182539,6043826,0.31582558155059814
11843,182539,8100031,0.3157989978790283
11844,182539,6553574,0.31577932834625244
11845,182539,678332,0.31576964259147644
11846,182539,4683357,0.3156461715698242
11847,182539,6283078,0.31564223766326904
11848,182539,2064487,0.31561043858528137
11849,182539,3039988,0.31557267904281616
11850,182539,1722357,0.31557053327560425
11851,182539,2787607,0.3155383765697479
11852,182539,6294816,0.3155381679534912
11853,182539,1004368,0.315527081489563
11854,182539,8357810,0.3155171275138855
11855,182539,7006923,0.3154515027999878
11856,182539,1187216,0.31544941663742065
11857,182539,370329,0.315438449382782
11858,182539,4297381,0.31539279222488403
11859,182539,4376067,0.31529825925827026
11860,182539,526333,0.3152969479560852
11861,182539,1341953,0.315288245677948
11862,182539,5606417,0.31528687477111816
11863,182539,146695,0.31527990102767944
11864,182539,2113861,0.31523019075393677
11865,182539,8732495,0.3151826858520508
11866,182539,8349141,0.3151608407497406
11867,182539,7006924,0.3151446282863617
11868,182539,4385820,0.3150625228881836
11869,182539,712835,0.3149818181991577
11870,182539,2601856,0.3149639368057251
11871,182539,5980307,0.31493276357650757
11872,182539,4127943,0.31492185592651367
11873,182539,2801795,0.3148888349533081
11874,182539,2042132,0.3148757517337799
11875,182539,7203227,0.314866304397583
11876,182539,6141008,0.31485387682914734
11877,182539,4504379,0.3148408830165863
11878,182539,139776,0.3147357702255249
11879,182539,1750368,0.3146299421787262
11880,182539,192658,0.3146272599697113
11881,182539,7404524,0.3145703971385956
11882,182539,5082898,0.3144690990447998
11883,182539,8226249,0.31445538997650146
11884,182539,8082200,0.3142774701118469
11885,182539,1747588,0.3142569661140442
11886,182539,3760964,0.31425032019615173
11887,182539,1395261,0.31418392062187195
11888,182539,8711948,0.31415480375289917
11889,182539,3488053,0.31413352489471436
11890,182539,5755365,0.31410855054855347
11891,182539,6247460,0.3140908479690552
11892,182539,35051,0.3140253722667694
11893,182539,3786319,0.31402021646499634
11894,182539,845840,0.31390702724456787
11895,182539,6573174,0.31384992599487305
11896,182539,4667962,0.31384068727493286
11897,182539,7323668,0.3138217329978943
11898,182539,3466089,0.31380021572113037
11899,182539,5825339,0.31379881501197815
11900,182539,832987,0.3137950301170349
11901,182539,1334093,0.3137877285480499
11902,182539,6187017,0.3137591481208801
11903,182539,6976136,0.31375858187675476
11904,182539,1534374,0.31373709440231323
11905,182539,3100523,0.3137081265449524
11906,182539,2389285,0.3136975169181824
11907,182539,6230063,0.31369131803512573
11908,182539,1662490,0.313672810792923
11909,182539,66127,0.31359046697616577
11910,182539,2089878,0.3135625123977661
11911,182539,1643389,0.3135411739349365
11912,182539,3469975,0.31353244185447693
11913,182539,5601462,0.3134688138961792
11914,182539,4700153,0.3134191036224365
11915,182539,6188465,0.3134106397628784
11916,182539,2963518,0.3133978545665741
11917,182539,8438977,0.31338873505592346
11918,182539,6719662,0.3133668303489685
11919,182539,659964,0.31335872411727905
11920,182539,4880701,0.3133443593978882
11921,182539,6289210,0.31331509351730347
11922,182539,7768621,0.3132156431674957
11923,182539,7860340,0.3131241202354431
11924,182539,2076042,0.31311383843421936
11925,182539,1172277,0.3130873143672943
11926,182539,686667,0.3130841851234436
11927,182539,3794433,0.3129875361919403
11928,182539,8417428,0.3129296898841858
11929,182539,4001910,0.31292757391929626
11930,182539,6265352,0.31288087368011475
11931,182539,3330979,0.3128390908241272
11932,182539,3450409,0.31280937790870667
11933,182539,1528602,0.312796413898468
11934,182539,6769744,0.3127889633178711
11935,182539,4734959,0.3126453161239624
11936,182539,370331,0.3126237690448761
11937,182539,8131700,0.3125936985015869
11938,182539,125482,0.312589168548584
11939,182539,879892,0.3125409781932831
11940,182539,1879109,0.312532514333725
11941,182539,1218943,0.31250712275505066
11942,182539,7839288,0.31245875358581543
11943,182539,1788265,0.31244951486587524
11944,182539,4503309,0.31242623925209045
11945,182539,6864253,0.31239455938339233
11946,182539,2539271,0.3123851418495178
11947,182539,8045019,0.31237849593162537
11948,182539,4106832,0.31234341859817505
11949,182539,5790907,0.3123210072517395
11950,182539,4641033,0.3123164772987366
11951,182539,5088994,0.3123074173927307
11952,182539,4445716,0.31228959560394287
11953,182539,1334094,0.3122871518135071
11954,182539,5906151,0.3122801184654236
11955,182539,3278678,0.3122440576553345
11956,182539,7625672,0.31222963333129883
11957,182539,1869430,0.31220191717147827
11958,182539,1638271,0.31219884753227234
11959,182539,4155781,0.3121708631515503
11960,182539,2822478,0.3121635317802429
11961,182539,7452742,0.31206265091896057
11962,182539,8614707,0.3120439946651459
11963,182539,966227,0.3120378255844116
11964,182539,8137697,0.3120352327823639
11965,182539,6207834,0.31200408935546875
11966,182539,5001476,0.3119877576828003
11967,182539,5912557,0.3119581937789917
11968,182539,928731,0.31190747022628784
11969,182539,5945598,0.3118964433670044
11970,182539,6196415,0.31182602047920227
11971,182539,2656328,0.31180307269096375
11972,182539,6130024,0.31175562739372253
11973,182539,5888082,0.31171679496765137
11974,182539,2113832,0.3117161691188812
11975,182539,362916,0.31170669198036194
11976,182539,6719658,0.3116985559463501
11977,182539,1306752,0.311696857213974
11978,182539,5707180,0.31155925989151
11979,182539,7834376,0.311527281999588
11980,182539,2810652,0.31149935722351074
11981,182539,3713636,0.3114151656627655
11982,182539,1105895,0.3113303482532501
11983,182539,6206580,0.3113093972206116
11984,182539,305899,0.31129366159439087
11985,182539,3807728,0.3112542927265167
11986,182539,3363063,0.31122899055480957
11987,182539,4537747,0.3112177848815918
11988,182539,7197786,0.3111341595649719
11989,182539,15218,0.31109321117401123
11990,182539,804275,0.31107252836227417
11991,182539,7185852,0.3110540509223938
11992,182539,3126724,0.31103572249412537
11993,182539,1646206,0.3110305666923523
11994,182539,6173245,0.3109892010688782
11995,182539,2273382,0.3109666109085083
11996,182539,9338,0.3109649121761322
11997,182539,3279509,0.31095361709594727
11998,182539,6886014,0.31091439723968506
11999,182539,1497221,0.3108288049697876
12000,183378,7449744,0.8307321071624756
12001,183378,7449752,0.8211622834205627
12002,183378,1289489,0.7825884819030762
12003,183378,1289497,0.7659052610397339
12004,183378,8570257,0.7586608529090881
12005,183378,7449748,0.7550379037857056
12006,183378,8570258,0.7482357621192932
12007,183378,4803847,0.7471491098403931
12008,183378,5534707,0.7470629811286926
12009,183378,4803848,0.7196929454803467
12010,183378,1289495,0.6989738941192627
12011,183378,8794308,0.6959942579269409
12012,183378,8794303,0.6856334209442139
12013,183378,1289490,0.6484024524688721
12014,183378,8121377,0.6395695209503174
12015,183378,8121375,0.635127067565918
12016,183378,8794304,0.6302269697189331
12017,183378,3093214,0.6202178001403809
12018,183378,3389578,0.6168311834335327
12019,183378,1289496,0.6070737838745117
12020,183378,4493920,0.6057431697845459
12021,183378,7449751,0.6052858829498291
12022,183378,3185611,0.5958217978477478
12023,183378,4727417,0.5942792296409607
12024,183378,1678836,0.5934778451919556
12025,183378,3389581,0.5898962616920471
12026,183378,8570260,0.5864759087562561
12027,183378,3867604,0.5861501693725586
12028,183378,4493914,0.5857051610946655
12029,183378,2040111,0.5744063854217529
12030,183378,1289492,0.5726449489593506
12031,183378,4493913,0.5718792676925659
12032,183378,8794306,0.5712354183197021
12033,183378,3389579,0.5688035488128662
12034,183378,3867603,0.565080463886261
12035,183378,8794302,0.5632781386375427
12036,183378,4493915,0.5623488426208496
12037,183378,1045523,0.562296450138092
12038,183378,1865316,0.5576876401901245
12039,183378,1289494,0.5559728741645813
12040,183378,1865315,0.5537362098693848
12041,183378,2352713,0.5522580146789551
12042,183378,2533259,0.5514557957649231
12043,183378,2040104,0.5514219999313354
12044,183378,3925153,0.5470219850540161
12045,183378,7449750,0.5464613437652588
12046,183378,4727412,0.5442590713500977
12047,183378,4750475,0.5430659055709839
12048,183378,1865314,0.5423934459686279
12049,183378,5534703,0.5423394441604614
12050,183378,5534711,0.5409432649612427
12051,183378,2085786,0.5408644676208496
12052,183378,1050571,0.5382143259048462
12053,183378,3389582,0.5377211570739746
12054,183378,4862063,0.536365270614624
12055,183378,8585951,0.5343999862670898
12056,183378,4750469,0.5333245992660522
12057,183378,8570259,0.5323428511619568
12058,183378,6182927,0.5322709083557129
12059,183378,1390629,0.5318639278411865
12060,183378,5614361,0.5306657552719116
12061,183378,4493917,0.5286484956741333
12062,183378,618560,0.5263928174972534
12063,183378,3389584,0.5252656936645508
12064,183378,4203758,0.5243428945541382
12065,183378,7995189,0.5231599807739258
12066,183378,8585943,0.5218827724456787
12067,183378,5460936,0.520751953125
12068,183378,7449747,0.520511269569397
12069,183378,5534710,0.5191311240196228
12070,183378,2533262,0.518738329410553
12071,183378,7952868,0.5144839286804199
12072,183378,7002198,0.5139920711517334
12073,183378,5352987,0.5117990970611572
12074,183378,4493916,0.5111861228942871
12075,183378,2085783,0.5103055238723755
12076,183378,7718054,0.5097591876983643
12077,183378,1390628,0.5097581148147583
12078,183378,4727418,0.5090217590332031
12079,183378,1865313,0.508934736251831
12080,183378,6989632,0.5083099007606506
12081,183378,8101544,0.5078025460243225
12082,183378,7851361,0.5076544880867004
12083,183378,2533256,0.5072276592254639
12084,183378,4493922,0.5071598291397095
12085,183378,7130006,0.5070054531097412
12086,183378,8169987,0.5067535042762756
12087,183378,8169984,0.506615400314331
12088,183378,820640,0.5061926245689392
12089,183378,5289917,0.5056466460227966
12090,183378,3587013,0.5053223967552185
12091,183378,578754,0.5050862431526184
12092,183378,8585944,0.5043513774871826
12093,183378,8406921,0.5039074420928955
12094,183378,3867602,0.5025306940078735
12095,183378,414387,0.5012642741203308
12096,183378,4203760,0.49970537424087524
12097,183378,917151,0.49951788783073425
12098,183378,3093218,0.49861645698547363
12099,183378,7848725,0.4985704720020294
12100,183378,4493918,0.4984619617462158
12101,183378,8650582,0.49819958209991455
12102,183378,3867601,0.49804598093032837
12103,183378,618557,0.49800264835357666
12104,183378,4425961,0.49717873334884644
12105,183378,8570261,0.49714624881744385
12106,183378,6435645,0.49659663438796997
12107,183378,6989631,0.49654388427734375
12108,183378,7995190,0.49635785818099976
12109,183378,931569,0.49633103609085083
12110,183378,1291147,0.49593913555145264
12111,183378,3389580,0.4954375624656677
12112,183378,2455736,0.49534353613853455
12113,183378,4372217,0.49523496627807617
12114,183378,4425959,0.49499499797821045
12115,183378,367141,0.4942310154438019
12116,183378,1533821,0.49405211210250854
12117,183378,7593941,0.49384477734565735
12118,183378,612074,0.4936789870262146
12119,183378,2858729,0.4935842752456665
12120,183378,6848961,0.49322524666786194
12121,183378,6848203,0.49311012029647827
12122,183378,931566,0.49297648668289185
12123,183378,3093217,0.4923974275588989
12124,183378,3185607,0.49207067489624023
12125,183378,8570255,0.4913385510444641
12126,183378,5415031,0.49100297689437866
12127,183378,229743,0.4906497001647949
12128,183378,325152,0.4902264475822449
12129,183378,823211,0.49018141627311707
12130,183378,3255711,0.48993033170700073
12131,183378,7851365,0.48956364393234253
12132,183378,4067112,0.48937010765075684
12133,183378,578751,0.4887983798980713
12134,183378,2887086,0.48875516653060913
12135,183378,5995484,0.4884973168373108
12136,183378,578748,0.48848170042037964
12137,183378,1334801,0.48823225498199463
12138,183378,6247405,0.4881751537322998
12139,183378,6069202,0.48817259073257446
12140,183378,1449772,0.4881245493888855
12141,183378,7717588,0.4878091812133789
12142,183378,7014328,0.4875841736793518
12143,183378,8507874,0.4872472286224365
12144,183378,1730044,0.4872344732284546
12145,183378,7805471,0.48683807253837585
12146,183378,2936739,0.4855349659919739
12147,183378,325155,0.48542696237564087
12148,183378,6592639,0.4852849841117859
12149,183378,4504964,0.4852837026119232
12150,183378,6056156,0.4847421944141388
12151,183378,192535,0.484332412481308
12152,183378,3389583,0.48411834239959717
12153,183378,3590214,0.48390042781829834
12154,183378,414382,0.4837472140789032
12155,183378,2040106,0.48374223709106445
12156,183378,1730037,0.4837157726287842
12157,183378,820641,0.4835974872112274
12158,183378,195670,0.4835824966430664
12159,183378,6989635,0.4832044541835785
12160,183378,4803850,0.4827996492385864
12161,183378,1014148,0.48270606994628906
12162,183378,7952864,0.48244932293891907
12163,183378,5352988,0.4821147322654724
12164,183378,536457,0.48193028569221497
12165,183378,2533257,0.48185819387435913
12166,183378,2085788,0.48164141178131104
12167,183378,7448286,0.48094260692596436
12168,183378,6109461,0.4809086322784424
12169,183378,2200619,0.48057952523231506
12170,183378,518954,0.4805309474468231
12171,183378,3389585,0.4798873960971832
12172,183378,4493921,0.4798135757446289
12173,183378,7449743,0.47923484444618225
12174,183378,1289491,0.47889116406440735
12175,183378,931561,0.47869086265563965
12176,183378,5354955,0.4786737561225891
12177,183378,1783708,0.47867125272750854
12178,183378,5560546,0.4782595932483673
12179,183378,2004054,0.4779905676841736
12180,183378,5854800,0.47694307565689087
12181,183378,4493919,0.4768173098564148
12182,183378,2752420,0.47672051191329956
12183,183378,4750470,0.4766634404659271
12184,183378,4750472,0.4764963686466217
12185,183378,1031986,0.47593215107917786
12186,183378,4727416,0.4759298264980316
12187,183378,3976823,0.4758630692958832
12188,183378,384697,0.4758581221103668
12189,183378,4429479,0.47584041953086853
12190,183378,7593942,0.47572243213653564
12191,183378,3113414,0.47571414709091187
12192,183378,6174702,0.475558340549469
12193,183378,7130008,0.47550562024116516
12194,183378,3922973,0.47545725107192993
12195,183378,3925159,0.47524577379226685
12196,183378,67892,0.47516512870788574
12197,183378,4451403,0.4750424325466156
12198,183378,4750473,0.4749141037464142
12199,183378,1197367,0.4748252332210541
12200,183378,6848201,0.4742220640182495
12201,183378,6182925,0.47381776571273804
12202,183378,6174703,0.4730372428894043
12203,183378,4105022,0.47300592064857483
12204,183378,3987911,0.47283464670181274
12205,183378,8449570,0.47283220291137695
12206,183378,2026511,0.4721124768257141
12207,183378,612079,0.47205400466918945
12208,183378,2425060,0.4718717038631439
12209,183378,3858228,0.4718248248100281
12210,183378,244877,0.4716206192970276
12211,183378,6531208,0.4716002345085144
12212,183378,3389586,0.4710773825645447
12213,183378,1045521,0.47106286883354187
12214,183378,4955780,0.47038108110427856
12215,183378,3093215,0.4702807068824768
12216,183378,1467017,0.47019296884536743
12217,183378,3976831,0.469768226146698
12218,183378,3605404,0.4696245789527893
12219,183378,7052828,0.46933862566947937
12220,183378,2403629,0.46899881958961487
12221,183378,3685539,0.4689481556415558
12222,183378,3813461,0.46877339482307434
12223,183378,2149708,0.46876245737075806
12224,183378,8585942,0.4684915542602539
12225,183378,5460939,0.4682634472846985
12226,183378,4767423,0.46824803948402405
12227,183378,6570656,0.4675808548927307
12228,183378,6298596,0.466875821352005
12229,183378,5873999,0.46681591868400574
12230,183378,3869158,0.466719388961792
12231,183378,1077647,0.46667397022247314
12232,183378,6150907,0.46661990880966187
12233,183378,612083,0.46654441952705383
12234,183378,438984,0.4665258526802063
12235,183378,7606781,0.4662611186504364
12236,183378,414383,0.4658679962158203
12237,183378,6182926,0.4656676650047302
12238,183378,2797504,0.4645844101905823
12239,183378,3174654,0.4641058146953583
12240,183378,7851363,0.4637981951236725
12241,183378,6570661,0.46329227089881897
12242,183378,181094,0.4632853865623474
12243,183378,6898588,0.46321457624435425
12244,183378,5335533,0.4630509614944458
12245,183378,7593944,0.46291330456733704
12246,183378,1075134,0.4627534747123718
12247,183378,883226,0.4626918435096741
12248,183378,8634568,0.46266502141952515
12249,183378,3587007,0.4626609683036804
12250,183378,3134361,0.4620208144187927
12251,183378,2533260,0.46181267499923706
12252,183378,7598187,0.4617815613746643
12253,183378,1406698,0.46174681186676025
12254,183378,7392168,0.46167218685150146
12255,183378,3499319,0.46158283948898315
12256,183378,4567622,0.4612915813922882
12257,183378,5182583,0.461245596408844
12258,183378,5415035,0.461093544960022
12259,183378,2908710,0.4610627293586731
12260,183378,1014272,0.4609104096889496
12261,183378,1767245,0.4607928991317749
12262,183378,694696,0.46051502227783203
12263,183378,8240863,0.459947407245636
12264,183378,8006512,0.4598137140274048
12265,183378,694695,0.4597768187522888
12266,183378,1045522,0.459768146276474
12267,183378,1863150,0.4594804644584656
12268,183378,749539,0.4594521224498749
12269,183378,1533822,0.4589463472366333
12270,183378,7782360,0.4587743282318115
12271,183378,5817927,0.4587220549583435
12272,183378,7606782,0.45860061049461365
12273,183378,6962194,0.4584214389324188
12274,183378,7805477,0.45780864357948303
12275,183378,1390624,0.45773422718048096
12276,183378,2936740,0.45740437507629395
12277,183378,8002692,0.4574005603790283
12278,183378,5316761,0.457372784614563
12279,183378,6738486,0.4570557177066803
12280,183378,8585945,0.45698273181915283
12281,183378,277625,0.45673033595085144
12282,183378,8255465,0.4565454423427582
12283,183378,244883,0.45641028881073
12284,183378,1730042,0.4563467502593994
12285,183378,6338917,0.45622479915618896
12286,183378,2300823,0.4557862877845764
12287,183378,5430021,0.4555399417877197
12288,183378,4219536,0.4554482698440552
12289,183378,1014273,0.4554091691970825
12290,183378,5697075,0.4553834795951843
12291,183378,5622796,0.45523691177368164
12292,183378,1258772,0.45508629083633423
12293,183378,1289493,0.45505157113075256
12294,183378,317808,0.4548644423484802
12295,183378,2414591,0.454742431640625
12296,183378,8705295,0.4546111524105072
12297,183378,5899214,0.4545499384403229
12298,183378,8577215,0.45439988374710083
12299,183378,3854428,0.45426782965660095
12300,183378,3888461,0.4542204439640045
12301,183378,7606783,0.45411497354507446
12302,183378,1390625,0.45407912135124207
12303,183378,3664716,0.4538867473602295
12304,183378,6709628,0.4535796046257019
12305,183378,6592645,0.45303356647491455
12306,183378,6592640,0.45284032821655273
12307,183378,6898594,0.4526243805885315
12308,183378,3293448,0.45249050855636597
12309,183378,3423626,0.4524266719818115
12310,183378,1390633,0.45196592807769775
12311,183378,2644601,0.4517389237880707
12312,183378,8570256,0.45163044333457947
12313,183378,3894734,0.45156723260879517
12314,183378,4523446,0.45154768228530884
12315,183378,6241155,0.4514884352684021
12316,183378,8104028,0.4514875113964081
12317,183378,6321365,0.45126423239707947
12318,183378,5460941,0.4511808156967163
12319,183378,237979,0.4511663615703583
12320,183378,4725246,0.45114243030548096
12321,183378,385685,0.4511220157146454
12322,183378,5764682,0.45101138949394226
12323,183378,6660026,0.45094943046569824
12324,183378,8767241,0.4509439468383789
12325,183378,749540,0.45070749521255493
12326,183378,966946,0.45042338967323303
12327,183378,6738483,0.4503915011882782
12328,183378,3209381,0.45026397705078125
12329,183378,5273541,0.4501641094684601
12330,183378,2455743,0.44970959424972534
12331,183378,327908,0.4497028589248657
12332,183378,1577179,0.4495013952255249
12333,183378,5060579,0.44943323731422424
12334,183378,5342312,0.4492796063423157
12335,183378,6669343,0.44875550270080566
12336,183378,5284064,0.44874024391174316
12337,183378,5723102,0.44873782992362976
12338,183378,250772,0.4486444592475891
12339,183378,1865320,0.4481402635574341
12340,183378,3618306,0.44802117347717285
12341,183378,8104032,0.4478110074996948
12342,183378,239017,0.447765588760376
12343,183378,1334806,0.4475860595703125
12344,183378,3882297,0.44748857617378235
12345,183378,4582111,0.44741588830947876
12346,183378,5391354,0.447260320186615
12347,183378,414388,0.4471718966960907
12348,183378,1948983,0.44710931181907654
12349,183378,6079396,0.4470096826553345
12350,183378,833438,0.4470093250274658
12351,183378,1334809,0.44692978262901306
12352,183378,6932789,0.44691240787506104
12353,183378,882935,0.44685763120651245
12354,183378,1695620,0.44684943556785583
12355,183378,1203143,0.4468456506729126
12356,183378,917153,0.446810781955719
12357,183378,6241149,0.4468061327934265
12358,183378,7460590,0.44666269421577454
12359,183378,437654,0.44651949405670166
12360,183378,3680483,0.44639652967453003
12361,183378,140599,0.44639459252357483
12362,183378,1678834,0.44632288813591003
12363,183378,950479,0.4461805522441864
12364,183378,5230494,0.44607290625572205
12365,183378,181097,0.4460265636444092
12366,183378,6106010,0.44584670662879944
12367,183378,3113415,0.4455852806568146
12368,183378,774833,0.44552987813949585
12369,183378,250774,0.44543176889419556
12370,183378,1625081,0.44542279839515686
12371,183378,2243462,0.4449229836463928
12372,183378,5764688,0.4448029398918152
12373,183378,3384235,0.4446840286254883
12374,183378,3621345,0.44461679458618164
12375,183378,2662606,0.4446152448654175
12376,183378,6944330,0.44452041387557983
12377,183378,4105027,0.4445086121559143
12378,183378,8066881,0.4444807171821594
12379,183378,3730789,0.44428324699401855
12380,183378,3972958,0.4440344572067261
12381,183378,3675073,0.44402557611465454
12382,183378,3744477,0.4439100921154022
12383,183378,1390626,0.4437018632888794
12384,183378,680053,0.4436507523059845
12385,183378,1730041,0.4435521960258484
12386,183378,6310129,0.4432958960533142
12387,183378,8406342,0.44328993558883667
12388,183378,1914723,0.4432884454727173
12389,183378,6105744,0.4431639015674591
12390,183378,7851359,0.44307026267051697
12391,183378,2663338,0.44305115938186646
12392,183378,3462661,0.44291776418685913
12393,183378,2663330,0.442879319190979
12394,183378,7471734,0.4428746700286865
12395,183378,1334805,0.4427385628223419
12396,183378,8833093,0.44265925884246826
12397,183378,5316758,0.4425205588340759
12398,183378,5824064,0.44240644574165344
12399,183378,2917750,0.4423932433128357
12400,183378,8169989,0.4421623945236206
12401,183378,3002955,0.44214367866516113
12402,183378,7234530,0.44180890917778015
12403,183378,749542,0.44141697883605957
12404,183378,3590616,0.4414100646972656
12405,183378,327909,0.4413752555847168
12406,183378,3737584,0.44137468934059143
12407,183378,288290,0.44114840030670166
12408,183378,518955,0.4410739243030548
12409,183378,8169983,0.44092994928359985
12410,183378,2499861,0.44079798460006714
12411,183378,2085787,0.4403141736984253
12412,183378,2352716,0.44024014472961426
12413,183378,1914721,0.44014593958854675
12414,183378,1960310,0.4400673508644104
12415,183378,140591,0.4399978518486023
12416,183378,1038224,0.439943790435791
12417,183378,4776350,0.43991774320602417
12418,183378,3867598,0.4399101436138153
12419,183378,7677973,0.4398949444293976
12420,183378,882941,0.43952006101608276
12421,183378,3587008,0.4392854571342468
12422,183378,6357908,0.43925386667251587
12423,183378,6174701,0.4392336905002594
12424,183378,2244702,0.43909162282943726
12425,183378,2714069,0.4389667212963104
12426,183378,1591366,0.4389522075653076
12427,183378,5424340,0.43891406059265137
12428,183378,5798330,0.43886828422546387
12429,183378,2714070,0.4388534426689148
12430,183378,5914140,0.43879324197769165
12431,183378,1865318,0.4387444257736206
12432,183378,8321842,0.4387089014053345
12433,183378,3685534,0.43863004446029663
12434,183378,5591868,0.4383837580680847
12435,183378,6435648,0.4383569359779358
12436,183378,6459464,0.4382583498954773
12437,183378,8794307,0.4382138252258301
12438,183378,6625428,0.4381433129310608
12439,183378,1663934,0.43772828578948975
12440,183378,4351236,0.437683641910553
12441,183378,2149706,0.4375849962234497
12442,183378,6359589,0.43756523728370667
12443,183378,8090748,0.4375540018081665
12444,183378,2272516,0.4374924898147583
12445,183378,250771,0.43724483251571655
12446,183378,8104031,0.4370681643486023
12447,183378,5954677,0.43685203790664673
12448,183378,3002961,0.43670427799224854
12449,183378,8101679,0.43668901920318604
12450,183378,2095132,0.43668705224990845
12451,183378,3908507,0.4365910589694977
12452,183378,1247357,0.4365203380584717
12453,183378,7102383,0.4364210367202759
12454,183378,2243460,0.43638384342193604
12455,183378,8570262,0.436312198638916
12456,183378,5266668,0.4362928569316864
12457,183378,2999448,0.4362815022468567
12458,183378,1075128,0.4361664950847626
12459,183378,6191502,0.43593695759773254
12460,183378,2004057,0.4358247220516205
12461,183378,3969505,0.43578654527664185
12462,183378,3293450,0.4357743263244629
12463,183378,6686834,0.43545615673065186
12464,183378,3440917,0.4354226589202881
12465,183378,1458696,0.4353533983230591
12466,183378,6209575,0.4352964162826538
12467,183378,2882765,0.43521034717559814
12468,183378,6277270,0.4348894953727722
12469,183378,7678696,0.4347466230392456
12470,183378,8024399,0.4345436096191406
12471,183378,6472460,0.4345393776893616
12472,183378,6165118,0.4344941973686218
12473,183378,7718047,0.43444186449050903
12474,183378,6660029,0.4344136118888855
12475,183378,1960756,0.43427836894989014
12476,183378,4425958,0.4342730939388275
12477,183378,1155928,0.4341947138309479
12478,183378,530414,0.4341776371002197
12479,183378,5318552,0.43413397669792175
12480,183378,7194974,0.43412208557128906
12481,183378,2019611,0.43408918380737305
12482,183378,3521962,0.4340846538543701
12483,183378,5745439,0.43357372283935547
12484,183378,6310132,0.4334688186645508
12485,183378,6989633,0.4334477484226227
12486,183378,148140,0.43334269523620605
12487,183378,5182586,0.43332841992378235
12488,183378,4435963,0.4331668019294739
12489,183378,8065941,0.4330885410308838
12490,183378,773396,0.43305596709251404
12491,183378,5070111,0.4329589605331421
12492,183378,6032866,0.4324852526187897
12493,183378,1566064,0.4324353337287903
12494,183378,5354362,0.43239301443099976
12495,183378,8634924,0.4323248267173767
12496,183378,5753807,0.432220458984375
12497,183378,148138,0.4321652054786682
12498,183378,2458930,0.4321173131465912
12499,183378,6848205,0.43189674615859985
12500,183378,6698957,0.43186241388320923
12501,183378,348958,0.43180394172668457
12502,183378,26660,0.43179500102996826
12503,183378,7123493,0.43164345622062683
12504,183378,2396175,0.4316166043281555
12505,183378,1014270,0.43150317668914795
12506,183378,4097733,0.4313866198062897
12507,183378,7254773,0.43136292695999146
12508,183378,289939,0.43133866786956787
12509,183378,1087366,0.43108218908309937
12510,183378,35696,0.4310797452926636
12511,183378,28437,0.43107175827026367
12512,183378,3211512,0.43090367317199707
12513,183378,4372220,0.4308837056159973
12514,183378,6548235,0.43085092306137085
12515,183378,6952882,0.43073391914367676
12516,183378,5417578,0.4306676983833313
12517,183378,3894733,0.43059730529785156
12518,183378,3128361,0.43055981397628784
12519,183378,6742521,0.43054473400115967
12520,183378,5882287,0.43049418926239014
12521,183378,6732025,0.4303993284702301
12522,183378,5181555,0.43027958273887634
12523,183378,6277269,0.4302465319633484
12524,183378,4799157,0.4301738739013672
12525,183378,8264915,0.4301348328590393
12526,183378,6435650,0.4299525320529938
12527,183378,6435644,0.42993250489234924
12528,183378,8512594,0.4299243986606598
12529,183378,6205772,0.4297662377357483
12530,183378,6565350,0.4295712113380432
12531,183378,2493332,0.42955315113067627
12532,183378,2200991,0.4295039176940918
12533,183378,1816824,0.42943716049194336
12534,183378,917155,0.429394006729126
12535,183378,1194400,0.4292728900909424
12536,183378,2260959,0.4292093515396118
12537,183378,8158373,0.42908185720443726
12538,183378,6203240,0.4290318489074707
12539,183378,237976,0.428938627243042
12540,183378,5954675,0.4288322329521179
12541,183378,2119050,0.42865073680877686
12542,183378,2243461,0.42860281467437744
12543,183378,6721859,0.42858582735061646
12544,183378,3183493,0.4285539388656616
12545,183378,3606173,0.428413450717926
12546,183378,5712315,0.4282320737838745
12547,183378,3969499,0.4279784560203552
12548,183378,3621347,0.4279583692550659
12549,183378,5797276,0.42768996953964233
12550,183378,5764685,0.427541583776474
12551,183378,6316116,0.42752885818481445
12552,183378,8573384,0.4274449646472931
12553,183378,2040108,0.4274148941040039
12554,183378,4116059,0.4273473024368286
12555,183378,6470322,0.4272465407848358
12556,183378,7272770,0.4271792769432068
12557,183378,2471807,0.42713868618011475
12558,183378,7173728,0.4271172285079956
12559,183378,2787779,0.42709535360336304
12560,183378,6065449,0.42691272497177124
12561,183378,3969501,0.42688363790512085
12562,183378,4892690,0.42685216665267944
12563,183378,2119052,0.42685049772262573
12564,183378,2714068,0.4268307685852051
12565,183378,7514450,0.42669108510017395
12566,183378,6064116,0.4266783595085144
12567,183378,1314305,0.42664599418640137
12568,183378,8428803,0.4266377091407776
12569,183378,250776,0.4265221357345581
12570,183378,6277271,0.4264240264892578
12571,183378,2396171,0.4263618588447571
12572,183378,7755458,0.42632046341896057
12573,183378,6531209,0.42622286081314087
12574,183378,4451397,0.42614638805389404
12575,183378,2279649,0.4260995388031006
12576,183378,6890983,0.4260751008987427
12577,183378,1045518,0.4259595274925232
12578,183378,8281673,0.42591211199760437
12579,183378,6056150,0.4258870482444763
12580,183378,252154,0.4255334734916687
12581,183378,1141284,0.4255145192146301
12582,183378,229739,0.42543256282806396
12583,183378,917157,0.42538586258888245
12584,183378,3934807,0.4253625273704529
12585,183378,385679,0.42531508207321167
12586,183378,3360114,0.4252793490886688
12587,183378,3199799,0.42513370513916016
12588,183378,6261165,0.4251052141189575
12589,183378,1925085,0.4250409007072449
12590,183378,1145224,0.424911767244339
12591,183378,6680440,0.4248638451099396
12592,183378,2335159,0.42484304308891296
12593,183378,2458929,0.4247879385948181
12594,183378,5462818,0.4246430993080139
12595,183378,5949687,0.42463868856430054
12596,183378,8321843,0.42445021867752075
12597,183378,6182924,0.4243849515914917
12598,183378,1914726,0.4243735373020172
12599,183378,6220736,0.42433691024780273
12600,183378,4427191,0.4243095815181732
12601,183378,139260,0.42427098751068115
12602,183378,105942,0.4242415726184845
12603,183378,3531738,0.42416343092918396
12604,183378,1076393,0.4240278899669647
12605,183378,913049,0.4239922761917114
12606,183378,1724499,0.4239487648010254
12607,183378,1460138,0.4238360524177551
12608,183378,148136,0.4237578213214874
12609,183378,7665033,0.42370671033859253
12610,183378,327912,0.4236305356025696
12611,183378,6965093,0.4236278831958771
12612,183378,4451401,0.4235992431640625
12613,183378,5764684,0.42353251576423645
12614,183378,331489,0.4234781861305237
12615,183378,3656522,0.42346468567848206
12616,183378,3870293,0.42338865995407104
12617,183378,92795,0.42330634593963623
12618,183378,2026512,0.4232358932495117
12619,183378,4247342,0.4232279658317566
12620,183378,6026502,0.4232214689254761
12621,183378,680052,0.4231530725955963
12622,183378,4425960,0.42313799262046814
12623,183378,2874543,0.42297226190567017
12624,183378,227436,0.42295730113983154
12625,183378,3080600,0.4229466915130615
12626,183378,3025915,0.4229286015033722
12627,183378,4803856,0.4228931665420532
12628,183378,5724928,0.42288488149642944
12629,183378,2185273,0.42285823822021484
12630,183378,4034821,0.422794908285141
12631,183378,2888418,0.4227335453033447
12632,183378,459890,0.4226611852645874
12633,183378,6822415,0.422452837228775
12634,183378,3590217,0.4224328398704529
12635,183378,244882,0.4223141074180603
12636,183378,4722614,0.42217886447906494
12637,183378,3791833,0.4221729040145874
12638,183378,6989638,0.42215555906295776
12639,183378,5316756,0.42210620641708374
12640,183378,7917586,0.42210572957992554
12641,183378,5032363,0.4220747947692871
12642,183378,1406702,0.42205071449279785
12643,183378,1038225,0.4220239520072937
12644,183378,2520546,0.42199772596359253
12645,183378,1171103,0.4219156503677368
12646,183378,339969,0.4218844175338745
12647,183378,7390570,0.4218269884586334
12648,183378,148141,0.4218153655529022
12649,183378,4727421,0.4217643141746521
12650,183378,36821,0.421730101108551
12651,183378,859620,0.42165154218673706
12652,183378,4699404,0.4216047525405884
12653,183378,209443,0.4216018319129944
12654,183378,7427752,0.42150425910949707
12655,183378,7906918,0.4213661551475525
12656,183378,1314300,0.42133790254592896
12657,183378,7677975,0.42132455110549927
12658,183378,6848960,0.42130333185195923
12659,183378,914901,0.4211624264717102
12660,183378,4896925,0.42114606499671936
12661,183378,1045519,0.42110371589660645
12662,183378,1381135,0.42108622193336487
12663,183378,2739388,0.420818567276001
12664,183378,1779043,0.4208075702190399
12665,183378,1411096,0.42078089714050293
12666,183378,705009,0.4207800626754761
12667,183378,8180747,0.42064720392227173
12668,183378,8668740,0.42063120007514954
12669,183378,192533,0.4205518960952759
12670,183378,7805475,0.4205299913883209
12671,183378,1932595,0.420524001121521
12672,183378,3769469,0.42045438289642334
12673,183378,3531737,0.42029690742492676
12674,183378,7734209,0.4202650189399719
12675,183378,3979351,0.4202103316783905
12676,183378,1397409,0.42016515135765076
12677,183378,5035007,0.42014411091804504
12678,183378,7643667,0.420143723487854
12679,183378,6815030,0.4201202988624573
12680,183378,8462394,0.4200228154659271
12681,183378,244878,0.41995322704315186
12682,183378,2589811,0.4199395477771759
12683,183378,324175,0.41988682746887207
12684,183378,7081386,0.4197961091995239
12685,183378,7060842,0.41972535848617554
12686,183378,7993321,0.41965606808662415
12687,183378,8107960,0.4195916950702667
12688,183378,3607165,0.41957488656044006
12689,183378,2040107,0.41954344511032104
12690,183378,2076709,0.41954293847084045
12691,183378,1014267,0.41949939727783203
12692,183378,6220738,0.4192965030670166
12693,183378,4478137,0.41927966475486755
12694,183378,148137,0.4192717671394348
12695,183378,7398706,0.4192175269126892
12696,183378,538698,0.419108510017395
12697,183378,5899657,0.4190996587276459
12698,183378,1247358,0.4190495014190674
12699,183378,8002695,0.418855756521225
12700,183378,6919560,0.418811559677124
12701,183378,6056149,0.4187430739402771
12702,183378,7009288,0.41863805055618286
12703,183378,3882295,0.4185638129711151
12704,183378,5026684,0.4185410737991333
12705,183378,5460937,0.4183756709098816
12706,183378,8024396,0.41837310791015625
12707,183378,1320428,0.41832733154296875
12708,183378,1304666,0.41824474930763245
12709,183378,4803854,0.41823631525039673
12710,183378,2882764,0.4180324673652649
12711,183378,6484762,0.4179832339286804
12712,183378,7448291,0.4178359806537628
12713,183378,550771,0.4176858961582184
12714,183378,480274,0.4175560474395752
12715,183378,2425059,0.4175233542919159
12716,183378,4740124,0.4175032377243042
12717,183378,1021580,0.4173712432384491
12718,183378,1678832,0.41735005378723145
12719,183378,5899218,0.41732802987098694
12720,183378,7721139,0.41732069849967957
12721,183378,4454185,0.4172995686531067
12722,183378,5867683,0.4172987937927246
12723,183378,1863147,0.4172927439212799
12724,183378,1990191,0.4172704815864563
12725,183378,7607094,0.41723504662513733
12726,183378,1533826,0.41723453998565674
12727,183378,3532454,0.4171918034553528
12728,183378,8397418,0.4171813428401947
12729,183378,538694,0.41717177629470825
12730,183378,6680793,0.41713932156562805
12731,183378,6182923,0.41711366176605225
12732,183378,8551951,0.4170832931995392
12733,183378,1113030,0.41707515716552734
12734,183378,4486932,0.41707438230514526
12735,183378,7716052,0.4170313775539398
12736,183378,4312318,0.4170028269290924
12737,183378,7421923,0.4169955253601074
12738,183378,1222249,0.4169689416885376
12739,183378,3117856,0.41695651412010193
12740,183378,2272515,0.41694289445877075
12741,183378,5331447,0.4168057441711426
12742,183378,1983953,0.4168015122413635
12743,183378,2335151,0.41679561138153076
12744,183378,1075129,0.4167715311050415
12745,183378,1947368,0.4167138338088989
12746,183378,6538989,0.4166824221611023
12747,183378,5182580,0.4166242480278015
12748,183378,5728400,0.4165937602519989
12749,183378,2613466,0.41658955812454224
12750,183378,3979353,0.4165616035461426
12751,183378,1947268,0.4165533185005188
12752,183378,1155927,0.4165109395980835
12753,183378,5742053,0.4164411127567291
12754,183378,7805474,0.41642364859580994
12755,183378,7016339,0.4163835644721985
12756,183378,905178,0.41637706756591797
12757,183378,1261880,0.4163740277290344
12758,183378,4271274,0.41637325286865234
12759,183378,8573556,0.4163235127925873
12760,183378,3808183,0.416215181350708
12761,183378,5657963,0.41615962982177734
12762,183378,8674011,0.4161407947540283
12763,183378,2114322,0.4161325693130493
12764,183378,6174704,0.41611015796661377
12765,183378,7851362,0.4160844683647156
12766,183378,3730792,0.41603565216064453
12767,183378,3236980,0.41595780849456787
12768,183378,3606168,0.41591596603393555
12769,183378,140593,0.4158066511154175
12770,183378,3362411,0.41576236486434937
12771,183378,6754189,0.4156697690486908
12772,183378,1075131,0.4155755043029785
12773,183378,3652505,0.41553714871406555
12774,183378,6191504,0.41537755727767944
12775,183378,349578,0.4152400493621826
12776,183378,3719069,0.4151455760002136
12777,183378,7448290,0.4151252210140228
12778,183378,1509751,0.4150717258453369
12779,183378,3656517,0.41506290435791016
12780,183378,2149705,0.4150350093841553
12781,183378,2272518,0.41488516330718994
12782,183378,3534463,0.41486889123916626
12783,183378,3925157,0.41480958461761475
12784,183378,5712314,0.41480404138565063
12785,183378,4203755,0.4146333932876587
12786,183378,4374595,0.41460198163986206
12787,183378,248788,0.41456323862075806
12788,183378,1075135,0.41455692052841187
12789,183378,32704,0.4145505130290985
12790,183378,8750426,0.41450631618499756
12791,183378,6856741,0.41440388560295105
12792,183378,7717586,0.41434383392333984
12793,183378,6032868,0.4143133759498596
12794,183378,6032869,0.4143133759498596
12795,183378,437656,0.41426146030426025
12796,183378,3685536,0.4140545725822449
12797,183378,6479850,0.41374868154525757
12798,183378,534176,0.41374823451042175
12799,183378,1849778,0.41374683380126953
12800,183378,2148078,0.4137409031391144
12801,183378,2185269,0.41372862458229065
12802,183378,3132716,0.4136873781681061
12803,183378,577370,0.41368409991264343
12804,183378,7718733,0.41366785764694214
12805,183378,5064303,0.413634717464447
12806,183378,5657964,0.41361087560653687
12807,183378,67895,0.41355156898498535
12808,183378,7085190,0.4134994149208069
12809,183378,3566712,0.4133724868297577
12810,183378,1045520,0.41328907012939453
12811,183378,3061233,0.41328898072242737
12812,183378,2071488,0.41310521960258484
12813,183378,1338898,0.4130482077598572
12814,183378,5657962,0.4129655957221985
12815,183378,2887104,0.4129583239555359
12816,183378,1449681,0.41295284032821655
12817,183378,6879259,0.41292762756347656
12818,183378,198989,0.4129049777984619
12819,183378,7016901,0.4129001498222351
12820,183378,3576220,0.41276201605796814
12821,183378,2808422,0.4126438498497009
12822,183378,6209574,0.41258788108825684
12823,183378,8598374,0.4125860035419464
12824,183378,1253840,0.41257840394973755
12825,183378,6686830,0.412542462348938
12826,183378,4406570,0.4124971330165863
12827,183378,10576,0.4124937057495117
12828,183378,6751339,0.4124830961227417
12829,183378,1075126,0.41247114539146423
12830,183378,7851358,0.41247114539146423
12831,183378,4169959,0.4124583601951599
12832,183378,1236890,0.412234365940094
12833,183378,7989235,0.4121353030204773
12834,183378,1952049,0.4121285080909729
12835,183378,5331361,0.41208887100219727
12836,183378,5424346,0.411988228559494
12837,183378,3555886,0.4119828939437866
12838,183378,6104518,0.411926805973053
12839,183378,6858957,0.4119229316711426
12840,183378,2168621,0.4118310511112213
12841,183378,4110477,0.41182705760002136
12842,183378,1734765,0.4118090569972992
12843,183378,2394857,0.4117821455001831
12844,183378,3752996,0.411749005317688
12845,183378,4203756,0.41172176599502563
12846,183378,4312697,0.411661833524704
12847,183378,6679132,0.4116502106189728
12848,183378,7130096,0.41158926486968994
12849,183378,5868037,0.4115447998046875
12850,183378,348959,0.41150856018066406
12851,183378,5462817,0.41143372654914856
12852,183378,1045525,0.411424458026886
12853,183378,966951,0.41142377257347107
12854,183378,500783,0.4113585948944092
12855,183378,3061237,0.41127288341522217
12856,183378,3789134,0.4112474322319031
12857,183378,5839903,0.41122981905937195
12858,183378,6220234,0.4112142026424408
12859,183378,4750474,0.4111221730709076
12860,183378,2917301,0.411099910736084
12861,183378,1385476,0.4109862446784973
12862,183378,2991737,0.41098108887672424
12863,183378,7735198,0.4109798073768616
12864,183378,6171083,0.41093185544013977
12865,183378,8121379,0.4109228253364563
12866,183378,5627190,0.4108150601387024
12867,183378,3576225,0.41077300906181335
12868,183378,2018463,0.410732626914978
12869,183378,195671,0.41072016954421997
12870,183378,4285002,0.4106957018375397
12871,183378,8392415,0.41065549850463867
12872,183378,7502891,0.4106522798538208
12873,183378,7588309,0.4106506109237671
12874,183378,2119053,0.410618394613266
12875,183378,476874,0.41054803133010864
12876,183378,931564,0.41051071882247925
12877,183378,2991739,0.4104100465774536
12878,183378,2644128,0.41040050983428955
12879,183378,6848202,0.41020649671554565
12880,183378,6680439,0.4100831151008606
12881,183378,5352985,0.41005533933639526
12882,183378,6381764,0.41005319356918335
12883,183378,6079394,0.410011887550354
12884,183378,298758,0.4099002182483673
12885,183378,4203757,0.4098599851131439
12886,183378,5624821,0.4098471999168396
12887,183378,1157076,0.40980979800224304
12888,183378,1021573,0.40978190302848816
12889,183378,4142378,0.4097703695297241
12890,183378,6261164,0.4097689390182495
12891,183378,605568,0.40975648164749146
12892,183378,4532731,0.40974870324134827
12893,183378,2148077,0.40963685512542725
12894,183378,3222970,0.4095916152000427
12895,183378,2347893,0.409589558839798
12896,183378,3475349,0.4095800518989563
12897,183378,1203141,0.4095701575279236
12898,183378,1280809,0.40950530767440796
12899,183378,8480482,0.4094820022583008
12900,183378,1991918,0.4094584286212921
12901,183378,8260787,0.4093770682811737
12902,183378,6989634,0.409324049949646
12903,183378,1828330,0.4092623293399811
12904,183378,3789137,0.40920746326446533
12905,183378,6912678,0.40918031334877014
12906,183378,2858731,0.4091664254665375
12907,183378,6197297,0.4091334640979767
12908,183378,2635302,0.4090089797973633
12909,183378,3791832,0.4090007543563843
12910,183378,3219152,0.4089461863040924
12911,183378,680056,0.4089280366897583
12912,183378,1276268,0.4089280366897583
12913,183378,6394171,0.408843994140625
12914,183378,7016903,0.4088122248649597
12915,183378,3447097,0.40874969959259033
12916,183378,7793165,0.40870654582977295
12917,183378,7123489,0.4085689187049866
12918,183378,5455844,0.40841928124427795
12919,183378,2697135,0.4084168076515198
12920,183378,3369617,0.40835368633270264
12921,183378,5102453,0.4083297550678253
12922,183378,8820168,0.40829139947891235
12923,183378,836647,0.4082692265510559
12924,183378,1449769,0.4082527756690979
12925,183378,8555997,0.40823742747306824
12926,183378,5418848,0.40817955136299133
12927,183378,7324776,0.4080533981323242
12928,183378,2085789,0.40800973773002625
12929,183378,704029,0.4079117178916931
12930,183378,7877557,0.4078998565673828
12931,183378,6380913,0.4078651964664459
12932,183378,7989233,0.40785539150238037
12933,183378,8542326,0.40785539150238037
12934,183378,4258625,0.4078434705734253
12935,183378,67894,0.40773189067840576
12936,183378,4932514,0.4077202081680298
12937,183378,1911489,0.40770965814590454
12938,183378,6125408,0.40767595171928406
12939,183378,6968758,0.40767163038253784
12940,183378,2340217,0.40758758783340454
12941,183378,6261160,0.4075177013874054
12942,183378,2396174,0.40743961930274963
12943,183378,833435,0.40736570954322815
12944,183378,2854432,0.4072605073451996
12945,183378,790020,0.4072107970714569
12946,183378,5220529,0.40719902515411377
12947,183378,5264352,0.4070298671722412
12948,183378,2708312,0.40684038400650024
12949,183378,4821466,0.40683460235595703
12950,183378,1593611,0.4068332314491272
12951,183378,2403630,0.4067245125770569
12952,183378,2458933,0.40672194957733154
12953,183378,2056769,0.40672069787979126
12954,183378,2936743,0.40670210123062134
12955,183378,3315755,0.4066963791847229
12956,183378,7598189,0.40667587518692017
12957,183378,1253839,0.4066627621650696
12958,183378,2437807,0.4066023826599121
12959,183378,2272514,0.4065958261489868
12960,183378,536819,0.40657466650009155
12961,183378,3925156,0.40643975138664246
12962,183378,2508278,0.40642356872558594
12963,183378,4219544,0.40642285346984863
12964,183378,371190,0.4064125418663025
12965,183378,7915813,0.4064059257507324
12966,183378,6777907,0.40640518069267273
12967,183378,5977286,0.40633338689804077
12968,183378,385680,0.4063054323196411
12969,183378,2148079,0.4062100350856781
12970,183378,7016336,0.4062018394470215
12971,183378,3943174,0.40619248151779175
12972,183378,6533296,0.4061681032180786
12973,183378,6465642,0.4061306416988373
12974,183378,1258769,0.4061077833175659
12975,183378,7366305,0.4061068296432495
12976,183378,450160,0.40608662366867065
12977,183378,5027470,0.4060763716697693
12978,183378,2019604,0.40607208013534546
12979,183378,5433877,0.4060436487197876
12980,183378,2335154,0.40602076053619385
12981,183378,6249052,0.4060077667236328
12982,183378,258860,0.40592342615127563
12983,183378,877582,0.40586501359939575
12984,183378,1795255,0.40582364797592163
12985,183378,2320450,0.40580546855926514
12986,183378,7851356,0.40580299496650696
12987,183378,901651,0.4057648777961731
12988,183378,7276594,0.40569305419921875
12989,183378,4955781,0.40567052364349365
12990,183378,838481,0.4056318998336792
12991,183378,2254139,0.4056318998336792
12992,183378,5657965,0.405529260635376
12993,183378,5289916,0.4054605960845947
12994,183378,5588366,0.40532395243644714
12995,183378,518962,0.40522825717926025
12996,183378,1239964,0.40521305799484253
12997,183378,3521965,0.405074805021286
12998,183378,1875885,0.4050414562225342
12999,183378,5638680,0.4050231873989105
13000,207786,8273763,0.7289819717407227
13001,207786,8273762,0.6664300560951233
13002,207786,8273754,0.620252788066864
13003,207786,8273761,0.6052446961402893
13004,207786,8273759,0.600894033908844
13005,207786,8273758,0.5795912742614746
13006,207786,7941579,0.5714449882507324
13007,207786,2763917,0.5682327747344971
13008,207786,8273755,0.560486912727356
13009,207786,5297036,0.5569280385971069
13010,207786,524451,0.5469391942024231
13011,207786,6526579,0.54578697681427
13012,207786,1392585,0.536587119102478
13013,207786,2051020,0.5298001170158386
13014,207786,3308288,0.5288764834403992
13015,207786,2051022,0.5276337265968323
13016,207786,8273760,0.5242025852203369
13017,207786,2763923,0.5233516693115234
13018,207786,5989436,0.521137535572052
13019,207786,4218707,0.5136919021606445
13020,207786,4759180,0.5120906233787537
13021,207786,1667544,0.5038063526153564
13022,207786,2051023,0.5008397102355957
13023,207786,7510472,0.49859872460365295
13024,207786,8273756,0.49809524416923523
13025,207786,3656965,0.4915737509727478
13026,207786,8273757,0.48647403717041016
13027,207786,493412,0.48060452938079834
13028,207786,6550462,0.4805566966533661
13029,207786,860804,0.48006895184516907
13030,207786,4759183,0.4776861369609833
13031,207786,2113005,0.47671324014663696
13032,207786,7777862,0.47602707147598267
13033,207786,4393129,0.47317200899124146
13034,207786,7643817,0.4715234041213989
13035,207786,7643816,0.47141993045806885
13036,207786,7639366,0.4712271988391876
13037,207786,2051016,0.4708366394042969
13038,207786,1667542,0.46948879957199097
13039,207786,3322533,0.4693838953971863
13040,207786,7124120,0.4693201780319214
13041,207786,524449,0.4684296250343323
13042,207786,2051021,0.46753740310668945
13043,207786,8185064,0.4668601155281067
13044,207786,4393130,0.4654660224914551
13045,207786,493414,0.46497395634651184
13046,207786,2440421,0.464693546295166
13047,207786,4823377,0.4628824293613434
13048,207786,5989434,0.4623406231403351
13049,207786,493413,0.4622269868850708
13050,207786,6550464,0.4604678153991699
13051,207786,3656964,0.45944732427597046
13052,207786,4613061,0.4593653678894043
13053,207786,493416,0.4588247537612915
13054,207786,4900224,0.45783352851867676
13055,207786,1025057,0.4570681154727936
13056,207786,4724268,0.45631664991378784
13057,207786,8133785,0.4556874632835388
13058,207786,8622991,0.45487886667251587
13059,207786,2970637,0.4539741277694702
13060,207786,6563690,0.45396488904953003
13061,207786,4823375,0.4538012742996216
13062,207786,1731873,0.45189788937568665
13063,207786,8199151,0.45092374086380005
13064,207786,3648034,0.4503815770149231
13065,207786,7287620,0.4492341876029968
13066,207786,4393131,0.44921553134918213
13067,207786,5845832,0.44821980595588684
13068,207786,6390611,0.4476756453514099
13069,207786,8316281,0.44665324687957764
13070,207786,4393128,0.4458228647708893
13071,207786,97953,0.44564056396484375
13072,207786,8211377,0.4453306198120117
13073,207786,7124123,0.44531485438346863
13074,207786,493419,0.4450390338897705
13075,207786,4684013,0.44473516941070557
13076,207786,4613065,0.4421434998512268
13077,207786,4165356,0.4417177438735962
13078,207786,8651149,0.4414382576942444
13079,207786,4393135,0.4406508505344391
13080,207786,4465050,0.4404871165752411
13081,207786,7643819,0.4403991997241974
13082,207786,6822431,0.43994778394699097
13083,207786,8053029,0.4394775927066803
13084,207786,524450,0.43905767798423767
13085,207786,8622993,0.43884843587875366
13086,207786,2051015,0.4386603832244873
13087,207786,6474685,0.4380228817462921
13088,207786,493421,0.43690022826194763
13089,207786,7643812,0.43564584851264954
13090,207786,493415,0.434387743473053
13091,207786,4900217,0.43286848068237305
13092,207786,4754014,0.4327889680862427
13093,207786,2430036,0.432692289352417
13094,207786,3407770,0.43128272891044617
13095,207786,2670730,0.4298790395259857
13096,207786,4759179,0.4297525882720947
13097,207786,6822429,0.42863592505455017
13098,207786,8651148,0.42859798669815063
13099,207786,8651150,0.42700332403182983
13100,207786,2998723,0.4260554015636444
13101,207786,6031630,0.4259706139564514
13102,207786,6269377,0.4254777431488037
13103,207786,2775835,0.42518794536590576
13104,207786,759407,0.42497316002845764
13105,207786,4724265,0.42477601766586304
13106,207786,4456789,0.42459481954574585
13107,207786,2440415,0.4232914447784424
13108,207786,7296418,0.4231320023536682
13109,207786,5436932,0.4224694073200226
13110,207786,4203438,0.42221754789352417
13111,207786,2969229,0.42182648181915283
13112,207786,6526577,0.4216882884502411
13113,207786,1445242,0.42075085639953613
13114,207786,8185061,0.4201774001121521
13115,207786,7796119,0.4201117157936096
13116,207786,2775837,0.4198741614818573
13117,207786,2775833,0.4198041260242462
13118,207786,5845834,0.41923484206199646
13119,207786,2969232,0.4186103045940399
13120,207786,5297038,0.41809597611427307
13121,207786,8163289,0.4179283082485199
13122,207786,3656959,0.41783544421195984
13123,207786,3931759,0.4176512658596039
13124,207786,2763922,0.4173966944217682
13125,207786,6379841,0.4165472090244293
13126,207786,1474370,0.41578489542007446
13127,207786,6091246,0.4154960513114929
13128,207786,2775834,0.4154256582260132
13129,207786,3322529,0.41515758633613586
13130,207786,524448,0.4144934117794037
13131,207786,6526575,0.41428226232528687
13132,207786,817180,0.4138144552707672
13133,207786,6390609,0.4137730598449707
13134,207786,8622992,0.4132453203201294
13135,207786,7622406,0.413118839263916
13136,207786,1474369,0.4128737449645996
13137,207786,5989442,0.41285669803619385
13138,207786,3914510,0.41272419691085815
13139,207786,704159,0.4125441312789917
13140,207786,1025058,0.4125424027442932
13141,207786,5989439,0.411651611328125
13142,207786,1863775,0.4115835428237915
13143,207786,5592527,0.41132497787475586
13144,207786,2969228,0.41124430298805237
13145,207786,8064937,0.41123253107070923
13146,207786,2440418,0.41077226400375366
13147,207786,398228,0.40992486476898193
13148,207786,2472114,0.4096773564815521
13149,207786,2775836,0.4094862937927246
13150,207786,4759182,0.40941953659057617
13151,207786,673357,0.4090132415294647
13152,207786,2763921,0.4082968831062317
13153,207786,236200,0.40814322233200073
13154,207786,7808144,0.4080768823623657
13155,207786,4037661,0.40800952911376953
13156,207786,6526578,0.40786606073379517
13157,207786,802989,0.40742242336273193
13158,207786,3073319,0.4073251187801361
13159,207786,3790681,0.406864732503891
13160,207786,6492259,0.40539032220840454
13161,207786,7124121,0.4051136374473572
13162,207786,3656958,0.4050120413303375
13163,207786,1247880,0.40498828887939453
13164,207786,2482634,0.4047950506210327
13165,207786,7605691,0.40461647510528564
13166,207786,6023733,0.40458381175994873
13167,207786,6379839,0.4035906195640564
13168,207786,3027623,0.4031943678855896
13169,207786,1081011,0.4026954472064972
13170,207786,3839367,0.4026870131492615
13171,207786,224012,0.4024013876914978
13172,207786,3972288,0.40194857120513916
13173,207786,1474373,0.4019169509410858
13174,207786,4322292,0.4010206460952759
13175,207786,3896738,0.40096205472946167
13176,207786,6390608,0.40094760060310364
13177,207786,8699890,0.4009300470352173
13178,207786,5607241,0.4007205069065094
13179,207786,706235,0.4005092978477478
13180,207786,6063252,0.40029972791671753
13181,207786,688349,0.40027564764022827
13182,207786,1085404,0.39992162585258484
13183,207786,1474376,0.3998721241950989
13184,207786,4446128,0.3996501564979553
13185,207786,7513178,0.3981226086616516
13186,207786,4593088,0.39743226766586304
13187,207786,4203437,0.3972049951553345
13188,207786,8461486,0.3970226049423218
13189,207786,1474377,0.3968649208545685
13190,207786,7158912,0.3966500461101532
13191,207786,3232777,0.39658576250076294
13192,207786,3790680,0.39645707607269287
13193,207786,1021449,0.39634376764297485
13194,207786,5175113,0.39624059200286865
13195,207786,524445,0.3961547911167145
13196,207786,2236391,0.39614206552505493
13197,207786,5170147,0.3959977924823761
13198,207786,6736715,0.39531874656677246
13199,207786,3232779,0.3951430916786194
13200,207786,2621344,0.3950215280056
13201,207786,8441727,0.3949989974498749
13202,207786,2715916,0.3949049711227417
13203,207786,6526580,0.3941826820373535
13204,207786,4613063,0.39377161860466003
13205,207786,4908973,0.3937566876411438
13206,207786,2953632,0.39343470335006714
13207,207786,2457539,0.39341363310813904
13208,207786,5175109,0.3933256268501282
13209,207786,6654976,0.3931986093521118
13210,207786,7124126,0.39319539070129395
13211,207786,5989437,0.3929091691970825
13212,207786,7162245,0.39278754591941833
13213,207786,4393134,0.39271777868270874
13214,207786,673356,0.39248955249786377
13215,207786,7643814,0.3923567831516266
13216,207786,2629887,0.3922441601753235
13217,207786,5321444,0.39216870069503784
13218,207786,4042362,0.39203426241874695
13219,207786,3855677,0.39166125655174255
13220,207786,4161973,0.39153650403022766
13221,207786,2249320,0.39150017499923706
13222,207786,1935630,0.3907451033592224
13223,207786,5804666,0.39073777198791504
13224,207786,3632499,0.3905659317970276
13225,207786,1081014,0.3904278874397278
13226,207786,5879048,0.39011350274086
13227,207786,1221249,0.39010417461395264
13228,207786,4277995,0.39006274938583374
13229,207786,2704919,0.38997453451156616
13230,207786,3460627,0.38995879888534546
13231,207786,4660022,0.3898008465766907
13232,207786,4262801,0.38969239592552185
13233,207786,2519896,0.3894582986831665
13234,207786,2839275,0.3892125189304352
13235,207786,7874966,0.38881534337997437
13236,207786,3648037,0.38874441385269165
13237,207786,7327576,0.3887414038181305
13238,207786,4644095,0.3887414038181305
13239,207786,3308284,0.3885567784309387
13240,207786,2256217,0.3882051706314087
13241,207786,1667537,0.38813120126724243
13242,207786,5297037,0.38808000087738037
13243,207786,704161,0.3880685567855835
13244,207786,3648041,0.3875714838504791
13245,207786,2953625,0.38713109493255615
13246,207786,673359,0.38695743680000305
13247,207786,2249313,0.386839359998703
13248,207786,7599318,0.38670480251312256
13249,207786,5535524,0.38662683963775635
13250,207786,5076420,0.38659918308258057
13251,207786,7078865,0.3864976763725281
13252,207786,4322314,0.3864424228668213
13253,207786,6031623,0.3862994909286499
13254,207786,2531089,0.386112242937088
13255,207786,8316283,0.3860669434070587
13256,207786,4300105,0.3859727382659912
13257,207786,704164,0.3858940005302429
13258,207786,4736738,0.3858605623245239
13259,207786,4900223,0.3855501115322113
13260,207786,304630,0.3853108882904053
13261,207786,4908978,0.3852475881576538
13262,207786,4599411,0.38520076870918274
13263,207786,6226056,0.3851277828216553
13264,207786,4322308,0.3849623501300812
13265,207786,201709,0.38460853695869446
13266,207786,5184952,0.38452476263046265
13267,207786,5804662,0.38440465927124023
13268,207786,2775838,0.3843684196472168
13269,207786,8185069,0.38412201404571533
13270,207786,7162243,0.3839707374572754
13271,207786,2457542,0.38364923000335693
13272,207786,7780967,0.3835553526878357
13273,207786,1081015,0.3828389048576355
13274,207786,3790686,0.38261914253234863
13275,207786,4643024,0.3825642168521881
13276,207786,7331154,0.3822791576385498
13277,207786,6248019,0.38224127888679504
13278,207786,4577243,0.382122278213501
13279,207786,6822432,0.3821181654930115
13280,207786,1667536,0.3816799223423004
13281,207786,3896742,0.3810908794403076
13282,207786,3308285,0.3810815215110779
13283,207786,855271,0.38055285811424255
13284,207786,7962580,0.3802943229675293
13285,207786,4446136,0.38028955459594727
13286,207786,6309220,0.38020753860473633
13287,207786,3717771,0.3801684081554413
13288,207786,2456353,0.37997156381607056
13289,207786,3579061,0.37993323802948
13290,207786,4393132,0.3793429732322693
13291,207786,6723594,0.3792569637298584
13292,207786,8278682,0.37917742133140564
13293,207786,1548490,0.37905654311180115
13294,207786,2397827,0.37878677248954773
13295,207786,4750955,0.37866535782814026
13296,207786,2715913,0.37848877906799316
13297,207786,6695718,0.378312349319458
13298,207786,7643813,0.3781680166721344
13299,207786,4978408,0.37761738896369934
13300,207786,3972292,0.37747466564178467
13301,207786,6465704,0.37738126516342163
13302,207786,1580994,0.3773222267627716
13303,207786,2951764,0.3772445321083069
13304,207786,3593211,0.3772117793560028
13305,207786,2253130,0.3770308494567871
13306,207786,4823383,0.37698063254356384
13307,207786,2249321,0.3769179582595825
13308,207786,7831282,0.3768625259399414
13309,207786,7941582,0.3768352270126343
13310,207786,8367876,0.37675541639328003
13311,207786,7934958,0.37666839361190796
13312,207786,3855675,0.3766651749610901
13313,207786,6465703,0.37658584117889404
13314,207786,2819170,0.3765471577644348
13315,207786,6665755,0.3764509856700897
13316,207786,8185063,0.3763575553894043
13317,207786,6932693,0.37586039304733276
13318,207786,2763919,0.3758407235145569
13319,207786,6550035,0.3757685720920563
13320,207786,7622402,0.3755636215209961
13321,207786,1071464,0.37540745735168457
13322,207786,224011,0.3751921057701111
13323,207786,7449214,0.37511903047561646
13324,207786,2219348,0.3748893737792969
13325,207786,4754015,0.374836802482605
13326,207786,3409355,0.37469619512557983
13327,207786,7229819,0.374610960483551
13328,207786,802985,0.3744119703769684
13329,207786,1658076,0.37433937191963196
13330,207786,6298195,0.37425240874290466
13331,207786,3384583,0.3739100694656372
13332,207786,5804664,0.3738914132118225
13333,207786,7934959,0.37382006645202637
13334,207786,80919,0.373759388923645
13335,207786,4900218,0.37372535467147827
13336,207786,1085410,0.373569130897522
13337,207786,1474371,0.3734232187271118
13338,207786,6561985,0.37342312932014465
13339,207786,6436296,0.37342071533203125
13340,207786,1211784,0.37337490916252136
13341,207786,6225311,0.37297672033309937
13342,207786,6159507,0.37295764684677124
13343,207786,802983,0.37293151021003723
13344,207786,5362541,0.37287437915802
13345,207786,1930300,0.3728060722351074
13346,207786,303100,0.3727819323539734
13347,207786,4753677,0.37268006801605225
13348,207786,2429730,0.37261760234832764
13349,207786,2775840,0.3724321126937866
13350,207786,8316288,0.3722129464149475
13351,207786,4577246,0.37178489565849304
13352,207786,1292850,0.37176454067230225
13353,207786,1085409,0.37169349193573
13354,207786,3656967,0.3716897964477539
13355,207786,5608072,0.3714466094970703
13356,207786,7016170,0.37140733003616333
13357,207786,707786,0.3713836967945099
13358,207786,3889555,0.37117278575897217
13359,207786,4660025,0.3710278272628784
13360,207786,7124129,0.37089797854423523
13361,207786,1398597,0.37089765071868896
13362,207786,904047,0.37060439586639404
13363,207786,3322530,0.3703537881374359
13364,207786,8265334,0.3703271150588989
13365,207786,2839325,0.36983925104141235
13366,207786,8532111,0.36974820494651794
13367,207786,3839373,0.36959487199783325
13368,207786,802988,0.36950647830963135
13369,207786,3640840,0.3693639636039734
13370,207786,4021890,0.3693501353263855
13371,207786,5339365,0.36908629536628723
13372,207786,4660029,0.369025856256485
13373,207786,6964232,0.3689688444137573
13374,207786,4863541,0.3689298629760742
13375,207786,4908979,0.36875656247138977
13376,207786,6894093,0.36860883235931396
13377,207786,1189051,0.3686007857322693
13378,207786,2315981,0.3685913383960724
13379,207786,3118764,0.3684256374835968
13380,207786,3322527,0.36832550168037415
13381,207786,1510436,0.36817097663879395
13382,207786,3927518,0.36811500787734985
13383,207786,7513182,0.3680741786956787
13384,207786,212626,0.36800864338874817
13385,207786,5624828,0.36774757504463196
13386,207786,493420,0.3676515817642212
13387,207786,704502,0.3675459027290344
13388,207786,8597883,0.3674735426902771
13389,207786,5804667,0.36729949712753296
13390,207786,795760,0.3670617938041687
13391,207786,4753680,0.36697232723236084
13392,207786,8421670,0.3669514060020447
13393,207786,2347213,0.3668749928474426
13394,207786,6586956,0.36673158407211304
13395,207786,304622,0.3667229413986206
13396,207786,4663844,0.36668822169303894
13397,207786,3395162,0.3666539788246155
13398,207786,1489164,0.36658692359924316
13399,207786,3931757,0.36653369665145874
13400,207786,673363,0.3664189279079437
13401,207786,7925306,0.36637187004089355
13402,207786,160001,0.3662506937980652
13403,207786,5649710,0.3661513030529022
13404,207786,6269378,0.3658505976200104
13405,207786,3752998,0.3657027781009674
13406,207786,1085411,0.36569473147392273
13407,207786,5373130,0.3656427264213562
13408,207786,4826657,0.3655305504798889
13409,207786,8597878,0.3654457926750183
13410,207786,1864204,0.3653718829154968
13411,207786,145657,0.36530008912086487
13412,207786,3496230,0.3652517795562744
13413,207786,795752,0.36506974697113037
13414,207786,2742634,0.36489760875701904
13415,207786,6269375,0.364887535572052
13416,207786,467656,0.3648572266101837
13417,207786,7016164,0.364836186170578
13418,207786,8785523,0.36482658982276917
13419,207786,4913963,0.36467716097831726
13420,207786,4277999,0.3645872473716736
13421,207786,706237,0.3645872473716736
13422,207786,7622539,0.3642674386501312
13423,207786,4181538,0.36416640877723694
13424,207786,2249319,0.36408811807632446
13425,207786,3232783,0.3640269339084625
13426,207786,5362544,0.36368924379348755
13427,207786,7889756,0.3635411262512207
13428,207786,4156744,0.363450825214386
13429,207786,6822430,0.3632824420928955
13430,207786,5644323,0.3632456064224243
13431,207786,3686868,0.363236665725708
13432,207786,1474372,0.36320140957832336
13433,207786,1297016,0.36282879114151
13434,207786,3552560,0.3627476096153259
13435,207786,8268145,0.36266061663627625
13436,207786,6031629,0.36260488629341125
13437,207786,2207751,0.3625962734222412
13438,207786,1650868,0.36259257793426514
13439,207786,4339952,0.36254677176475525
13440,207786,6309217,0.36251235008239746
13441,207786,3656963,0.362506240606308
13442,207786,2477332,0.3620462417602539
13443,207786,7513185,0.3619474768638611
13444,207786,4322307,0.361765593290329
13445,207786,4998440,0.36165159940719604
13446,207786,6486273,0.3614960312843323
13447,207786,7622403,0.3613426089286804
13448,207786,8829138,0.3613402247428894
13449,207786,2174679,0.3612193465232849
13450,207786,8433076,0.3612043261528015
13451,207786,1085402,0.3610017001628876
13452,207786,5801816,0.3609956204891205
13453,207786,3760263,0.3609123229980469
13454,207786,1853501,0.36081042885780334
13455,207786,579290,0.3607487678527832
13456,207786,4753681,0.36070704460144043
13457,207786,4278001,0.3603404760360718
13458,207786,6248015,0.3602529764175415
13459,207786,1580997,0.36017078161239624
13460,207786,3168913,0.36016014218330383
13461,207786,3217970,0.3601360321044922
13462,207786,4465046,0.35999810695648193
13463,207786,4753683,0.35996371507644653
13464,207786,7756842,0.3599569499492645
13465,207786,1097043,0.35993528366088867
13466,207786,706239,0.3599078953266144
13467,207786,7668314,0.3598186671733856
13468,207786,3753004,0.3597511053085327
13469,207786,1432531,0.3594971299171448
13470,207786,8785524,0.3594406843185425
13471,207786,7847268,0.35940587520599365
13472,207786,5005012,0.35932618379592896
13473,207786,6063254,0.3587923049926758
13474,207786,8607467,0.3586956262588501
13475,207786,6335111,0.3584950566291809
13476,207786,1740574,0.3584880828857422
13477,207786,3877780,0.35834455490112305
13478,207786,4861208,0.35829806327819824
13479,207786,2704917,0.35822728276252747
13480,207786,860808,0.3581388592720032
13481,207786,2457540,0.3580593466758728
13482,207786,802986,0.3580322861671448
13483,207786,6763416,0.35800349712371826
13484,207786,8049021,0.35797375440597534
13485,207786,706236,0.35794776678085327
13486,207786,5436925,0.3579413592815399
13487,207786,8028239,0.3578738868236542
13488,207786,2723794,0.35769450664520264
13489,207786,3212759,0.3576257526874542
13490,207786,4400811,0.3574313521385193
13491,207786,1021454,0.35735538601875305
13492,207786,2362042,0.3572336733341217
13493,207786,8053026,0.357139527797699
13494,207786,3232786,0.35701894760131836
13495,207786,7963304,0.35687243938446045
13496,207786,1237130,0.35676074028015137
13497,207786,4486236,0.3566259741783142
13498,207786,8180105,0.3565617501735687
13499,207786,6226369,0.35645169019699097
13500,207786,6811492,0.35643380880355835
13501,207786,2767420,0.3564183712005615
13502,207786,4342505,0.35636401176452637
13503,207786,6298199,0.35634928941726685
13504,207786,189585,0.35633552074432373
13505,207786,6736720,0.356300413608551
13506,207786,5891082,0.3561595678329468
13507,207786,6763413,0.3560214638710022
13508,207786,2219345,0.3559612035751343
13509,207786,4908974,0.35595911741256714
13510,207786,688489,0.3558870553970337
13511,207786,1085407,0.35586249828338623
13512,207786,4594730,0.35576122999191284
13513,207786,1035929,0.3557429313659668
13514,207786,6084891,0.3555140495300293
13515,207786,1259350,0.3554040491580963
13516,207786,3790685,0.3553773760795593
13517,207786,8724507,0.355294793844223
13518,207786,1002869,0.35523656010627747
13519,207786,5217359,0.3552042245864868
13520,207786,2256220,0.35513949394226074
13521,207786,2998727,0.35508662462234497
13522,207786,3294554,0.3550618886947632
13523,207786,4396055,0.35495221614837646
13524,207786,5552322,0.3549158275127411
13525,207786,7510470,0.3548579216003418
13526,207786,1335084,0.3548188805580139
13527,207786,4293386,0.3547852039337158
13528,207786,695381,0.3547416031360626
13529,207786,6912775,0.3546874523162842
13530,207786,860806,0.3545958399772644
13531,207786,3822143,0.3544655740261078
13532,207786,7162242,0.3543506860733032
13533,207786,7777863,0.35416480898857117
13534,207786,8623000,0.3538927435874939
13535,207786,6546635,0.3538394272327423
13536,207786,80914,0.35377612709999084
13537,207786,2774373,0.35371917486190796
13538,207786,2489711,0.35367459058761597
13539,207786,4257473,0.35367056727409363
13540,207786,4826655,0.353628545999527
13541,207786,7643818,0.35361039638519287
13542,207786,5624825,0.3534840941429138
13543,207786,3168908,0.3533697724342346
13544,207786,2670738,0.3533543348312378
13545,207786,2257851,0.35333722829818726
13546,207786,3839371,0.3533285856246948
13547,207786,5266145,0.3532654345035553
13548,207786,8387971,0.35323861241340637
13549,207786,7447770,0.353215754032135
13550,207786,5436927,0.3528996706008911
13551,207786,8699889,0.352821946144104
13552,207786,7845987,0.352704256772995
13553,207786,5297035,0.352615624666214
13554,207786,1516373,0.3525765836238861
13555,207786,3559393,0.35247623920440674
13556,207786,8694438,0.35245925188064575
13557,207786,8025759,0.3524509072303772
13558,207786,1488437,0.3523980379104614
13559,207786,1456612,0.3523303270339966
13560,207786,4797717,0.352325975894928
13561,207786,6269374,0.3523203730583191
13562,207786,6214674,0.3522486686706543
13563,207786,6665754,0.35215362906455994
13564,207786,4978407,0.3519402742385864
13565,207786,5093761,0.35188013315200806
13566,207786,6550461,0.3517460823059082
13567,207786,6309223,0.3517003059387207
13568,207786,3648036,0.3515714406967163
13569,207786,8622995,0.35152074694633484
13570,207786,7216049,0.3514789342880249
13571,207786,2959985,0.35147565603256226
13572,207786,1908799,0.3514164090156555
13573,207786,4200951,0.35129913687705994
13574,207786,2658602,0.3512028753757477
13575,207786,3855672,0.35119372606277466
13576,207786,5365946,0.35118359327316284
13577,207786,1781563,0.3510836362838745
13578,207786,5285811,0.350929856300354
13579,207786,4950631,0.3509225845336914
13580,207786,5467373,0.3508908152580261
13581,207786,4181530,0.35082054138183594
13582,207786,3864826,0.3507239818572998
13583,207786,6335118,0.3506859242916107
13584,207786,6492258,0.35050666332244873
13585,207786,3218255,0.3504948019981384
13586,207786,3352515,0.3504946231842041
13587,207786,2839323,0.3504055440425873
13588,207786,2998722,0.3503953218460083
13589,207786,8304028,0.3503872752189636
13590,207786,8163285,0.35030627250671387
13591,207786,2913460,0.3502867817878723
13592,207786,5624831,0.35024943947792053
13593,207786,7662913,0.350232869386673
13594,207786,4908972,0.35021400451660156
13595,207786,6091241,0.3501775860786438
13596,207786,1081016,0.35014835000038147
13597,207786,817103,0.35008418560028076
13598,207786,4993318,0.3500099182128906
13599,207786,3559398,0.35000741481781006
13600,207786,7449215,0.3498902916908264
13601,207786,6611994,0.3497169017791748
13602,207786,4911796,0.349617063999176
13603,207786,4537778,0.3495773673057556
13604,207786,6214675,0.3495137095451355
13605,207786,2429738,0.3494650721549988
13606,207786,2168519,0.3492302894592285
13607,207786,3648038,0.3491899371147156
13608,207786,5217352,0.3490283787250519
13609,207786,2736668,0.34895503520965576
13610,207786,4490196,0.3487129509449005
13611,207786,2276221,0.34869468212127686
13612,207786,7114853,0.34852635860443115
13613,207786,2423560,0.3484862446784973
13614,207786,2913461,0.3484358787536621
13615,207786,2994906,0.3483593463897705
13616,207786,8421677,0.34822508692741394
13617,207786,6214679,0.3480813205242157
13618,207786,4823382,0.3479633927345276
13619,207786,891699,0.34787309169769287
13620,207786,7216041,0.34784621000289917
13621,207786,4785912,0.34783804416656494
13622,207786,3753000,0.3478105664253235
13623,207786,3450658,0.3477625548839569
13624,207786,4950632,0.34771913290023804
13625,207786,3648039,0.34771621227264404
13626,207786,2219344,0.34759002923965454
13627,207786,3103886,0.34754809737205505
13628,207786,524443,0.3474690616130829
13629,207786,5781421,0.34742242097854614
13630,207786,3896739,0.34735697507858276
13631,207786,860807,0.3473382592201233
13632,207786,7374201,0.3473048210144043
13633,207786,795757,0.3472507894039154
13634,207786,4660026,0.34722745418548584
13635,207786,3671816,0.3471248149871826
13636,207786,2704920,0.34710317850112915
13637,207786,4181533,0.3470301330089569
13638,207786,3760254,0.3470227122306824
13639,207786,6099343,0.3469780683517456
13640,207786,795755,0.3469496965408325
13641,207786,2462982,0.3467148542404175
13642,207786,3267972,0.3465597629547119
13643,207786,2704918,0.34655439853668213
13644,207786,2861201,0.34653565287590027
13645,207786,4322293,0.3465208411216736
13646,207786,1029962,0.3464862108230591
13647,207786,4668278,0.34643468260765076
13648,207786,3015420,0.3464232087135315
13649,207786,3027629,0.3463250398635864
13650,207786,201708,0.346219927072525
13651,207786,1449022,0.3461831212043762
13652,207786,855276,0.3461627662181854
13653,207786,7963301,0.3461347222328186
13654,207786,2430032,0.346063494682312
13655,207786,8278467,0.3460340201854706
13656,207786,8768592,0.34601885080337524
13657,207786,4900222,0.3459956645965576
13658,207786,4156738,0.34598490595817566
13659,207786,5798987,0.34596699476242065
13660,207786,7963302,0.34596681594848633
13661,207786,6526574,0.3458750545978546
13662,207786,3308282,0.34585314989089966
13663,207786,860801,0.34580716490745544
13664,207786,40464,0.3457649350166321
13665,207786,4278000,0.3457542657852173
13666,207786,6159513,0.3457280993461609
13667,207786,6786707,0.3456576466560364
13668,207786,8212181,0.3456461727619171
13669,207786,2913455,0.3456283211708069
13670,207786,2442585,0.34560683369636536
13671,207786,982119,0.34556490182876587
13672,207786,6283457,0.34555721282958984
13673,207786,7278456,0.34552666544914246
13674,207786,4808056,0.345458060503006
13675,207786,8185068,0.34543877840042114
13676,207786,2861210,0.3454260230064392
13677,207786,6624173,0.34541037678718567
13678,207786,2557234,0.34537917375564575
13679,207786,4660027,0.34535908699035645
13680,207786,1467245,0.3453337550163269
13681,207786,2712992,0.3452048897743225
13682,207786,7510473,0.3450266718864441
13683,207786,1211786,0.3449936509132385
13684,207786,2820322,0.3449919819831848
13685,207786,8471799,0.34493517875671387
13686,207786,2442583,0.3449224829673767
13687,207786,5224759,0.3448536992073059
13688,207786,7869797,0.344844251871109
13689,207786,2473129,0.3448406457901001
13690,207786,2249604,0.34476494789123535
13691,207786,6636763,0.34473615884780884
13692,207786,4322311,0.3447231948375702
13693,207786,4261224,0.3447173833847046
13694,207786,1247879,0.3446841239929199
13695,207786,5291029,0.34456712007522583
13696,207786,5787834,0.3445453941822052
13697,207786,2763920,0.3445230722427368
13698,207786,5461327,0.3444170355796814
13699,207786,4690540,0.3442476987838745
13700,207786,1432527,0.34422779083251953
13701,207786,5114969,0.3441849946975708
13702,207786,2278393,0.3441845178604126
13703,207786,2340987,0.3440931439399719
13704,207786,4900219,0.3440793752670288
13705,207786,818924,0.3440746068954468
13706,207786,4322306,0.34398025274276733
13707,207786,1915245,0.34395861625671387
13708,207786,2430034,0.3439486622810364
13709,207786,2846755,0.34394821524620056
13710,207786,6390613,0.3439134657382965
13711,207786,2145153,0.3437918424606323
13712,207786,4797715,0.3437351584434509
13713,207786,1081010,0.34372347593307495
13714,207786,4329062,0.34366437792778015
13715,207786,1085403,0.3436383008956909
13716,207786,1432523,0.34359341859817505
13717,207786,1392579,0.3435317277908325
13718,207786,5760090,0.34343838691711426
13719,207786,7678901,0.34343838691711426
13720,207786,1037371,0.34340882301330566
13721,207786,3384589,0.3433639109134674
13722,207786,3022362,0.34327441453933716
13723,207786,4258717,0.3431580364704132
13724,207786,2384847,0.34315696358680725
13725,207786,1013990,0.34308257699012756
13726,207786,458708,0.34288838505744934
13727,207786,3877774,0.34286367893218994
13728,207786,2196712,0.34280461072921753
13729,207786,6527621,0.3427432179450989
13730,207786,2457541,0.34260913729667664
13731,207786,4908977,0.34244006872177124
13732,207786,7513180,0.3424195349216461
13733,207786,1337210,0.3423124849796295
13734,207786,2763918,0.3422228991985321
13735,207786,304626,0.3421192467212677
13736,207786,8699892,0.342118501663208
13737,207786,3051650,0.3421141505241394
13738,207786,6452140,0.3420935273170471
13739,207786,3931760,0.3420308232307434
13740,207786,136143,0.3419927954673767
13741,207786,3168911,0.3419683575630188
13742,207786,2249314,0.341668963432312
13743,207786,2288089,0.34162095189094543
13744,207786,421320,0.3416047692298889
13745,207786,7296416,0.34150952100753784
13746,207786,470964,0.34143394231796265
13747,207786,569470,0.3413201570510864
13748,207786,8157017,0.34131675958633423
13749,207786,8171841,0.34129598736763
13750,207786,1362859,0.3412821888923645
13751,207786,4797720,0.3412589430809021
13752,207786,3931762,0.3412347435951233
13753,207786,5281125,0.3411404490470886
13754,207786,4643023,0.34106218814849854
13755,207786,5675902,0.34103113412857056
13756,207786,7229822,0.34095442295074463
13757,207786,5599065,0.3409315347671509
13758,207786,4577241,0.34091562032699585
13759,207786,4657399,0.3408852517604828
13760,207786,7245516,0.3408186137676239
13761,207786,2051019,0.3407997488975525
13762,207786,3753001,0.340790331363678
13763,207786,6558080,0.34077006578445435
13764,207786,4872756,0.34076327085494995
13765,207786,3656966,0.3407514691352844
13766,207786,6269376,0.3406934440135956
13767,207786,7229816,0.340596467256546
13768,207786,1117972,0.34050557017326355
13769,207786,13261,0.34050217270851135
13770,207786,3103885,0.3404843509197235
13771,207786,7383259,0.3404555320739746
13772,207786,1249061,0.3403552770614624
13773,207786,5175108,0.3403480350971222
13774,207786,7016165,0.3402191400527954
13775,207786,3197022,0.3401830792427063
13776,207786,6471854,0.3401747941970825
13777,207786,3384584,0.3401486575603485
13778,207786,6248020,0.34001386165618896
13779,207786,3352517,0.33988404273986816
13780,207786,5160094,0.3398802876472473
13781,207786,5204564,0.3398497700691223
13782,207786,6224344,0.3398415744304657
13783,207786,6763411,0.33983704447746277
13784,207786,77891,0.33983170986175537
13785,207786,3308286,0.3397851288318634
13786,207786,6225312,0.3396899998188019
13787,207786,2705557,0.33962559700012207
13788,207786,7169204,0.3396175503730774
13789,207786,7735458,0.3396075963973999
13790,207786,2288094,0.33958643674850464
13791,207786,353692,0.3395511209964752
13792,207786,350404,0.33950793743133545
13793,207786,6586308,0.33949708938598633
13794,207786,6584631,0.33949539065361023
13795,207786,8171768,0.3394635319709778
13796,207786,8829137,0.3393521010875702
13797,207786,6226059,0.3393174707889557
13798,207786,4724274,0.33931005001068115
13799,207786,855278,0.33929839730262756
13800,207786,7780989,0.3392617106437683
13801,207786,7447771,0.33924806118011475
13802,207786,7158908,0.3390316069126129
13803,207786,5800289,0.3389923572540283
13804,207786,305404,0.33895108103752136
13805,207786,3888176,0.33894962072372437
13806,207786,2658597,0.33894145488739014
13807,207786,5114964,0.33892297744750977
13808,207786,6586314,0.3389224708080292
13809,207786,1081009,0.33892086148262024
13810,207786,2219346,0.3388603925704956
13811,207786,2839274,0.3388388156890869
13812,207786,4759177,0.3387869596481323
13813,207786,144404,0.3386548161506653
13814,207786,8487517,0.33862707018852234
13815,207786,3507059,0.33861231803894043
13816,207786,4181532,0.3385992646217346
13817,207786,5111363,0.3385905623435974
13818,207786,3855676,0.3385438323020935
13819,207786,8049024,0.33852407336235046
13820,207786,5217354,0.33845055103302
13821,207786,8049017,0.3384404182434082
13822,207786,7809888,0.33839190006256104
13823,207786,1085406,0.3382962644100189
13824,207786,6390614,0.33824262022972107
13825,207786,7197768,0.3381739556789398
13826,207786,5848767,0.33812135457992554
13827,207786,6159510,0.33795443177223206
13828,207786,534183,0.33786705136299133
13829,207786,8597880,0.33785372972488403
13830,207786,1654569,0.33785131573677063
13831,207786,4613056,0.3378218412399292
13832,207786,6248013,0.337809294462204
13833,207786,4823378,0.3376765251159668
13834,207786,6010858,0.337630957365036
13835,207786,235715,0.33750128746032715
13836,207786,6377327,0.33740565180778503
13837,207786,7510453,0.3373606204986572
13838,207786,795759,0.3373594582080841
13839,207786,6116661,0.33735764026641846
13840,207786,5643096,0.3373507261276245
13841,207786,4754011,0.33729737997055054
13842,207786,1237368,0.33725684881210327
13843,207786,1474374,0.33723899722099304
13844,207786,1079833,0.33715277910232544
13845,207786,3773665,0.3371388912200928
13846,207786,4672264,0.3370596766471863
13847,207786,3999367,0.3370431065559387
13848,207786,7606562,0.33702313899993896
13849,207786,5598160,0.3370162844657898
13850,207786,4300111,0.3368910551071167
13851,207786,1510438,0.33688783645629883
13852,207786,6269381,0.33687031269073486
13853,207786,551113,0.33681079745292664
13854,207786,1840065,0.33675417304039
13855,207786,4660023,0.33664074540138245
13856,207786,795753,0.336594820022583
13857,207786,521822,0.3365812301635742
13858,207786,2387871,0.33657583594322205
13859,207786,5409203,0.33654630184173584
13860,207786,4660020,0.3365338444709778
13861,207786,8512512,0.33645015954971313
13862,207786,3103879,0.3364103436470032
13863,207786,923338,0.33636248111724854
13864,207786,1614449,0.3363405466079712
13865,207786,5217357,0.33632731437683105
13866,207786,1870818,0.33630135655403137
13867,207786,8202389,0.33629995584487915
13868,207786,8065117,0.33624333143234253
13869,207786,2613329,0.3362168073654175
13870,207786,5804665,0.33619892597198486
13871,207786,2489712,0.3361758887767792
13872,207786,6870398,0.33608168363571167
13873,207786,7622536,0.3360362648963928
13874,207786,2317806,0.336029052734375
13875,207786,304625,0.3360123634338379
13876,207786,958434,0.3360053300857544
13877,207786,6062211,0.3359869718551636
13878,207786,5093756,0.33577340841293335
13879,207786,3695665,0.335716187953949
13880,207786,8778798,0.3356568217277527
13881,207786,7777945,0.33565443754196167
13882,207786,3168912,0.3355953097343445
13883,207786,1398596,0.3355182707309723
13884,207786,6177761,0.3355148434638977
13885,207786,6537407,0.33548885583877563
13886,207786,4737087,0.33546674251556396
13887,207786,7622537,0.3354443311691284
13888,207786,1743038,0.3354288339614868
13889,207786,7484140,0.3353639841079712
13890,207786,8269,0.33535489439964294
13891,207786,3972290,0.3353317081928253
13892,207786,7777865,0.33530738949775696
13893,207786,3620340,0.33523911237716675
13894,207786,2616418,0.3352261185646057
13895,207786,493417,0.3351956307888031
13896,207786,5100451,0.3351864516735077
13897,207786,4679230,0.3351639211177826
13898,207786,106271,0.33515939116477966
13899,207786,5365944,0.3349415063858032
13900,207786,688485,0.3349209129810333
13901,207786,6104635,0.33486708998680115
13902,207786,2998721,0.3348361849784851
13903,207786,3103884,0.33481359481811523
13904,207786,4695810,0.3347158432006836
13905,207786,4203440,0.33469414710998535
13906,207786,4322312,0.33446216583251953
13907,207786,6131720,0.33433467149734497
13908,207786,3395163,0.3343324661254883
13909,207786,4468519,0.3342887759208679
13910,207786,1701229,0.3342306911945343
13911,207786,493418,0.33421140909194946
13912,207786,3760259,0.3341823220252991
13913,207786,4577244,0.3341643214225769
13914,207786,2853627,0.33415675163269043
13915,207786,7460754,0.3341485261917114
13916,207786,1029958,0.33412879705429077
13917,207786,4395523,0.3340984582901001
13918,207786,353685,0.3340570628643036
13919,207786,6031625,0.33404672145843506
13920,207786,3945573,0.3340226411819458
13921,207786,1846401,0.33400803804397583
13922,207786,4613064,0.3339766561985016
13923,207786,8203054,0.33394813537597656
13924,207786,3877777,0.3339401185512543
13925,207786,5407117,0.3339327573776245
13926,207786,352302,0.33389338850975037
13927,207786,8553590,0.33388659358024597
13928,207786,197297,0.333798885345459
13929,207786,4998439,0.3337550759315491
13930,207786,4322309,0.33372166752815247
13931,207786,2315975,0.3337172269821167
13932,207786,525551,0.33371275663375854
13933,207786,5540069,0.3337022066116333
13934,207786,2174678,0.3336772918701172
13935,207786,7524086,0.33367645740509033
13936,207786,1935625,0.3336677849292755
13937,207786,318522,0.3335943818092346
13938,207786,4200956,0.333511620759964
13939,207786,2839329,0.3333654999732971
13940,207786,13260,0.33325111865997314
13941,207786,688493,0.3332473337650299
13942,207786,4293164,0.3331899344921112
13943,207786,8795153,0.33314722776412964
13944,207786,64652,0.3330898582935333
13945,207786,6225313,0.33306288719177246
13946,207786,8553746,0.33300790190696716
13947,207786,7746367,0.3329993486404419
13948,207786,6636765,0.33298468589782715
13949,207786,2317804,0.33287158608436584
13950,207786,8448439,0.3328346908092499
13951,207786,3110940,0.3327777683734894
13952,207786,911163,0.3327384889125824
13953,207786,1361408,0.3327382802963257
13954,207786,8124105,0.33270537853240967
13955,207786,1864979,0.33270013332366943
13956,207786,3020506,0.33268484473228455
13957,207786,2763925,0.3326685428619385
13958,207786,3217972,0.33265867829322815
13959,207786,5436931,0.33264458179473877
13960,207786,5231748,0.33262816071510315
13961,207786,2775839,0.332500159740448
13962,207786,179042,0.33249932527542114
13963,207786,1781559,0.33246469497680664
13964,207786,4064545,0.33245986700057983
13965,207786,1661689,0.33244645595550537
13966,207786,5266144,0.33240652084350586
13967,207786,3223286,0.3323855698108673
13968,207786,2625093,0.33237576484680176
13969,207786,1939298,0.3323349356651306
13970,207786,2555972,0.33231839537620544
13971,207786,3648040,0.3322632610797882
13972,207786,8232538,0.33220764994621277
13973,207786,3877776,0.3321981728076935
13974,207786,2839321,0.3321342468261719
13975,207786,3855669,0.3321109712123871
13976,207786,6452139,0.33207884430885315
13977,207786,6665761,0.3320678472518921
13978,207786,2253131,0.3320534825325012
13979,207786,5435303,0.3320274353027344
13980,207786,5365940,0.33197689056396484
13981,207786,6063256,0.33193016052246094
13982,207786,4672265,0.3319053053855896
13983,207786,7162238,0.3318788409233093
13984,207786,3022363,0.3318616449832916
13985,207786,1608155,0.3318604826927185
13986,207786,2846753,0.3318471908569336
13987,207786,6063250,0.3317933678627014
13988,207786,6591980,0.33172607421875
13989,207786,3046531,0.33169829845428467
13990,207786,1432526,0.3316836953163147
13991,207786,8579664,0.33166295289993286
13992,207786,1071641,0.33164477348327637
13993,207786,5344451,0.3316335380077362
13994,207786,1188535,0.3316078186035156
13995,207786,6131724,0.33150264620780945
13996,207786,5848771,0.33147263526916504
13997,207786,3507051,0.33147215843200684
13998,207786,6248016,0.33139604330062866
13999,207786,8316286,0.3313865661621094
14000,264014,4834547,0.8723598718643188
14001,264014,5328095,0.840996503829956
14002,264014,3396076,0.8382476568222046
14003,264014,1804644,0.8362073302268982
14004,264014,6641238,0.8313684463500977
14005,264014,96855,0.8311572074890137
14006,264014,3338827,0.8236897587776184
14007,264014,528372,0.8211333751678467
14008,264014,7323467,0.8082987070083618
14009,264014,3338825,0.806340217590332
14010,264014,96851,0.8028420209884644
14011,264014,684616,0.8022989630699158
14012,264014,5611218,0.8019797801971436
14013,264014,7326934,0.8010774850845337
14014,264014,6105572,0.7894411087036133
14015,264014,5950722,0.78266441822052
14016,264014,6105569,0.7812211513519287
14017,264014,5611219,0.7802720069885254
14018,264014,6555322,0.778760552406311
14019,264014,5950719,0.7760260701179504
14020,264014,5611210,0.7698944807052612
14021,264014,1610707,0.7678850889205933
14022,264014,96857,0.7673028707504272
14023,264014,447992,0.7557940483093262
14024,264014,3577344,0.7557903528213501
14025,264014,2223171,0.7536688446998596
14026,264014,58386,0.751377522945404
14027,264014,2498169,0.7489883899688721
14028,264014,528379,0.7474825382232666
14029,264014,4259227,0.7420018315315247
14030,264014,5611214,0.7404131889343262
14031,264014,4687213,0.7383910417556763
14032,264014,7326936,0.7372327446937561
14033,264014,5950724,0.7363529801368713
14034,264014,5849270,0.7362983226776123
14035,264014,5950726,0.7322508692741394
14036,264014,1610711,0.7310358285903931
14037,264014,5950725,0.7293236255645752
14038,264014,3577345,0.7283461093902588
14039,264014,96858,0.726352334022522
14040,264014,1610710,0.7247352600097656
14041,264014,4790255,0.7218602299690247
14042,264014,2474341,0.7208099365234375
14043,264014,96859,0.7205303907394409
14044,264014,2498165,0.7173901796340942
14045,264014,8801661,0.7148299813270569
14046,264014,5635519,0.7143768668174744
14047,264014,5950721,0.7138388156890869
14048,264014,667686,0.7118263244628906
14049,264014,3666584,0.707465410232544
14050,264014,2474346,0.7050563097000122
14051,264014,3577343,0.7049789428710938
14052,264014,5819142,0.7010889649391174
14053,264014,96854,0.7009042501449585
14054,264014,6791760,0.7002559900283813
14055,264014,6105566,0.6974217891693115
14056,264014,3396075,0.6948673129081726
14057,264014,2420367,0.6946666836738586
14058,264014,96852,0.692394495010376
14059,264014,3577341,0.692156970500946
14060,264014,5950720,0.6913748383522034
14061,264014,6337909,0.6900570392608643
14062,264014,6105567,0.6848112344741821
14063,264014,5950723,0.6796999573707581
14064,264014,5950718,0.6784864664077759
14065,264014,3577347,0.6778882741928101
14066,264014,3338828,0.6767770051956177
14067,264014,3835935,0.6766559481620789
14068,264014,5611212,0.6762427091598511
14069,264014,2689662,0.6749494075775146
14070,264014,3601328,0.6744300127029419
14071,264014,5583426,0.6742258667945862
14072,264014,2572557,0.6736396551132202
14073,264014,1610706,0.6735074520111084
14074,264014,6105571,0.6727700233459473
14075,264014,331931,0.6702390909194946
14076,264014,6334964,0.6698600053787231
14077,264014,7326932,0.6695521473884583
14078,264014,5611216,0.6682152152061462
14079,264014,3338819,0.6681331396102905
14080,264014,3338821,0.6669581532478333
14081,264014,528376,0.6666197776794434
14082,264014,4834544,0.6656808853149414
14083,264014,5583424,0.6648495197296143
14084,264014,2228381,0.6640901565551758
14085,264014,1610712,0.6625531911849976
14086,264014,4834545,0.66106116771698
14087,264014,5849711,0.6584773063659668
14088,264014,1611213,0.6580345630645752
14089,264014,528375,0.6576130390167236
14090,264014,1610714,0.6559647917747498
14091,264014,5635521,0.6557061672210693
14092,264014,58385,0.6542692184448242
14093,264014,6555321,0.6537775993347168
14094,264014,684618,0.6537313461303711
14095,264014,5635522,0.653120756149292
14096,264014,3666583,0.6528860330581665
14097,264014,6791757,0.652163028717041
14098,264014,3841910,0.6474137902259827
14099,264014,5849268,0.6465437412261963
14100,264014,3841908,0.6438816785812378
14101,264014,4239616,0.6430193781852722
14102,264014,331934,0.6424753665924072
14103,264014,3362112,0.6420655250549316
14104,264014,528377,0.6409271359443665
14105,264014,552765,0.6399214267730713
14106,264014,6333839,0.6391667723655701
14107,264014,4834543,0.6390336751937866
14108,264014,5269173,0.638177752494812
14109,264014,8012101,0.6348820328712463
14110,264014,935825,0.6334660649299622
14111,264014,1444286,0.6332542300224304
14112,264014,5672391,0.6327559351921082
14113,264014,6641241,0.6326255798339844
14114,264014,5816473,0.6316332221031189
14115,264014,3577342,0.6312422752380371
14116,264014,4021598,0.6308069229125977
14117,264014,1610709,0.6281275153160095
14118,264014,5611217,0.6278442740440369
14119,264014,684621,0.6263612508773804
14120,264014,5780498,0.6258689165115356
14121,264014,5819145,0.6253881454467773
14122,264014,8801660,0.6249071359634399
14123,264014,5611211,0.6239749193191528
14124,264014,8012103,0.6231073141098022
14125,264014,528373,0.6195833683013916
14126,264014,58387,0.6189834475517273
14127,264014,2438164,0.6174017190933228
14128,264014,96856,0.6167376637458801
14129,264014,331929,0.6163155436515808
14130,264014,2474342,0.6143500804901123
14131,264014,528378,0.6139345169067383
14132,264014,7196300,0.6135734915733337
14133,264014,331932,0.6126303672790527
14134,264014,4664190,0.6120047569274902
14135,264014,4834548,0.6113142967224121
14136,264014,2474340,0.6094086766242981
14137,264014,4710717,0.6087658405303955
14138,264014,4664191,0.6065549254417419
14139,264014,3577338,0.6062405109405518
14140,264014,7323462,0.6005958318710327
14141,264014,6413950,0.5994336605072021
14142,264014,5688730,0.598562479019165
14143,264014,5506564,0.5978056788444519
14144,264014,528380,0.5971037149429321
14145,264014,2438156,0.5963014364242554
14146,264014,5635515,0.5957945585250854
14147,264014,6105568,0.595771312713623
14148,264014,3338822,0.5947802066802979
14149,264014,6501719,0.5897259712219238
14150,264014,2616296,0.5895708203315735
14151,264014,3577340,0.5886657238006592
14152,264014,5849267,0.5876632332801819
14153,264014,5781965,0.5870326161384583
14154,264014,4043723,0.5839544534683228
14155,264014,96853,0.5836377739906311
14156,264014,4647186,0.5833889842033386
14157,264014,8502491,0.582685649394989
14158,264014,6791755,0.5811635255813599
14159,264014,6413951,0.5803523659706116
14160,264014,5688727,0.5799373388290405
14161,264014,1610708,0.5794687271118164
14162,264014,3103647,0.5788841843605042
14163,264014,3338824,0.5786837339401245
14164,264014,2261416,0.5765388607978821
14165,264014,4239612,0.5750728845596313
14166,264014,1163962,0.5749295353889465
14167,264014,5905369,0.5744527578353882
14168,264014,684622,0.5729872584342957
14169,264014,4367667,0.5725029706954956
14170,264014,3338823,0.5707919597625732
14171,264014,6978521,0.5702391862869263
14172,264014,5849710,0.5679349899291992
14173,264014,3372501,0.5678430795669556
14174,264014,7323466,0.5676894187927246
14175,264014,2438159,0.5664398670196533
14176,264014,3841909,0.5664345622062683
14177,264014,331936,0.5658891201019287
14178,264014,3338826,0.565261721611023
14179,264014,3116004,0.5645670890808105
14180,264014,58383,0.5634791851043701
14181,264014,5611213,0.5633466243743896
14182,264014,6555320,0.5631226301193237
14183,264014,5635518,0.5629743337631226
14184,264014,4239610,0.5626914501190186
14185,264014,1610713,0.5618625283241272
14186,264014,3116002,0.5611451864242554
14187,264014,4710715,0.5601736307144165
14188,264014,2498168,0.5581948757171631
14189,264014,4239614,0.5574190616607666
14190,264014,1444280,0.557369589805603
14191,264014,4825863,0.5569471716880798
14192,264014,5635516,0.5533558130264282
14193,264014,7323471,0.5528151392936707
14194,264014,1611221,0.5513830184936523
14195,264014,1444285,0.5506882667541504
14196,264014,5635517,0.5501222610473633
14197,264014,4825862,0.550093948841095
14198,264014,6413947,0.5488271713256836
14199,264014,4611698,0.5470091104507446
14200,264014,5672390,0.5458442568778992
14201,264014,5672389,0.5426900386810303
14202,264014,8760488,0.5413007736206055
14203,264014,5491648,0.5410131216049194
14204,264014,4223924,0.5402108430862427
14205,264014,4239608,0.5400848388671875
14206,264014,5151339,0.5393627882003784
14207,264014,4834546,0.5368322134017944
14208,264014,5819143,0.5365468859672546
14209,264014,3053526,0.5360695123672485
14210,264014,1444281,0.5357152223587036
14211,264014,7323468,0.534622311592102
14212,264014,528381,0.5346111059188843
14213,264014,1702969,0.5340219736099243
14214,264014,4754388,0.5327085852622986
14215,264014,5780490,0.5325667858123779
14216,264014,3389744,0.5323481559753418
14217,264014,5001060,0.5317419767379761
14218,264014,4839039,0.5313764810562134
14219,264014,58384,0.5308303833007812
14220,264014,5724529,0.5286486744880676
14221,264014,4539746,0.5285996794700623
14222,264014,3084049,0.528258204460144
14223,264014,6333841,0.528236448764801
14224,264014,605519,0.5276787281036377
14225,264014,5635523,0.5274645090103149
14226,264014,2810702,0.5256780385971069
14227,264014,684617,0.5233938694000244
14228,264014,4438304,0.5199232697486877
14229,264014,5688721,0.5189350247383118
14230,264014,4710716,0.5181491374969482
14231,264014,825203,0.5168969631195068
14232,264014,5611215,0.5168634653091431
14233,264014,7972271,0.5167526602745056
14234,264014,3451192,0.5157308578491211
14235,264014,5688722,0.5129557251930237
14236,264014,3115998,0.5128668546676636
14237,264014,8399502,0.5127946734428406
14238,264014,1610715,0.5121437907218933
14239,264014,6133027,0.5119622945785522
14240,264014,2223170,0.50982666015625
14241,264014,7809272,0.5096153616905212
14242,264014,7323469,0.5086061954498291
14243,264014,4700039,0.5080324411392212
14244,264014,5424242,0.5075918436050415
14245,264014,4239611,0.5074988603591919
14246,264014,5563085,0.5074981451034546
14247,264014,6978520,0.5069528818130493
14248,264014,3595553,0.5067280530929565
14249,264014,2688532,0.5066208243370056
14250,264014,8531391,0.5064548850059509
14251,264014,684615,0.5060402750968933
14252,264014,5424240,0.5059784650802612
14253,264014,331928,0.5055414438247681
14254,264014,6501723,0.5053831934928894
14255,264014,6333842,0.5052733421325684
14256,264014,2810700,0.5050268769264221
14257,264014,3542833,0.5049191117286682
14258,264014,6598122,0.5048959851264954
14259,264014,3720137,0.504830539226532
14260,264014,4710721,0.5046846270561218
14261,264014,1240269,0.5044119358062744
14262,264014,4021596,0.5042798519134521
14263,264014,1879117,0.503808856010437
14264,264014,7984346,0.5034621953964233
14265,264014,3595550,0.5034087300300598
14266,264014,7984348,0.50229811668396
14267,264014,5520309,0.5014182329177856
14268,264014,5541837,0.5008878111839294
14269,264014,4641915,0.5007052421569824
14270,264014,2089031,0.5002622604370117
14271,264014,1882346,0.500139594078064
14272,264014,318441,0.5000909566879272
14273,264014,528374,0.49952709674835205
14274,264014,6413949,0.4994020462036133
14275,264014,4723104,0.4990560710430145
14276,264014,2438157,0.4977354407310486
14277,264014,2228382,0.4974145293235779
14278,264014,8008359,0.4970666170120239
14279,264014,2779304,0.49680250883102417
14280,264014,5114620,0.49646449089050293
14281,264014,6791754,0.496414452791214
14282,264014,2584000,0.4963354766368866
14283,264014,7826602,0.4962993860244751
14284,264014,7323463,0.4960079789161682
14285,264014,3841911,0.4958172142505646
14286,264014,8010745,0.49578025937080383
14287,264014,5635514,0.49560895562171936
14288,264014,705680,0.49492186307907104
14289,264014,684620,0.4930490553379059
14290,264014,3601334,0.492850661277771
14291,264014,2420365,0.4928237795829773
14292,264014,4332910,0.4927715063095093
14293,264014,5583425,0.49261870980262756
14294,264014,935830,0.49223431944847107
14295,264014,5635520,0.49216553568840027
14296,264014,3418861,0.4919249415397644
14297,264014,4016011,0.4918224811553955
14298,264014,667691,0.4917452335357666
14299,264014,8801656,0.4916587173938751
14300,264014,5328096,0.49153465032577515
14301,264014,8760484,0.49130117893218994
14302,264014,8010738,0.4912335276603699
14303,264014,3601337,0.49111929535865784
14304,264014,5780493,0.49083855748176575
14305,264014,1661653,0.49031662940979004
14306,264014,6678533,0.49008578062057495
14307,264014,276903,0.4897892475128174
14308,264014,1570708,0.48951876163482666
14309,264014,1702971,0.488966166973114
14310,264014,45056,0.48879364132881165
14311,264014,8332127,0.48850327730178833
14312,264014,935822,0.4883090555667877
14313,264014,1428771,0.4881784915924072
14314,264014,4342274,0.48804622888565063
14315,264014,4687211,0.48763447999954224
14316,264014,6978516,0.48743078112602234
14317,264014,6413944,0.48720836639404297
14318,264014,6298070,0.48683929443359375
14319,264014,5409967,0.486167848110199
14320,264014,2206493,0.48542389273643494
14321,264014,6105574,0.48441770672798157
14322,264014,6414343,0.48371994495391846
14323,264014,1444284,0.48364120721817017
14324,264014,5324948,0.48351994156837463
14325,264014,4306488,0.48288094997406006
14326,264014,5114623,0.4822513461112976
14327,264014,5541830,0.4819914698600769
14328,264014,4036352,0.4815049171447754
14329,264014,667692,0.48128393292427063
14330,264014,4239613,0.48124366998672485
14331,264014,5688724,0.48091092705726624
14332,264014,4889229,0.48084089159965515
14333,264014,5781967,0.48012787103652954
14334,264014,759777,0.479922890663147
14335,264014,6216718,0.479798287153244
14336,264014,2548642,0.4796144962310791
14337,264014,5849713,0.47945886850357056
14338,264014,2434587,0.4793138802051544
14339,264014,1240266,0.47899186611175537
14340,264014,7667330,0.47894051671028137
14341,264014,2572553,0.47849801182746887
14342,264014,825204,0.478162556886673
14343,264014,5849714,0.4779635965824127
14344,264014,3590009,0.4777788519859314
14345,264014,1113279,0.4775540828704834
14346,264014,3601330,0.47718387842178345
14347,264014,5699175,0.4770554304122925
14348,264014,6070947,0.477033793926239
14349,264014,1611215,0.4769514203071594
14350,264014,5409966,0.4766976833343506
14351,264014,2261411,0.4766364097595215
14352,264014,4306492,0.4762883186340332
14353,264014,4627484,0.47601956129074097
14354,264014,5781966,0.4758683145046234
14355,264014,2819868,0.47564446926116943
14356,264014,3601331,0.47557809948921204
14357,264014,7196299,0.4753507971763611
14358,264014,6641243,0.47505176067352295
14359,264014,8193533,0.4749770164489746
14360,264014,3030760,0.47450703382492065
14361,264014,1313260,0.47415873408317566
14362,264014,4611694,0.47386932373046875
14363,264014,2884784,0.4735725224018097
14364,264014,3763995,0.47356244921684265
14365,264014,2508581,0.47344398498535156
14366,264014,108550,0.47330665588378906
14367,264014,2927396,0.4728661775588989
14368,264014,5656944,0.47275370359420776
14369,264014,5424238,0.47254854440689087
14370,264014,7276015,0.47246062755584717
14371,264014,7276014,0.4719177484512329
14372,264014,4016017,0.4718858599662781
14373,264014,3201487,0.4714513421058655
14374,264014,5656948,0.4713175594806671
14375,264014,1181078,0.47085821628570557
14376,264014,3590017,0.47038519382476807
14377,264014,5658866,0.4702565670013428
14378,264014,1428776,0.4700726270675659
14379,264014,935831,0.46999233961105347
14380,264014,3201489,0.469937264919281
14381,264014,3595552,0.46974146366119385
14382,264014,7691529,0.4697374105453491
14383,264014,8528622,0.4696981906890869
14384,264014,6978518,0.469657301902771
14385,264014,4239609,0.4695906937122345
14386,264014,1556256,0.46952080726623535
14387,264014,3084047,0.46945470571517944
14388,264014,5954026,0.46925559639930725
14389,264014,7826609,0.4691437780857086
14390,264014,1428777,0.4690682888031006
14391,264014,6370028,0.4685368537902832
14392,264014,8401310,0.46849876642227173
14393,264014,3050793,0.4680987000465393
14394,264014,7894281,0.4679523706436157
14395,264014,7680189,0.4678972661495209
14396,264014,2434579,0.4677359461784363
14397,264014,2819870,0.4675114154815674
14398,264014,1486606,0.46739068627357483
14399,264014,5371877,0.46703827381134033
14400,264014,3764479,0.4669637382030487
14401,264014,1702972,0.4666979908943176
14402,264014,3601329,0.46605145931243896
14403,264014,1313265,0.4659147262573242
14404,264014,3601335,0.4655364751815796
14405,264014,4631284,0.46545517444610596
14406,264014,1772191,0.4651341736316681
14407,264014,7827438,0.46497589349746704
14408,264014,7423591,0.4648057222366333
14409,264014,331937,0.4646480679512024
14410,264014,1611219,0.4645403027534485
14411,264014,1272239,0.46451812982559204
14412,264014,3338820,0.46429240703582764
14413,264014,1848262,0.4640161097049713
14414,264014,3156643,0.46364784240722656
14415,264014,7416216,0.4635728597640991
14416,264014,4033775,0.4635627269744873
14417,264014,3728369,0.46303653717041016
14418,264014,7903875,0.4630131721496582
14419,264014,5849272,0.46282753348350525
14420,264014,5563093,0.46262189745903015
14421,264014,1084733,0.46255943179130554
14422,264014,3752220,0.46241408586502075
14423,264014,7019452,0.4619826376438141
14424,264014,7701729,0.4616255760192871
14425,264014,3844367,0.46157580614089966
14426,264014,5781915,0.46147775650024414
14427,264014,560890,0.4613414704799652
14428,264014,3396077,0.4612676501274109
14429,264014,4641918,0.4609939455986023
14430,264014,8726496,0.4607994258403778
14431,264014,3298141,0.4607962965965271
14432,264014,5672388,0.46072399616241455
14433,264014,1702975,0.46061432361602783
14434,264014,7323465,0.46052610874176025
14435,264014,7276012,0.4603801369667053
14436,264014,8332524,0.4603126645088196
14437,264014,8420183,0.4601624608039856
14438,264014,4790254,0.4598342180252075
14439,264014,4073525,0.4597390294075012
14440,264014,8790121,0.4597100019454956
14441,264014,705682,0.45968371629714966
14442,264014,6337908,0.4593653380870819
14443,264014,6268068,0.459286093711853
14444,264014,237676,0.45917797088623047
14445,264014,4016008,0.4589777886867523
14446,264014,1752754,0.45887839794158936
14447,264014,5905368,0.458814412355423
14448,264014,276900,0.45815983414649963
14449,264014,463117,0.4581303596496582
14450,264014,6974452,0.45795267820358276
14451,264014,1853120,0.4578920006752014
14452,264014,1848260,0.4575576186180115
14453,264014,6218020,0.4575028419494629
14454,264014,667685,0.4574544131755829
14455,264014,5849271,0.4570466876029968
14456,264014,1444282,0.4569493532180786
14457,264014,3844364,0.4565095007419586
14458,264014,8253906,0.4552525281906128
14459,264014,4754384,0.45524510741233826
14460,264014,5855262,0.4548027515411377
14461,264014,5543401,0.45459434390068054
14462,264014,7317297,0.45445337891578674
14463,264014,6501722,0.4543449878692627
14464,264014,5688726,0.4543406367301941
14465,264014,515564,0.4542407989501953
14466,264014,1952981,0.4541915953159332
14467,264014,7276007,0.4535970091819763
14468,264014,6337906,0.4535873830318451
14469,264014,6598119,0.45350754261016846
14470,264014,7853134,0.45337867736816406
14471,264014,6105573,0.45317336916923523
14472,264014,2508574,0.4531506896018982
14473,264014,3050794,0.4531434178352356
14474,264014,6074039,0.45302486419677734
14475,264014,4889233,0.45289257168769836
14476,264014,7701728,0.45288190245628357
14477,264014,2420368,0.4528220593929291
14478,264014,1213369,0.45280325412750244
14479,264014,2498163,0.4526533782482147
14480,264014,5658864,0.4525164067745209
14481,264014,2472889,0.45223045349121094
14482,264014,375285,0.4520360827445984
14483,264014,2118505,0.4515874683856964
14484,264014,3274165,0.45143231749534607
14485,264014,302954,0.4513986110687256
14486,264014,4872855,0.4512561857700348
14487,264014,5835780,0.4509435296058655
14488,264014,2927393,0.45081546902656555
14489,264014,3362699,0.4506317377090454
14490,264014,1848267,0.45051223039627075
14491,264014,6333840,0.4504859149456024
14492,264014,1313266,0.4500771164894104
14493,264014,5199899,0.4499051868915558
14494,264014,8531389,0.44985735416412354
14495,264014,1486607,0.4498172998428345
14496,264014,5050398,0.44975343346595764
14497,264014,2118503,0.4496532082557678
14498,264014,8528621,0.44944190979003906
14499,264014,5524614,0.44925457239151
14500,264014,3923058,0.4490078091621399
14501,264014,6989213,0.448766827583313
14502,264014,375289,0.44856980443000793
14503,264014,5001059,0.448466420173645
14504,264014,515563,0.4484345614910126
14505,264014,7133241,0.4484339952468872
14506,264014,1965237,0.4484173059463501
14507,264014,3658138,0.4483104944229126
14508,264014,1171007,0.4482828974723816
14509,264014,4839033,0.447979211807251
14510,264014,4094294,0.447501003742218
14511,264014,5978346,0.4474010467529297
14512,264014,3084046,0.44733187556266785
14513,264014,276898,0.44727325439453125
14514,264014,6641237,0.4470755457878113
14515,264014,5849275,0.4469594359397888
14516,264014,5637021,0.4465826153755188
14517,264014,5164489,0.44655051827430725
14518,264014,8569710,0.44620051980018616
14519,264014,7278167,0.4461477994918823
14520,264014,5656947,0.44600480794906616
14521,264014,1076418,0.4459110498428345
14522,264014,8010743,0.44557517766952515
14523,264014,3421029,0.4454730153083801
14524,264014,6100717,0.4453953504562378
14525,264014,7653790,0.4451256990432739
14526,264014,6105570,0.44500404596328735
14527,264014,529442,0.44493943452835083
14528,264014,7340419,0.4448988437652588
14529,264014,4762066,0.44483476877212524
14530,264014,5424239,0.44464942812919617
14531,264014,4959450,0.4445037841796875
14532,264014,3764477,0.44434621930122375
14533,264014,5290112,0.44429582357406616
14534,264014,5688728,0.44427937269210815
14535,264014,7984345,0.4440039396286011
14536,264014,6641244,0.44399774074554443
14537,264014,4712354,0.4439442455768585
14538,264014,4942565,0.44393396377563477
14539,264014,5781963,0.44388675689697266
14540,264014,5793188,0.4438098967075348
14541,264014,1171003,0.44378766417503357
14542,264014,7367334,0.443772554397583
14543,264014,5195723,0.44360488653182983
14544,264014,7276010,0.44320833683013916
14545,264014,2991670,0.4429626166820526
14546,264014,3714742,0.442873477935791
14547,264014,5978345,0.4428436756134033
14548,264014,5301645,0.44282227754592896
14549,264014,1916160,0.44271019101142883
14550,264014,606722,0.4421151876449585
14551,264014,437990,0.4418956935405731
14552,264014,3392635,0.4418947100639343
14553,264014,7600288,0.44189032912254333
14554,264014,635674,0.4418070912361145
14555,264014,4566039,0.44180047512054443
14556,264014,436298,0.4415849447250366
14557,264014,1871078,0.4414478540420532
14558,264014,7984352,0.4414476454257965
14559,264014,2688534,0.4413648545742035
14560,264014,1240268,0.44127145409584045
14561,264014,8555145,0.44118350744247437
14562,264014,4226154,0.4411448836326599
14563,264014,6413945,0.4409291446208954
14564,264014,2616292,0.4407503008842468
14565,264014,2472892,0.4407120943069458
14566,264014,2135606,0.4406537413597107
14567,264014,276904,0.4406105875968933
14568,264014,3780879,0.4405507445335388
14569,264014,7276009,0.4405408501625061
14570,264014,6099553,0.44052913784980774
14571,264014,1048076,0.4404415190219879
14572,264014,4631290,0.44029098749160767
14573,264014,4566600,0.4401472806930542
14574,264014,8306160,0.43979713320732117
14575,264014,7276016,0.43973037600517273
14576,264014,6641239,0.43967777490615845
14577,264014,7853130,0.43946903944015503
14578,264014,8434173,0.43928274512290955
14579,264014,6413952,0.4392738938331604
14580,264014,1953596,0.43920961022377014
14581,264014,8310921,0.43899184465408325
14582,264014,2340404,0.43892747163772583
14583,264014,5086308,0.4388419985771179
14584,264014,1923780,0.43863850831985474
14585,264014,5020378,0.4386140704154968
14586,264014,8010741,0.4385957717895508
14587,264014,5634633,0.4385755658149719
14588,264014,3601332,0.4385055899620056
14589,264014,2472895,0.4384183883666992
14590,264014,3869550,0.4383556842803955
14591,264014,8401313,0.4382181763648987
14592,264014,8675318,0.43821701407432556
14593,264014,4226153,0.43779051303863525
14594,264014,759779,0.43773379921913147
14595,264014,5225828,0.4377126693725586
14596,264014,3461823,0.4376870095729828
14597,264014,6414341,0.43762272596359253
14598,264014,4043018,0.437465637922287
14599,264014,5104392,0.43744900822639465
14600,264014,3396079,0.43740737438201904
14601,264014,7600287,0.4373701810836792
14602,264014,8569712,0.437314510345459
14603,264014,2944204,0.43730130791664124
14604,264014,5563084,0.43706589937210083
14605,264014,8370071,0.43688029050827026
14606,264014,6403700,0.43653160333633423
14607,264014,251024,0.436513215303421
14608,264014,2688537,0.43640124797821045
14609,264014,803985,0.436203271150589
14610,264014,2412997,0.43587708473205566
14611,264014,3132792,0.4356139004230499
14612,264014,3109779,0.4354737401008606
14613,264014,1110126,0.4353676736354828
14614,264014,5958220,0.4353135824203491
14615,264014,3467080,0.4351206421852112
14616,264014,4754380,0.4350869059562683
14617,264014,1048080,0.43504834175109863
14618,264014,4631289,0.43503785133361816
14619,264014,5114617,0.43500804901123047
14620,264014,2472897,0.43491947650909424
14621,264014,5063311,0.4347742199897766
14622,264014,2672686,0.4346448481082916
14623,264014,7154536,0.43451789021492004
14624,264014,4763280,0.4343827962875366
14625,264014,6877916,0.4341961741447449
14626,264014,6453316,0.43417876958847046
14627,264014,2767751,0.4341229796409607
14628,264014,8285997,0.4340689182281494
14629,264014,5609095,0.4339609146118164
14630,264014,5742834,0.4338328242301941
14631,264014,7429897,0.4338308572769165
14632,264014,7873102,0.43372803926467896
14633,264014,3362706,0.43368804454803467
14634,264014,5409962,0.43356573581695557
14635,264014,5520313,0.43350303173065186
14636,264014,2592423,0.4332839250564575
14637,264014,1848261,0.4332389235496521
14638,264014,953507,0.4331573247909546
14639,264014,437991,0.4331399202346802
14640,264014,6357663,0.4330947995185852
14641,264014,4043717,0.4329492151737213
14642,264014,3345110,0.43290987610816956
14643,264014,5506562,0.43290796875953674
14644,264014,6117169,0.43286898732185364
14645,264014,8713107,0.4327680766582489
14646,264014,5958223,0.4325675964355469
14647,264014,5958219,0.4324989914894104
14648,264014,5958222,0.43244749307632446
14649,264014,386476,0.43243300914764404
14650,264014,7679721,0.43234968185424805
14651,264014,2472898,0.43226414918899536
14652,264014,4070415,0.43194958567619324
14653,264014,1165322,0.4319075345993042
14654,264014,7340426,0.43179500102996826
14655,264014,5086309,0.43167775869369507
14656,264014,4284281,0.4316020607948303
14657,264014,5863646,0.43155813217163086
14658,264014,8385822,0.4314519464969635
14659,264014,2730646,0.43126362562179565
14660,264014,4993098,0.43119508028030396
14661,264014,4075524,0.43112218379974365
14662,264014,256859,0.43106329441070557
14663,264014,7154535,0.4309772253036499
14664,264014,7013824,0.4307223856449127
14665,264014,7972272,0.4306536316871643
14666,264014,1193358,0.430585116147995
14667,264014,4284285,0.430566668510437
14668,264014,3024836,0.4305289089679718
14669,264014,1249883,0.4305204749107361
14670,264014,5849274,0.4304208755493164
14671,264014,5683918,0.43018195033073425
14672,264014,2438158,0.43008238077163696
14673,264014,7063744,0.4297509789466858
14674,264014,6133025,0.4295479655265808
14675,264014,5181539,0.4295390248298645
14676,264014,5634641,0.4294792115688324
14677,264014,123343,0.4290124773979187
14678,264014,7019455,0.4288007616996765
14679,264014,6639857,0.4287831783294678
14680,264014,1661168,0.42877915501594543
14681,264014,4239615,0.42875510454177856
14682,264014,3103648,0.4287484586238861
14683,264014,8246229,0.42855530977249146
14684,264014,5656945,0.42851316928863525
14685,264014,3257750,0.42846202850341797
14686,264014,5648236,0.4284442663192749
14687,264014,1783950,0.42826366424560547
14688,264014,4063836,0.4282361567020416
14689,264014,6018668,0.4281689524650574
14690,264014,4291840,0.42799779772758484
14691,264014,6134523,0.4279671907424927
14692,264014,5631669,0.4279378056526184
14693,264014,751423,0.4279368817806244
14694,264014,2564106,0.4276401996612549
14695,264014,1772192,0.4270920157432556
14696,264014,8399498,0.4270475506782532
14697,264014,4984598,0.4269966185092926
14698,264014,4615175,0.42680823802948
14699,264014,5519846,0.4267975091934204
14700,264014,6965119,0.4267083704471588
14701,264014,4777058,0.4263991713523865
14702,264014,77950,0.42635396122932434
14703,264014,3238356,0.42626816034317017
14704,264014,2380859,0.4262286126613617
14705,264014,2472894,0.42620518803596497
14706,264014,7013820,0.4260803759098053
14707,264014,4284280,0.4259786009788513
14708,264014,4960620,0.42594844102859497
14709,264014,3673227,0.42589664459228516
14710,264014,6764391,0.4258367717266083
14711,264014,5587285,0.42572057247161865
14712,264014,5413805,0.42566171288490295
14713,264014,2508580,0.4255249500274658
14714,264014,5656946,0.42534515261650085
14715,264014,3276106,0.4252711832523346
14716,264014,6193335,0.4251740872859955
14717,264014,1371016,0.4251428246498108
14718,264014,7691530,0.4248277246952057
14719,264014,8760479,0.4247761368751526
14720,264014,3679018,0.4247395694255829
14721,264014,6243052,0.4247271716594696
14722,264014,5958224,0.4247244596481323
14723,264014,4664189,0.4246446490287781
14724,264014,7428006,0.4246288537979126
14725,264014,6288381,0.4246197044849396
14726,264014,7323470,0.4246024191379547
14727,264014,6414345,0.42458897829055786
14728,264014,6978522,0.424384206533432
14729,264014,2548637,0.42438188195228577
14730,264014,458577,0.4243733584880829
14731,264014,375293,0.4241557717323303
14732,264014,4332908,0.42410099506378174
14733,264014,4018134,0.42397505044937134
14734,264014,7751056,0.4238640367984772
14735,264014,7751055,0.42358118295669556
14736,264014,6062855,0.4234456419944763
14737,264014,8531384,0.42343586683273315
14738,264014,4631285,0.4234343469142914
14739,264014,5672901,0.42333081364631653
14740,264014,6074042,0.4231862723827362
14741,264014,7348043,0.4231654703617096
14742,264014,2007814,0.4231281876564026
14743,264014,1995533,0.42310988903045654
14744,264014,1869649,0.42304837703704834
14745,264014,5270791,0.4230019450187683
14746,264014,3683671,0.42282000184059143
14747,264014,6099551,0.4227561056613922
14748,264014,451286,0.4226982593536377
14749,264014,1100478,0.4226721227169037
14750,264014,5946220,0.42247501015663147
14751,264014,2819864,0.42238306999206543
14752,264014,5634634,0.42238008975982666
14753,264014,4615170,0.42236441373825073
14754,264014,11560,0.4222967028617859
14755,264014,2498167,0.4222922921180725
14756,264014,1871071,0.4221935272216797
14757,264014,6133550,0.4221927523612976
14758,264014,5706989,0.4220961332321167
14759,264014,529440,0.4220225214958191
14760,264014,4860634,0.42201945185661316
14761,264014,3601173,0.4220182001590729
14762,264014,6218025,0.4220064580440521
14763,264014,4943879,0.42193102836608887
14764,264014,3132793,0.42178875207901
14765,264014,3238354,0.4217260181903839
14766,264014,8446583,0.42159032821655273
14767,264014,4757080,0.42147982120513916
14768,264014,2659745,0.4213889241218567
14769,264014,2845607,0.4213182330131531
14770,264014,4454866,0.4212908148765564
14771,264014,1402743,0.4211709797382355
14772,264014,6886132,0.4211326241493225
14773,264014,4454865,0.4211137592792511
14774,264014,4687215,0.4211130142211914
14775,264014,8449000,0.4210819900035858
14776,264014,3499029,0.4210502803325653
14777,264014,7728837,0.4210299849510193
14778,264014,87371,0.4209035634994507
14779,264014,6245096,0.42089372873306274
14780,264014,5185613,0.4206674098968506
14781,264014,2697044,0.42065998911857605
14782,264014,4021600,0.42064613103866577
14783,264014,5795079,0.42060884833335876
14784,264014,2645229,0.4205722510814667
14785,264014,825208,0.42054542899131775
14786,264014,4073526,0.42049187421798706
14787,264014,7591895,0.4202881455421448
14788,264014,5819144,0.420215904712677
14789,264014,4754379,0.4201667606830597
14790,264014,6167082,0.42005228996276855
14791,264014,5371879,0.4200192093849182
14792,264014,1994876,0.41985392570495605
14793,264014,1119655,0.4197922348976135
14794,264014,3396074,0.4197656512260437
14795,264014,7809279,0.41974741220474243
14796,264014,6198287,0.41958069801330566
14797,264014,1048079,0.4195120632648468
14798,264014,3522148,0.41947370767593384
14799,264014,5768451,0.4194353222846985
14800,264014,5015874,0.4193457365036011
14801,264014,4226159,0.41927385330200195
14802,264014,5598693,0.41924941539764404
14803,264014,5001061,0.4192342758178711
14804,264014,1444279,0.41915732622146606
14805,264014,5437536,0.4190484583377838
14806,264014,6414513,0.41892457008361816
14807,264014,1611220,0.41867437958717346
14808,264014,3764482,0.4186583161354065
14809,264014,897009,0.41855865716934204
14810,264014,1420228,0.41828641295433044
14811,264014,8449006,0.4182594120502472
14812,264014,1853113,0.41824954748153687
14813,264014,310164,0.418051540851593
14814,264014,4594636,0.4180353283882141
14815,264014,4905324,0.4179620146751404
14816,264014,5835778,0.41783255338668823
14817,264014,6425110,0.41770923137664795
14818,264014,417910,0.4176342189311981
14819,264014,7991732,0.4174337387084961
14820,264014,3238353,0.41737496852874756
14821,264014,8332126,0.41729968786239624
14822,264014,2420363,0.4172683358192444
14823,264014,4239617,0.4172219932079315
14824,264014,8434176,0.417202889919281
14825,264014,344177,0.41718557476997375
14826,264014,267021,0.41716811060905457
14827,264014,7727611,0.41713711619377136
14828,264014,6936932,0.4170549511909485
14829,264014,61085,0.4170127511024475
14830,264014,5719682,0.41696780920028687
14831,264014,5958217,0.4169538617134094
14832,264014,2498166,0.4169166386127472
14833,264014,7906002,0.4168737530708313
14834,264014,4594635,0.4168004095554352
14835,264014,1181079,0.4166770875453949
14836,264014,7826608,0.41667434573173523
14837,264014,4993096,0.4166075587272644
14838,264014,7169922,0.4163817763328552
14839,264014,8528617,0.4162996709346771
14840,264014,4094300,0.41602838039398193
14841,264014,320974,0.41601890325546265
14842,264014,1313262,0.415805846452713
14843,264014,4615176,0.4157247543334961
14844,264014,825202,0.41561031341552734
14845,264014,7713989,0.41550642251968384
14846,264014,7067166,0.41544267535209656
14847,264014,8332124,0.41537582874298096
14848,264014,7238170,0.4153462052345276
14849,264014,130449,0.4152997136116028
14850,264014,2412733,0.41528773307800293
14851,264014,5905372,0.4150528609752655
14852,264014,3930657,0.4150107502937317
14853,264014,320973,0.4149988293647766
14854,264014,3103643,0.4148346185684204
14855,264014,7675148,0.4146527349948883
14856,264014,7601776,0.41442200541496277
14857,264014,6334966,0.4143275022506714
14858,264014,7826606,0.41432449221611023
14859,264014,7894280,0.4141043424606323
14860,264014,1804223,0.4140804409980774
14861,264014,2991665,0.41400155425071716
14862,264014,3601176,0.41384774446487427
14863,264014,2844469,0.4138261079788208
14864,264014,4790250,0.41369062662124634
14865,264014,613822,0.41362643241882324
14866,264014,2641290,0.4136253893375397
14867,264014,7826610,0.41362494230270386
14868,264014,2727751,0.41344499588012695
14869,264014,7991730,0.41344040632247925
14870,264014,4134250,0.41341066360473633
14871,264014,780271,0.4133847951889038
14872,264014,287963,0.4132283926010132
14873,264014,2413874,0.4132172465324402
14874,264014,3218099,0.4131894111633301
14875,264014,5354761,0.41317814588546753
14876,264014,320976,0.4130333662033081
14877,264014,1715861,0.41273170709609985
14878,264014,1434121,0.41248077154159546
14879,264014,6971159,0.4124344289302826
14880,264014,2420362,0.4123571217060089
14881,264014,4598332,0.4122164249420166
14882,264014,1084732,0.4121301770210266
14883,264014,323600,0.4120809733867645
14884,264014,5409959,0.4119417369365692
14885,264014,4710718,0.41193151473999023
14886,264014,7196297,0.4118373990058899
14887,264014,302957,0.41179159283638
14888,264014,8272728,0.4117893874645233
14889,264014,2420359,0.41163370013237
14890,264014,4631288,0.4116314649581909
14891,264014,7479686,0.41153818368911743
14892,264014,4611696,0.41149163246154785
14893,264014,5170772,0.4114890992641449
14894,264014,6357654,0.41147303581237793
14895,264014,6413953,0.4114169478416443
14896,264014,3670902,0.41128915548324585
14897,264014,2428172,0.41127192974090576
14898,264014,935827,0.4112495183944702
14899,264014,1513537,0.41107112169265747
14900,264014,8528618,0.4110074043273926
14901,264014,1949017,0.4109959602355957
14902,264014,6245095,0.4109935760498047
14903,264014,4722173,0.4109269678592682
14904,264014,5648239,0.41086483001708984
14905,264014,5546999,0.4108567237854004
14906,264014,5400028,0.41075533628463745
14907,264014,5612472,0.4107091426849365
14908,264014,639776,0.41070276498794556
14909,264014,2118501,0.4105481505393982
14910,264014,2412999,0.4105169475078583
14911,264014,2767747,0.4105077385902405
14912,264014,6678537,0.41049110889434814
14913,264014,6333847,0.4104686379432678
14914,264014,5944924,0.4103153944015503
14915,264014,340489,0.4102662205696106
14916,264014,3191634,0.41023993492126465
14917,264014,2730645,0.4102102816104889
14918,264014,7566876,0.41000327467918396
14919,264014,6164481,0.4097684621810913
14920,264014,6971154,0.409710168838501
14921,264014,6366790,0.40967121720314026
14922,264014,6577496,0.4096549451351166
14923,264014,4125990,0.40965092182159424
14924,264014,4547667,0.4095897078514099
14925,264014,8332122,0.4095790386199951
14926,264014,8097337,0.40953731536865234
14927,264014,45059,0.40946120023727417
14928,264014,338196,0.409249871969223
14929,264014,2261409,0.4092426002025604
14930,264014,5634637,0.4092101454734802
14931,264014,8012105,0.4090641140937805
14932,264014,825209,0.4090436100959778
14933,264014,5993206,0.40893128514289856
14934,264014,4641916,0.4089258313179016
14935,264014,2277268,0.4088512063026428
14936,264014,5699173,0.40874290466308594
14937,264014,5207204,0.40872544050216675
14938,264014,3525790,0.40866538882255554
14939,264014,7566878,0.40864819288253784
14940,264014,8503152,0.40862327814102173
14941,264014,7013818,0.408544659614563
14942,264014,6338750,0.4084911644458771
14943,264014,6122988,0.4084848165512085
14944,264014,329384,0.4084799289703369
14945,264014,5605256,0.4084364175796509
14946,264014,8321680,0.40839123725891113
14947,264014,6133547,0.40826040506362915
14948,264014,276902,0.4082142114639282
14949,264014,1187212,0.4081420302391052
14950,264014,5954027,0.4078983664512634
14951,264014,2666256,0.4078925848007202
14952,264014,7019454,0.4078064560890198
14953,264014,3683674,0.40777766704559326
14954,264014,6337903,0.4077601432800293
14955,264014,1434114,0.40772730112075806
14956,264014,5944926,0.407720148563385
14957,264014,3451189,0.4075256288051605
14958,264014,677156,0.4074835181236267
14959,264014,4259225,0.4073144793510437
14960,264014,1848264,0.40727514028549194
14961,264014,2884782,0.40725019574165344
14962,264014,3601172,0.40721917152404785
14963,264014,547104,0.4071986973285675
14964,264014,5563089,0.4071716070175171
14965,264014,8010744,0.4071711301803589
14966,264014,1434115,0.40695101022720337
14967,264014,2412994,0.40686464309692383
14968,264014,6122987,0.4068271517753601
14969,264014,5768456,0.4068230390548706
14970,264014,7586313,0.40679311752319336
14971,264014,504052,0.40678077936172485
14972,264014,4096764,0.40669235587120056
14973,264014,3008598,0.4065110683441162
14974,264014,6594347,0.40650224685668945
14975,264014,2819869,0.4064440131187439
14976,264014,7013825,0.4064066410064697
14977,264014,68864,0.406327486038208
14978,264014,2481411,0.4062730073928833
14979,264014,2645231,0.406246155500412
14980,264014,7847092,0.40622109174728394
14981,264014,6749343,0.40608686208724976
14982,264014,6571168,0.40607863664627075
14983,264014,5958225,0.4060644209384918
14984,264014,5896176,0.4059998691082001
14985,264014,3218104,0.4057725667953491
14986,264014,7623548,0.4057700037956238
14987,264014,5883615,0.4057350158691406
14988,264014,6264361,0.4057246744632721
14989,264014,7013822,0.40566742420196533
14990,264014,2925955,0.40564462542533875
14991,264014,705679,0.4055821895599365
14992,264014,1869648,0.40543699264526367
14993,264014,5363282,0.40539053082466125
14994,264014,8193531,0.40534940361976624
14995,264014,5520314,0.40529322624206543
14996,264014,5030808,0.4052619934082031
14997,264014,5835774,0.40526193380355835
14998,264014,4073523,0.40519219636917114
14999,264014,7826604,0.4051833152770996
15000,359349,3223833,0.763689398765564
15001,359349,2826510,0.7586033344268799
15002,359349,576628,0.7279307246208191
15003,359349,68649,0.7021650075912476
15004,359349,576629,0.6960715055465698
15005,359349,68648,0.6939103603363037
15006,359349,68647,0.686424970626831
15007,359349,943229,0.6854009628295898
15008,359349,68653,0.6797208786010742
15009,359349,3176541,0.6604666709899902
15010,359349,4013723,0.6515932679176331
15011,359349,6108721,0.6384138464927673
15012,359349,3193824,0.6290445923805237
15013,359349,5615181,0.6277253031730652
15014,359349,3900185,0.6229634284973145
15015,359349,15802,0.6152200102806091
15016,359349,5773719,0.6152200102806091
15017,359349,3176542,0.6145727634429932
15018,359349,15808,0.6119192838668823
15019,359349,15803,0.6107324361801147
15020,359349,15804,0.6097753047943115
15021,359349,15801,0.6065772175788879
15022,359349,6113313,0.6065050363540649
15023,359349,5773717,0.6046974658966064
15024,359349,3223831,0.6019231081008911
15025,359349,8058867,0.5994740724563599
15026,359349,457673,0.5963829159736633
15027,359349,5773718,0.5961300134658813
15028,359349,576627,0.5917654037475586
15029,359349,5219976,0.5901235938072205
15030,359349,15800,0.5823245048522949
15031,359349,5773714,0.5819399356842041
15032,359349,15799,0.5819399356842041
15033,359349,5773716,0.5809215307235718
15034,359349,6113314,0.5776285529136658
15035,359349,1830516,0.5771093964576721
15036,359349,1394087,0.5724661350250244
15037,359349,2293820,0.5709090828895569
15038,359349,15807,0.5696985125541687
15039,359349,5773715,0.5688607096672058
15040,359349,1622452,0.5621426701545715
15041,359349,15806,0.5615370273590088
15042,359349,7579883,0.5523931980133057
15043,359349,1830517,0.5511147975921631
15044,359349,1830512,0.550072193145752
15045,359349,5615187,0.543178915977478
15046,359349,1622455,0.5422030091285706
15047,359349,3215625,0.541702926158905
15048,359349,7062671,0.5416673421859741
15049,359349,4624153,0.5405239462852478
15050,359349,6213658,0.5403642654418945
15051,359349,15805,0.5401793718338013
15052,359349,5806110,0.5391784906387329
15053,359349,5219970,0.5377368927001953
15054,359349,2826513,0.5367783308029175
15055,359349,8058868,0.5358619093894958
15056,359349,4474872,0.5284790992736816
15057,359349,1622457,0.5243574380874634
15058,359349,4344101,0.5237616300582886
15059,359349,5155586,0.5233029127120972
15060,359349,4087265,0.5221896171569824
15061,359349,4474866,0.5197153687477112
15062,359349,5219971,0.5186127424240112
15063,359349,5773713,0.516762375831604
15064,359349,4020471,0.5088881850242615
15065,359349,8058873,0.5066766142845154
15066,359349,6440028,0.5055232644081116
15067,359349,3176548,0.5049657821655273
15068,359349,4020477,0.5001011490821838
15069,359349,6440030,0.49988487362861633
15070,359349,576635,0.49791038036346436
15071,359349,4344093,0.49558842182159424
15072,359349,4463568,0.49506980180740356
15073,359349,5219977,0.49285608530044556
15074,359349,1622451,0.49096453189849854
15075,359349,4344100,0.4903261661529541
15076,359349,6226414,0.4901890456676483
15077,359349,576632,0.49003976583480835
15078,359349,6873860,0.4883730411529541
15079,359349,8103462,0.4880438446998596
15080,359349,2826512,0.48706570267677307
15081,359349,2229869,0.48679590225219727
15082,359349,5806106,0.4848662316799164
15083,359349,4344098,0.48405516147613525
15084,359349,2964474,0.48330438137054443
15085,359349,6113316,0.48310035467147827
15086,359349,2293818,0.4830128252506256
15087,359349,7544501,0.48293155431747437
15088,359349,1617442,0.4824680685997009
15089,359349,4087260,0.482312947511673
15090,359349,1935183,0.48058319091796875
15091,359349,2259905,0.4799152612686157
15092,359349,4020470,0.4792338013648987
15093,359349,7857634,0.47871720790863037
15094,359349,2444689,0.4784407913684845
15095,359349,8125299,0.4763556718826294
15096,359349,8547674,0.4762434661388397
15097,359349,576630,0.47496092319488525
15098,359349,5219973,0.47348853945732117
15099,359349,8547667,0.472502201795578
15100,359349,7857636,0.472177654504776
15101,359349,2229871,0.47121918201446533
15102,359349,5345720,0.47116971015930176
15103,359349,2259896,0.47092384099960327
15104,359349,1394091,0.4708768129348755
15105,359349,3187960,0.47060608863830566
15106,359349,3176540,0.4699288606643677
15107,359349,2849694,0.46984148025512695
15108,359349,1394084,0.4676976203918457
15109,359349,2259899,0.4676399230957031
15110,359349,943230,0.46761202812194824
15111,359349,4551556,0.466484397649765
15112,359349,2849692,0.4663403034210205
15113,359349,2259900,0.4661223888397217
15114,359349,8811555,0.46575331687927246
15115,359349,4551557,0.46500346064567566
15116,359349,4020475,0.4641467034816742
15117,359349,4344099,0.46412569284439087
15118,359349,943235,0.46397385001182556
15119,359349,8588959,0.46386948227882385
15120,359349,4738155,0.46271181106567383
15121,359349,7857632,0.4623568058013916
15122,359349,2229873,0.4623357057571411
15123,359349,4013721,0.4615105390548706
15124,359349,4881617,0.4611527919769287
15125,359349,3176539,0.45943960547447205
15126,359349,4551559,0.4576733410358429
15127,359349,4857265,0.45494234561920166
15128,359349,4013719,0.4548187553882599
15129,359349,68656,0.45467638969421387
15130,359349,4551562,0.4544244408607483
15131,359349,7216147,0.4542196989059448
15132,359349,6412425,0.45407360792160034
15133,359349,1394085,0.45380842685699463
15134,359349,6113310,0.45279961824417114
15135,359349,6113309,0.45249852538108826
15136,359349,6549384,0.45114487409591675
15137,359349,5414623,0.450859010219574
15138,359349,4344092,0.4503309428691864
15139,359349,709712,0.44986748695373535
15140,359349,3739666,0.4488407373428345
15141,359349,8167111,0.4486991763114929
15142,359349,6113312,0.44848698377609253
15143,359349,6731809,0.4478745460510254
15144,359349,8058874,0.4475114345550537
15145,359349,4020472,0.4474028944969177
15146,359349,7906793,0.4472731649875641
15147,359349,8547671,0.44544848799705505
15148,359349,4344097,0.4449326992034912
15149,359349,1394088,0.4448949694633484
15150,359349,4624146,0.4448697566986084
15151,359349,4020479,0.44461944699287415
15152,359349,6226412,0.4440407156944275
15153,359349,1935180,0.4424114227294922
15154,359349,6108722,0.4423191547393799
15155,359349,7857635,0.4420343041419983
15156,359349,5615180,0.441688597202301
15157,359349,2434861,0.4408382177352905
15158,359349,1844279,0.4396628737449646
15159,359349,7062669,0.4394446313381195
15160,359349,5806112,0.4380674958229065
15161,359349,5151802,0.4366641044616699
15162,359349,1830515,0.43596625328063965
15163,359349,5219972,0.4358941912651062
15164,359349,385890,0.43503883481025696
15165,359349,4013718,0.4346961975097656
15166,359349,3739664,0.4341176748275757
15167,359349,8748954,0.43386006355285645
15168,359349,2293821,0.43351030349731445
15169,359349,6834174,0.43340373039245605
15170,359349,4474865,0.4330999255180359
15171,359349,4463572,0.4328264892101288
15172,359349,8058875,0.4321882724761963
15173,359349,5806105,0.43176761269569397
15174,359349,1394089,0.43030548095703125
15175,359349,6834178,0.43021440505981445
15176,359349,8718352,0.42899465560913086
15177,359349,2490390,0.4288517236709595
15178,359349,6834175,0.4287278354167938
15179,359349,6440029,0.428688645362854
15180,359349,3215627,0.4284374713897705
15181,359349,3900183,0.4277084469795227
15182,359349,3893091,0.4274024963378906
15183,359349,1979828,0.42735522985458374
15184,359349,6986277,0.42719507217407227
15185,359349,2229870,0.4270108938217163
15186,359349,68650,0.42621278762817383
15187,359349,6113311,0.4261423945426941
15188,359349,6113317,0.424622118473053
15189,359349,3900186,0.4236103892326355
15190,359349,8167114,0.4228106141090393
15191,359349,7857630,0.4223950207233429
15192,359349,3900184,0.42229413986206055
15193,359349,8016166,0.422221839427948
15194,359349,4710251,0.4217066764831543
15195,359349,5674788,0.42063283920288086
15196,359349,8598788,0.42058128118515015
15197,359349,2259901,0.4197171926498413
15198,359349,2080775,0.4195480942726135
15199,359349,6834177,0.4194246530532837
15200,359349,4020478,0.4193999171257019
15201,359349,8091563,0.4192729592323303
15202,359349,3828059,0.41916388273239136
15203,359349,8093858,0.41881710290908813
15204,359349,4020476,0.418498694896698
15205,359349,4551561,0.4171609878540039
15206,359349,8811558,0.4170299172401428
15207,359349,4551555,0.41659054160118103
15208,359349,2648213,0.4165741205215454
15209,359349,8167113,0.4162983298301697
15210,359349,7269092,0.4155339002609253
15211,359349,2259902,0.4153302311897278
15212,359349,1830514,0.41484203934669495
15213,359349,4710250,0.4147316515445709
15214,359349,2650521,0.4146379232406616
15215,359349,2329314,0.41462504863739014
15216,359349,5613485,0.4141963720321655
15217,359349,7264455,0.4141944348812103
15218,359349,8016168,0.41399288177490234
15219,359349,68654,0.41332316398620605
15220,359349,1394086,0.41303080320358276
15221,359349,607033,0.41292354464530945
15222,359349,1979833,0.4118569493293762
15223,359349,1830509,0.4113973379135132
15224,359349,5414624,0.4108841121196747
15225,359349,570191,0.40955090522766113
15226,359349,68651,0.40903133153915405
15227,359349,3828056,0.40894758701324463
15228,359349,8398217,0.40892088413238525
15229,359349,3215623,0.4084518551826477
15230,359349,3126806,0.4079611599445343
15231,359349,8058870,0.4078753590583801
15232,359349,1622458,0.40769195556640625
15233,359349,2964479,0.40702417492866516
15234,359349,3893098,0.40689438581466675
15235,359349,1394092,0.4060634672641754
15236,359349,4020473,0.40563637018203735
15237,359349,6085401,0.4052303433418274
15238,359349,1985151,0.40494439005851746
15239,359349,7904813,0.4048914313316345
15240,359349,5248756,0.4047214984893799
15241,359349,7857631,0.4042053818702698
15242,359349,3126802,0.4033074676990509
15243,359349,8307197,0.40264683961868286
15244,359349,7544503,0.402577668428421
15245,359349,7269089,0.40250009298324585
15246,359349,6873865,0.402082622051239
15247,359349,5615183,0.40180373191833496
15248,359349,3223832,0.4012560546398163
15249,359349,68655,0.40117377042770386
15250,359349,3176546,0.40109434723854065
15251,359349,6306486,0.4000794291496277
15252,359349,2329310,0.40006425976753235
15253,359349,4087264,0.39950042963027954
15254,359349,2950568,0.3994579315185547
15255,359349,4344094,0.3992164134979248
15256,359349,8826986,0.39789432287216187
15257,359349,1749049,0.39788302779197693
15258,359349,3215620,0.3978666663169861
15259,359349,7544505,0.3974658250808716
15260,359349,3215619,0.3973731994628906
15261,359349,6834180,0.3973509967327118
15262,359349,4020885,0.397082656621933
15263,359349,5806113,0.39654117822647095
15264,359349,1874958,0.39632344245910645
15265,359349,8716490,0.39619237184524536
15266,359349,978404,0.39581629633903503
15267,359349,8398218,0.39577716588974
15268,359349,3215626,0.3957436680793762
15269,359349,4235209,0.39571240544319153
15270,359349,5322530,0.3956978917121887
15271,359349,2062941,0.39551448822021484
15272,359349,607026,0.3954921066761017
15273,359349,3999259,0.3953879773616791
15274,359349,479104,0.39479541778564453
15275,359349,6261831,0.39468032121658325
15276,359349,8398223,0.3944976329803467
15277,359349,4474867,0.39365100860595703
15278,359349,5603621,0.3934239149093628
15279,359349,576633,0.39314812421798706
15280,359349,4013725,0.3929860293865204
15281,359349,5409339,0.39256277680397034
15282,359349,3215621,0.3925439119338989
15283,359349,4463565,0.392543762922287
15284,359349,6525834,0.39231276512145996
15285,359349,4013720,0.3915645182132721
15286,359349,6779500,0.39131128787994385
15287,359349,4087261,0.3906387686729431
15288,359349,3215622,0.390180766582489
15289,359349,4420051,0.38999074697494507
15290,359349,1394090,0.38995176553726196
15291,359349,607027,0.38993600010871887
15292,359349,2172252,0.38986730575561523
15293,359349,2444688,0.3896527886390686
15294,359349,8058871,0.3894365429878235
15295,359349,6108723,0.3894306421279907
15296,359349,8811552,0.3893478512763977
15297,359349,4087266,0.3893393278121948
15298,359349,3642671,0.38895854353904724
15299,359349,5806109,0.38812994956970215
15300,359349,8717331,0.3880416750907898
15301,359349,8598786,0.38764744997024536
15302,359349,2259904,0.38755154609680176
15303,359349,1979832,0.38740378618240356
15304,359349,7329397,0.3870983123779297
15305,359349,1838225,0.3869251012802124
15306,359349,4474870,0.3869144916534424
15307,359349,6031052,0.38649362325668335
15308,359349,8141172,0.3864784836769104
15309,359349,5297241,0.3864615559577942
15310,359349,5124823,0.38644111156463623
15311,359349,5513546,0.38641420006752014
15312,359349,5219974,0.38640642166137695
15313,359349,5218247,0.3860313296318054
15314,359349,5041130,0.38602134585380554
15315,359349,4551560,0.38523465394973755
15316,359349,8795724,0.3847551941871643
15317,359349,493158,0.38467299938201904
15318,359349,7327084,0.3846563696861267
15319,359349,3645755,0.3845170736312866
15320,359349,5805666,0.38384586572647095
15321,359349,2365725,0.38371598720550537
15322,359349,6078869,0.3833041191101074
15323,359349,7232315,0.38324594497680664
15324,359349,3176544,0.383159339427948
15325,359349,2631741,0.38280633091926575
15326,359349,6509937,0.38250723481178284
15327,359349,4927665,0.38239586353302
15328,359349,2826509,0.38195890188217163
15329,359349,1838223,0.3819345235824585
15330,359349,4013726,0.3819260597229004
15331,359349,6884290,0.38165685534477234
15332,359349,6479469,0.3811509609222412
15333,359349,8016164,0.38083210587501526
15334,359349,6509192,0.3807641565799713
15335,359349,5322532,0.3804433047771454
15336,359349,5806111,0.3803178071975708
15337,359349,5595950,0.3803008496761322
15338,359349,2451468,0.3799135088920593
15339,359349,7062670,0.37977445125579834
15340,359349,6509940,0.37974515557289124
15341,359349,8547672,0.3797444999217987
15342,359349,1874952,0.37968242168426514
15343,359349,1310124,0.37913623452186584
15344,359349,1624483,0.37871038913726807
15345,359349,2373954,0.378493070602417
15346,359349,3415097,0.37841540575027466
15347,359349,2444686,0.37799739837646484
15348,359349,2444694,0.3779171109199524
15349,359349,5806107,0.37789490818977356
15350,359349,7021350,0.3778650760650635
15351,359349,2826511,0.3775145411491394
15352,359349,943237,0.3774857223033905
15353,359349,2293822,0.37748095393180847
15354,359349,98603,0.37724781036376953
15355,359349,8598789,0.3770231008529663
15356,359349,6777381,0.3768479824066162
15357,359349,4911828,0.37676727771759033
15358,359349,6031053,0.3765847086906433
15359,359349,2914374,0.3761652112007141
15360,359349,2000914,0.37611573934555054
15361,359349,661501,0.3761131167411804
15362,359349,5101482,0.3760945796966553
15363,359349,2001345,0.3758542537689209
15364,359349,3973569,0.37582945823669434
15365,359349,4033361,0.37568867206573486
15366,359349,1527615,0.3756313920021057
15367,359349,6409937,0.37558114528656006
15368,359349,7269086,0.37550193071365356
15369,359349,661507,0.37539738416671753
15370,359349,5982837,0.37538784742355347
15371,359349,3893097,0.37532442808151245
15372,359349,2826507,0.3752937912940979
15373,359349,5021038,0.37523818016052246
15374,359349,8398222,0.37502652406692505
15375,359349,8841398,0.3747257590293884
15376,359349,3963991,0.3746746778488159
15377,359349,3739669,0.3745688199996948
15378,359349,2501338,0.3744302988052368
15379,359349,7857629,0.3743128776550293
15380,359349,5276550,0.3742925524711609
15381,359349,2069296,0.37403249740600586
15382,359349,5615184,0.37403130531311035
15383,359349,3176543,0.3736293315887451
15384,359349,4463573,0.37356215715408325
15385,359349,4154464,0.37336641550064087
15386,359349,5414625,0.37334898114204407
15387,359349,4145723,0.37316441535949707
15388,359349,3900187,0.3728896975517273
15389,359349,8154625,0.37278422713279724
15390,359349,1489101,0.3725726902484894
15391,359349,3645754,0.3724741041660309
15392,359349,5513548,0.37244468927383423
15393,359349,4045437,0.37220293283462524
15394,359349,1871097,0.37205615639686584
15395,359349,8167110,0.37199363112449646
15396,359349,6042353,0.3719935715198517
15397,359349,1392298,0.37194937467575073
15398,359349,3645761,0.3719322681427002
15399,359349,4013722,0.3718763291835785
15400,359349,8016165,0.37175899744033813
15401,359349,8766655,0.37171438336372375
15402,359349,2365723,0.3715420961380005
15403,359349,5572552,0.37124621868133545
15404,359349,1002918,0.37113016843795776
15405,359349,607028,0.37093058228492737
15406,359349,5322527,0.370667427778244
15407,359349,2027082,0.3697977662086487
15408,359349,166055,0.36936548352241516
15409,359349,7098540,0.3692551255226135
15410,359349,4927663,0.36858153343200684
15411,359349,6786717,0.36839759349823
15412,359349,891129,0.3683028817176819
15413,359349,2814382,0.3681860566139221
15414,359349,2981429,0.36805272102355957
15415,359349,1979829,0.36783987283706665
15416,359349,4648868,0.36781686544418335
15417,359349,5814141,0.36778491735458374
15418,359349,6292750,0.3677520751953125
15419,359349,6545278,0.3675416111946106
15420,359349,1979830,0.36696624755859375
15421,359349,826863,0.3668470084667206
15422,359349,4052246,0.3667731285095215
15423,359349,7266300,0.3665430545806885
15424,359349,7277971,0.36654022336006165
15425,359349,3193825,0.36637088656425476
15426,359349,6300062,0.3661319613456726
15427,359349,5539447,0.3661259412765503
15428,359349,7269087,0.36605867743492126
15429,359349,6031051,0.3659857511520386
15430,359349,3912407,0.3659506142139435
15431,359349,2983712,0.3657807409763336
15432,359349,4551558,0.3657032251358032
15433,359349,1874954,0.36570248007774353
15434,359349,3018049,0.3655204176902771
15435,359349,5482657,0.3654336929321289
15436,359349,3231700,0.3653702735900879
15437,359349,8735446,0.36501508951187134
15438,359349,1979834,0.36468520760536194
15439,359349,6731812,0.3646547794342041
15440,359349,3582100,0.36463719606399536
15441,359349,1500255,0.36422914266586304
15442,359349,8584521,0.36417120695114136
15443,359349,330645,0.36413878202438354
15444,359349,3176545,0.3640998303890228
15445,359349,2329315,0.3640947937965393
15446,359349,2161833,0.36378124356269836
15447,359349,2329316,0.3636660873889923
15448,359349,358499,0.3630433976650238
15449,359349,261435,0.3630346357822418
15450,359349,8014836,0.36283037066459656
15451,359349,8598794,0.36260056495666504
15452,359349,6190693,0.36236122250556946
15453,359349,6834176,0.3621975779533386
15454,359349,5189944,0.3620421886444092
15455,359349,7579885,0.36200931668281555
15456,359349,7691606,0.36192449927330017
15457,359349,2472183,0.3617631196975708
15458,359349,3642677,0.36172813177108765
15459,359349,2032422,0.36145418882369995
15460,359349,7857633,0.3613760471343994
15461,359349,4789294,0.3612949252128601
15462,359349,8736745,0.36129188537597656
15463,359349,6981739,0.36114874482154846
15464,359349,462523,0.36111125349998474
15465,359349,4231523,0.361011803150177
15466,359349,5021035,0.36086127161979675
15467,359349,5219969,0.3606904149055481
15468,359349,3389574,0.3605983555316925
15469,359349,845285,0.36057016253471375
15470,359349,996129,0.360546350479126
15471,359349,3130486,0.36049970984458923
15472,359349,4263658,0.3604075312614441
15473,359349,2310167,0.3603839874267578
15474,359349,7899073,0.3603671193122864
15475,359349,1469384,0.3603118360042572
15476,359349,4087263,0.3602757453918457
15477,359349,3176547,0.3597145676612854
15478,359349,5579653,0.35968971252441406
15479,359349,4763388,0.3594987690448761
15480,359349,6306485,0.3593723177909851
15481,359349,2922238,0.35923105478286743
15482,359349,1781229,0.35918718576431274
15483,359349,2631742,0.3590353727340698
15484,359349,4309763,0.35902687907218933
15485,359349,8717325,0.35897114872932434
15486,359349,4013727,0.3588293492794037
15487,359349,7607369,0.35873299837112427
15488,359349,4344096,0.3587004244327545
15489,359349,3916274,0.3586716651916504
15490,359349,7974286,0.35866475105285645
15491,359349,2969747,0.35853877663612366
15492,359349,2205898,0.3584793210029602
15493,359349,4523974,0.3584500849246979
15494,359349,7706937,0.3584049940109253
15495,359349,2286031,0.3584011495113373
15496,359349,4836275,0.3583863377571106
15497,359349,3432705,0.358324259519577
15498,359349,3937054,0.35830047726631165
15499,359349,352216,0.35823577642440796
15500,359349,5157036,0.35805216431617737
15501,359349,2845489,0.35803550481796265
15502,359349,4154471,0.3578982949256897
15503,359349,8547673,0.3578015863895416
15504,359349,2756333,0.3577459454536438
15505,359349,3787557,0.357737272977829
15506,359349,6509938,0.3577193021774292
15507,359349,4909459,0.3575785756111145
15508,359349,8717323,0.3574383854866028
15509,359349,2261696,0.3574382960796356
15510,359349,28064,0.3574209213256836
15511,359349,614506,0.35741931200027466
15512,359349,3836627,0.35736775398254395
15513,359349,6873868,0.35734450817108154
15514,359349,2338847,0.3573160171508789
15515,359349,5414631,0.35729581117630005
15516,359349,4777606,0.35718291997909546
15517,359349,2229331,0.3570837676525116
15518,359349,2380254,0.35690444707870483
15519,359349,3423005,0.3568207919597626
15520,359349,2503338,0.3566977381706238
15521,359349,2495597,0.3565966486930847
15522,359349,3381242,0.356590211391449
15523,359349,496937,0.3564443588256836
15524,359349,996128,0.3563997745513916
15525,359349,6903967,0.3563549220561981
15526,359349,3215618,0.35623639822006226
15527,359349,8125300,0.35601484775543213
15528,359349,533426,0.3559924066066742
15529,359349,3510648,0.3559727668762207
15530,359349,5041124,0.35593366622924805
15531,359349,6031049,0.3558599352836609
15532,359349,5599260,0.35565993189811707
15533,359349,1892864,0.3556002378463745
15534,359349,4463574,0.355593740940094
15535,359349,1340722,0.3555850088596344
15536,359349,4449186,0.3555421829223633
15537,359349,5409338,0.35552334785461426
15538,359349,6293033,0.35547763109207153
15539,359349,4557315,0.355424702167511
15540,359349,6223609,0.35508978366851807
15541,359349,4221616,0.35501158237457275
15542,359349,393714,0.3549542725086212
15543,359349,3789282,0.3549414277076721
15544,359349,6028403,0.35467687249183655
15545,359349,4223642,0.3546426594257355
15546,359349,570193,0.35455840826034546
15547,359349,7032276,0.3545547127723694
15548,359349,1106275,0.3544667363166809
15549,359349,7696595,0.3543895483016968
15550,359349,1211539,0.35418757796287537
15551,359349,5622886,0.3541552424430847
15552,359349,845283,0.3540721535682678
15553,359349,4854561,0.3539885878562927
15554,359349,3766608,0.3536674678325653
15555,359349,767385,0.35357317328453064
15556,359349,6409938,0.3535078167915344
15557,359349,6261832,0.3534207344055176
15558,359349,1339680,0.35332274436950684
15559,359349,1874955,0.3529807925224304
15560,359349,3269619,0.3529523015022278
15561,359349,4492450,0.3529283404350281
15562,359349,166054,0.3529253900051117
15563,359349,798742,0.3528648316860199
15564,359349,6028399,0.3526846766471863
15565,359349,8109445,0.3525329828262329
15566,359349,4283788,0.35252663493156433
15567,359349,6561473,0.3523936867713928
15568,359349,927196,0.3523927927017212
15569,359349,2286550,0.3522121012210846
15570,359349,4873374,0.35215383768081665
15571,359349,661506,0.3521302342414856
15572,359349,7165531,0.35199639201164246
15573,359349,6452829,0.35198503732681274
15574,359349,6401756,0.3519830107688904
15575,359349,2826515,0.3518100380897522
15576,359349,6477115,0.35180866718292236
15577,359349,3567695,0.3517315685749054
15578,359349,1464784,0.35159891843795776
15579,359349,1979831,0.3514753580093384
15580,359349,1473748,0.35143333673477173
15581,359349,8191760,0.351024329662323
15582,359349,286469,0.35087358951568604
15583,359349,5041131,0.35080230236053467
15584,359349,8462743,0.3506593704223633
15585,359349,4121055,0.3505362272262573
15586,359349,3192770,0.35045313835144043
15587,359349,5378427,0.350367933511734
15588,359349,3138462,0.350355863571167
15589,359349,955659,0.3503090739250183
15590,359349,4709066,0.3503006398677826
15591,359349,5366105,0.35025453567504883
15592,359349,6306488,0.35018157958984375
15593,359349,2259897,0.3501349091529846
15594,359349,7544504,0.3501206040382385
15595,359349,5639134,0.3500019311904907
15596,359349,6300061,0.3500005602836609
15597,359349,7696600,0.34999048709869385
15598,359349,7354755,0.34985846281051636
15599,359349,6086584,0.3497743606567383
15600,359349,5674790,0.34971246123313904
15601,359349,2259898,0.3496866822242737
15602,359349,3405656,0.34963542222976685
15603,359349,6834179,0.349489688873291
15604,359349,4463566,0.34945493936538696
15605,359349,273328,0.3494529724121094
15606,359349,802089,0.349380761384964
15607,359349,709716,0.34927234053611755
15608,359349,5283939,0.3491269052028656
15609,359349,8766657,0.3491266667842865
15610,359349,8531033,0.3491175174713135
15611,359349,2617867,0.34909966588020325
15612,359349,8012882,0.3490607738494873
15613,359349,6080448,0.3490082621574402
15614,359349,6869555,0.34897345304489136
15615,359349,5513549,0.34882795810699463
15616,359349,3130483,0.34880948066711426
15617,359349,2503340,0.34859347343444824
15618,359349,4265644,0.3485766649246216
15619,359349,8058872,0.34845998883247375
15620,359349,624346,0.34845539927482605
15621,359349,3937056,0.3483981192111969
15622,359349,2385811,0.3481503427028656
15623,359349,3225045,0.3480924665927887
15624,359349,4052250,0.3480841815471649
15625,359349,6857082,0.3480779528617859
15626,359349,4982035,0.3480607569217682
15627,359349,522787,0.3477480411529541
15628,359349,4035436,0.3477354645729065
15629,359349,6969955,0.34758260846138
15630,359349,3893620,0.34754908084869385
15631,359349,6031843,0.3475155532360077
15632,359349,5340537,0.3473339080810547
15633,359349,3912405,0.34728914499282837
15634,359349,587667,0.34722113609313965
15635,359349,3207537,0.34721994400024414
15636,359349,3081661,0.3468467891216278
15637,359349,5188999,0.3468196392059326
15638,359349,2161834,0.3466513454914093
15639,359349,6306487,0.34662115573883057
15640,359349,3130487,0.3466202914714813
15641,359349,6662457,0.34631043672561646
15642,359349,8811550,0.3458516001701355
15643,359349,8102622,0.3458460569381714
15644,359349,3208642,0.3457041084766388
15645,359349,3496977,0.34550684690475464
15646,359349,7857628,0.34537291526794434
15647,359349,7651992,0.3453180491924286
15648,359349,3156992,0.3452678322792053
15649,359349,6731810,0.3450281620025635
15650,359349,3032452,0.34496474266052246
15651,359349,5437136,0.3449133634567261
15652,359349,4344095,0.34488624334335327
15653,359349,2496324,0.3448837399482727
15654,359349,2631747,0.34487295150756836
15655,359349,1441337,0.34480538964271545
15656,359349,5603619,0.3447893261909485
15657,359349,4280442,0.34474822878837585
15658,359349,4789301,0.34462958574295044
15659,359349,3912404,0.34460848569869995
15660,359349,3810273,0.34457916021347046
15661,359349,6956436,0.34455347061157227
15662,359349,1687718,0.3444162905216217
15663,359349,5219975,0.3443228602409363
15664,359349,4250966,0.3443056344985962
15665,359349,3599444,0.3442169427871704
15666,359349,3912409,0.34417101740837097
15667,359349,2030183,0.3440059423446655
15668,359349,4087259,0.34387239813804626
15669,359349,2662312,0.3438529372215271
15670,359349,7493231,0.34384626150131226
15671,359349,5615186,0.3438156247138977
15672,359349,614507,0.343787282705307
15673,359349,6108719,0.34376025199890137
15674,359349,6821225,0.34363165497779846
15675,359349,5284099,0.3435787558555603
15676,359349,5041126,0.3434838652610779
15677,359349,5366104,0.3434610962867737
15678,359349,6020124,0.3434273898601532
15679,359349,2341142,0.343420147895813
15680,359349,576631,0.34333735704421997
15681,359349,4836272,0.34329530596733093
15682,359349,7320905,0.3432909846305847
15683,359349,4797982,0.3432137668132782
15684,359349,4893810,0.3431704342365265
15685,359349,273326,0.3430663049221039
15686,359349,391843,0.34302908182144165
15687,359349,8214313,0.3430153429508209
15688,359349,3223835,0.34293031692504883
15689,359349,496936,0.3428645730018616
15690,359349,3113572,0.34279441833496094
15691,359349,3642678,0.342687726020813
15692,359349,5814133,0.3425631523132324
15693,359349,612539,0.34253740310668945
15694,359349,6105929,0.3425343632698059
15695,359349,2814383,0.34247952699661255
15696,359349,6223605,0.3422008752822876
15697,359349,2172247,0.3420611619949341
15698,359349,5414627,0.3419778347015381
15699,359349,845277,0.3419761657714844
15700,359349,3912412,0.341921865940094
15701,359349,5230708,0.341777503490448
15702,359349,284209,0.34176018834114075
15703,359349,4691893,0.3416920304298401
15704,359349,3893099,0.34164002537727356
15705,359349,3973565,0.341380774974823
15706,359349,851925,0.34131699800491333
15707,359349,6180444,0.3412802219390869
15708,359349,2852857,0.3412679433822632
15709,359349,624341,0.34125858545303345
15710,359349,6397020,0.34121885895729065
15711,359349,7579882,0.3411993086338043
15712,359349,3405658,0.34107524156570435
15713,359349,5415912,0.3410739302635193
15714,359349,7912782,0.34104469418525696
15715,359349,4474873,0.3410411477088928
15716,359349,7493235,0.3409801721572876
15717,359349,422096,0.3409680724143982
15718,359349,6538013,0.34092873334884644
15719,359349,3231001,0.34092414379119873
15720,359349,5221211,0.3408180773258209
15721,359349,4501094,0.34079939126968384
15722,359349,4538452,0.3407817482948303
15723,359349,8498925,0.3406754732131958
15724,359349,4680999,0.3406035304069519
15725,359349,5041127,0.3402467370033264
15726,359349,4639337,0.3401861786842346
15727,359349,2062936,0.34017664194107056
15728,359349,5912234,0.34006035327911377
15729,359349,3182512,0.3399110734462738
15730,359349,570195,0.3398926854133606
15731,359349,612542,0.3398388624191284
15732,359349,1560209,0.33976665139198303
15733,359349,8619928,0.3396969437599182
15734,359349,7826005,0.3396243453025818
15735,359349,2336608,0.33957648277282715
15736,359349,6678722,0.33943337202072144
15737,359349,1999979,0.33937758207321167
15738,359349,5780958,0.3392982482910156
15739,359349,1838221,0.33927881717681885
15740,359349,2658807,0.33923792839050293
15741,359349,6502120,0.3389376103878021
15742,359349,2329311,0.33892562985420227
15743,359349,6226407,0.33892500400543213
15744,359349,7211733,0.33891791105270386
15745,359349,653322,0.3389025926589966
15746,359349,2011176,0.3387398421764374
15747,359349,6779501,0.3385550379753113
15748,359349,5735073,0.3385101556777954
15749,359349,6106205,0.3383710980415344
15750,359349,8125295,0.33834928274154663
15751,359349,2752724,0.33822518587112427
15752,359349,2203212,0.3381503224372864
15753,359349,5631021,0.3381178677082062
15754,359349,766793,0.3378044068813324
15755,359349,991998,0.3376610577106476
15756,359349,2510291,0.33765798807144165
15757,359349,2981428,0.3375806212425232
15758,359349,6168262,0.33754846453666687
15759,359349,5074457,0.3375190198421478
15760,359349,8352600,0.3374713063240051
15761,359349,6336025,0.3374606668949127
15762,359349,5113776,0.33739957213401794
15763,359349,3614624,0.33735036849975586
15764,359349,6509933,0.3372758626937866
15765,359349,4873378,0.33714866638183594
15766,359349,794467,0.3370763659477234
15767,359349,6957337,0.33705076575279236
15768,359349,8543718,0.33695077896118164
15769,359349,1549847,0.33678945899009705
15770,359349,2385812,0.3367021381855011
15771,359349,273330,0.33667510747909546
15772,359349,7038045,0.33664652705192566
15773,359349,479000,0.336616575717926
15774,359349,2726229,0.336528480052948
15775,359349,7269095,0.3365055322647095
15776,359349,3645759,0.33634334802627563
15777,359349,794463,0.33622926473617554
15778,359349,2617864,0.3361959457397461
15779,359349,373940,0.3361765146255493
15780,359349,4219748,0.3361412286758423
15781,359349,3130482,0.33612626791000366
15782,359349,5414622,0.33605360984802246
15783,359349,7696592,0.33602064847946167
15784,359349,1134056,0.33601149916648865
15785,359349,2046642,0.33599936962127686
15786,359349,8462571,0.3359586000442505
15787,359349,8013656,0.3358989357948303
15788,359349,6668943,0.33585652709007263
15789,359349,5487503,0.3358527421951294
15790,359349,815341,0.3357272744178772
15791,359349,2197226,0.3357032537460327
15792,359349,7974588,0.33559751510620117
15793,359349,7695530,0.33557868003845215
15794,359349,3599445,0.33554190397262573
15795,359349,2378491,0.33548489212989807
15796,359349,3405661,0.3354637920856476
15797,359349,6786715,0.33539748191833496
15798,359349,6226410,0.3353098928928375
15799,359349,570194,0.33525797724723816
15800,359349,690713,0.335254967212677
15801,359349,8766656,0.33524513244628906
15802,359349,3207536,0.3350811004638672
15803,359349,6777377,0.33503302931785583
15804,359349,5657591,0.33501142263412476
15805,359349,1019937,0.3350113034248352
15806,359349,3390430,0.33493414521217346
15807,359349,828229,0.3349047303199768
15808,359349,7860942,0.33489006757736206
15809,359349,6106204,0.33477240800857544
15810,359349,5290527,0.3346594572067261
15811,359349,8199621,0.3346279561519623
15812,359349,957354,0.3344670832157135
15813,359349,3360772,0.33446645736694336
15814,359349,4145728,0.33441269397735596
15815,359349,2899745,0.33435845375061035
15816,359349,8228707,0.33429786562919617
15817,359349,2137250,0.334294855594635
15818,359349,2030489,0.3342925012111664
15819,359349,828230,0.33425578474998474
15820,359349,8563539,0.33423298597335815
15821,359349,1581484,0.33420664072036743
15822,359349,6300060,0.33415043354034424
15823,359349,8702754,0.33409583568573
15824,359349,2221445,0.334084153175354
15825,359349,6189449,0.3340683579444885
15826,359349,3786215,0.33397406339645386
15827,359349,8091558,0.3339228928089142
15828,359349,8666137,0.33391016721725464
15829,359349,2403164,0.33377087116241455
15830,359349,6081008,0.33375686407089233
15831,359349,5572548,0.33374470472335815
15832,359349,4204742,0.33370810747146606
15833,359349,2205900,0.3335912823677063
15834,359349,5487502,0.3334481120109558
15835,359349,7649558,0.33343297243118286
15836,359349,4881275,0.33334943652153015
15837,359349,8200203,0.33329373598098755
15838,359349,6678716,0.33328115940093994
15839,359349,7469656,0.33320462703704834
15840,359349,2557531,0.3330765962600708
15841,359349,7695529,0.3330416679382324
15842,359349,578146,0.3329586684703827
15843,359349,3645756,0.3329440951347351
15844,359349,8142221,0.3329315185546875
15845,359349,7691605,0.3329133987426758
15846,359349,4763384,0.3329088091850281
15847,359349,6509932,0.33288902044296265
15848,359349,2329313,0.3328179121017456
15849,359349,4221615,0.3325176239013672
15850,359349,7322833,0.3325139284133911
15851,359349,1397204,0.33248695731163025
15852,359349,1567426,0.3324856758117676
15853,359349,5019641,0.33246177434921265
15854,359349,5506025,0.33246031403541565
15855,359349,7927304,0.33244210481643677
15856,359349,3156990,0.3323347270488739
15857,359349,6613556,0.3322858214378357
15858,359349,5262652,0.33216893672943115
15859,359349,4537377,0.3321472406387329
15860,359349,6821224,0.3320971131324768
15861,359349,2259903,0.3320966958999634
15862,359349,8766660,0.3320687711238861
15863,359349,2378486,0.33201339840888977
15864,359349,5181556,0.33199411630630493
15865,359349,87784,0.3319207727909088
15866,359349,496940,0.33190906047821045
15867,359349,6561479,0.33189451694488525
15868,359349,5041129,0.33186542987823486
15869,359349,5019355,0.3317565321922302
15870,359349,576634,0.3317130208015442
15871,359349,4440570,0.33165058493614197
15872,359349,3265497,0.3315425515174866
15873,359349,4413345,0.3315367102622986
15874,359349,3176663,0.3315257430076599
15875,359349,3156991,0.33140650391578674
15876,359349,1624482,0.3313802480697632
15877,359349,1549848,0.33134472370147705
15878,359349,1402552,0.33130943775177
15879,359349,185181,0.3312287926673889
15880,359349,215410,0.3311917781829834
15881,359349,5199209,0.33116835355758667
15882,359349,957352,0.3311549425125122
15883,359349,5177077,0.3309493064880371
15884,359349,6028398,0.3308797776699066
15885,359349,8327510,0.33074361085891724
15886,359349,4440568,0.33065903186798096
15887,359349,6984395,0.3306512236595154
15888,359349,8613845,0.3305903673171997
15889,359349,381307,0.33048704266548157
15890,359349,6580464,0.33043769001960754
15891,359349,2255222,0.33042359352111816
15892,359349,8456966,0.33040881156921387
15893,359349,1075586,0.3303568363189697
15894,359349,798749,0.33013463020324707
15895,359349,3188403,0.3299911916255951
15896,359349,690707,0.32997655868530273
15897,359349,5297233,0.3299753665924072
15898,359349,1116717,0.3299676775932312
15899,359349,570199,0.3299509882926941
15900,359349,4835306,0.3299283981323242
15901,359349,7207597,0.3298681378364563
15902,359349,8114074,0.3297138214111328
15903,359349,8598790,0.32970985770225525
15904,359349,3569864,0.3297010064125061
15905,359349,712616,0.3296965956687927
15906,359349,3665262,0.32967609167099
15907,359349,5615182,0.32965022325515747
15908,359349,4269555,0.3295760750770569
15909,359349,427527,0.3295519948005676
15910,359349,8027072,0.32945185899734497
15911,359349,28065,0.3294227719306946
15912,359349,3193819,0.3293856382369995
15913,359349,1804242,0.32938113808631897
15914,359349,4291617,0.32933107018470764
15915,359349,4235202,0.32929834723472595
15916,359349,6163699,0.32919806241989136
15917,359349,4353208,0.3291659951210022
15918,359349,6317876,0.3291611969470978
15919,359349,2981432,0.32912957668304443
15920,359349,5015727,0.3291183114051819
15921,359349,4484574,0.32911747694015503
15922,359349,2965509,0.3290930688381195
15923,359349,2161841,0.32891350984573364
15924,359349,6549302,0.3288550078868866
15925,359349,1919604,0.3288220167160034
15926,359349,8486654,0.3287891745567322
15927,359349,2981435,0.3287679851055145
15928,359349,610930,0.32875943183898926
15929,359349,73117,0.328702449798584
15930,359349,2415576,0.3286890983581543
15931,359349,6300459,0.3286880552768707
15932,359349,7269093,0.32865774631500244
15933,359349,2876773,0.3286152184009552
15934,359349,5575564,0.32859617471694946
15935,359349,3081654,0.32857546210289
15936,359349,7554046,0.32856208086013794
15937,359349,2338852,0.32855087518692017
15938,359349,6072533,0.32845258712768555
15939,359349,3831435,0.3284487724304199
15940,359349,3669407,0.32837164402008057
15941,359349,4927659,0.3283510208129883
15942,359349,974971,0.32828059792518616
15943,359349,1549844,0.32820403575897217
15944,359349,4013724,0.3281957507133484
15945,359349,8154623,0.3281154930591583
15946,359349,7630346,0.3281102776527405
15947,359349,3642674,0.328033447265625
15948,359349,1781235,0.32801464200019836
15949,359349,2220356,0.32795971632003784
15950,359349,6861996,0.3279467225074768
15951,359349,6509939,0.32794326543807983
15952,359349,4838743,0.32793185114860535
15953,359349,1616817,0.3278723359107971
15954,359349,2523468,0.32782843708992004
15955,359349,6493479,0.3277550935745239
15956,359349,516884,0.32774466276168823
15957,359349,4971004,0.32773512601852417
15958,359349,1873359,0.3276951014995575
15959,359349,1693162,0.3276207447052002
15960,359349,1873257,0.3275030553340912
15961,359349,87785,0.3274765610694885
15962,359349,7912783,0.3274216055870056
15963,359349,1617139,0.32741624116897583
15964,359349,2310172,0.3273540139198303
15965,359349,8613884,0.327333003282547
15966,359349,7826006,0.3273082971572876
15967,359349,621285,0.3273078501224518
15968,359349,2293824,0.32726365327835083
15969,359349,6869561,0.32726263999938965
15970,359349,8013652,0.3272469639778137
15971,359349,7592763,0.3271820843219757
15972,359349,496938,0.3270602226257324
15973,359349,31718,0.32705849409103394
15974,359349,4738665,0.326987624168396
15975,359349,8263098,0.3269069194793701
15976,359349,1952704,0.32687684893608093
15977,359349,6821222,0.32687288522720337
15978,359349,5579652,0.3268691599369049
15979,359349,6779775,0.3268577456474304
15980,359349,526367,0.32684212923049927
15981,359349,8013653,0.3268328309059143
15982,359349,393710,0.3268316984176636
15983,359349,1014207,0.3268229067325592
15984,359349,6197590,0.3267078995704651
15985,359349,2341148,0.3266882300376892
15986,359349,3231701,0.3266614079475403
15987,359349,6579006,0.3266538381576538
15988,359349,3900182,0.326649934053421
15989,359349,5089169,0.32663363218307495
15990,359349,3751373,0.32658618688583374
15991,359349,3787555,0.3265664279460907
15992,359349,273329,0.3265315890312195
15993,359349,136591,0.3265227675437927
15994,359349,110709,0.32644569873809814
15995,359349,725438,0.3264217972755432
15996,359349,8279683,0.32637712359428406
15997,359349,5531105,0.32636988162994385
15998,359349,2000911,0.32628992199897766
15999,359349,5513547,0.32625824213027954
16000,405717,8433854,0.7990128993988037
16001,405717,7170630,0.7869184017181396
16002,405717,7170626,0.7799373865127563
16003,405717,3033900,0.775641679763794
16004,405717,2702419,0.7702308893203735
16005,405717,7728831,0.7353647351264954
16006,405717,2642838,0.7340195178985596
16007,405717,4828118,0.7308458685874939
16008,405717,5079482,0.7291305065155029
16009,405717,3033904,0.7125133872032166
16010,405717,8433858,0.7062056064605713
16011,405717,4704978,0.689224123954773
16012,405717,3986309,0.6836072206497192
16013,405717,7447941,0.6816223859786987
16014,405717,4489666,0.68065345287323
16015,405717,6654655,0.6804852485656738
16016,405717,3986303,0.6760315895080566
16017,405717,2879960,0.6657611131668091
16018,405717,7896211,0.6610939502716064
16019,405717,2747485,0.6574608087539673
16020,405717,758586,0.6573671102523804
16021,405717,2747491,0.6568154692649841
16022,405717,702386,0.6438135504722595
16023,405717,2365659,0.6256762742996216
16024,405717,5638740,0.6232701539993286
16025,405717,2702423,0.6227341294288635
16026,405717,7288996,0.6172798871994019
16027,405717,702383,0.6138577461242676
16028,405717,2125641,0.6131607890129089
16029,405717,4704975,0.6115338802337646
16030,405717,3033903,0.6109175086021423
16031,405717,3274947,0.6098144054412842
16032,405717,4776926,0.6026099920272827
16033,405717,4489661,0.6019670963287354
16034,405717,4776928,0.5987555384635925
16035,405717,4704973,0.5930061936378479
16036,405717,758582,0.590806245803833
16037,405717,6654658,0.5905444622039795
16038,405717,3986308,0.5872191190719604
16039,405717,2879964,0.5860962271690369
16040,405717,7170631,0.5830941200256348
16041,405717,2747492,0.5815550684928894
16042,405717,3986307,0.5800188779830933
16043,405717,4232833,0.5799906253814697
16044,405717,6678050,0.577917218208313
16045,405717,8156519,0.577884316444397
16046,405717,7288990,0.5759027004241943
16047,405717,3986305,0.5748940706253052
16048,405717,6654653,0.5731214284896851
16049,405717,1976406,0.5720870494842529
16050,405717,7170624,0.5720674395561218
16051,405717,2747484,0.5706878900527954
16052,405717,6654652,0.562571108341217
16053,405717,1984962,0.5597779750823975
16054,405717,3986306,0.5576629042625427
16055,405717,3274946,0.5560199618339539
16056,405717,7447943,0.5542893409729004
16057,405717,7201361,0.5525962114334106
16058,405717,7589975,0.5513786673545837
16059,405717,931517,0.5501276254653931
16060,405717,2365661,0.5481041669845581
16061,405717,7447942,0.546523928642273
16062,405717,2365663,0.5462140440940857
16063,405717,2879963,0.5457726716995239
16064,405717,3033905,0.5448942184448242
16065,405717,7896210,0.5435793399810791
16066,405717,4482703,0.5424530506134033
16067,405717,2747489,0.5424013733863831
16068,405717,758581,0.5420649647712708
16069,405717,702391,0.5417656898498535
16070,405717,2747488,0.5400872826576233
16071,405717,953495,0.5390290021896362
16072,405717,3661807,0.5375458002090454
16073,405717,2365665,0.5366268157958984
16074,405717,6654660,0.5344588756561279
16075,405717,7776840,0.5333353877067566
16076,405717,4418059,0.5310214161872864
16077,405717,2879959,0.5298780202865601
16078,405717,7896212,0.5294474363327026
16079,405717,2763779,0.5286378860473633
16080,405717,758579,0.5284314155578613
16081,405717,2747486,0.5254076719284058
16082,405717,2514107,0.5250481963157654
16083,405717,28372,0.5204036235809326
16084,405717,7170625,0.5192689299583435
16085,405717,6139226,0.5176728963851929
16086,405717,2691736,0.5146459341049194
16087,405717,4577231,0.5140997171401978
16088,405717,8433856,0.5135990381240845
16089,405717,5917171,0.5122708082199097
16090,405717,1849743,0.5121214389801025
16091,405717,7608046,0.5098087191581726
16092,405717,3252498,0.5096668601036072
16093,405717,2365664,0.5068975687026978
16094,405717,28365,0.5058996081352234
16095,405717,366202,0.5056369304656982
16096,405717,3658610,0.5049329996109009
16097,405717,6139225,0.5042699575424194
16098,405717,8433855,0.504269003868103
16099,405717,6065366,0.5037592649459839
16100,405717,619037,0.5026471018791199
16101,405717,3975692,0.5013713836669922
16102,405717,6139229,0.5012797117233276
16103,405717,758585,0.5003749132156372
16104,405717,2879957,0.49965888261795044
16105,405717,7776843,0.4994662404060364
16106,405717,3252492,0.49925583600997925
16107,405717,2002863,0.4989106059074402
16108,405717,2889865,0.49708589911460876
16109,405717,5102433,0.4968476891517639
16110,405717,3252494,0.49672380089759827
16111,405717,5668741,0.49639639258384705
16112,405717,2889866,0.49543073773384094
16113,405717,5125799,0.49529534578323364
16114,405717,2879956,0.49521327018737793
16115,405717,6741362,0.4951234757900238
16116,405717,4704980,0.49403879046440125
16117,405717,3274941,0.49368178844451904
16118,405717,4034337,0.4935365319252014
16119,405717,6139222,0.49326181411743164
16120,405717,6654656,0.493119478225708
16121,405717,702388,0.4922749400138855
16122,405717,7464809,0.4915631115436554
16123,405717,6311114,0.49095165729522705
16124,405717,4987955,0.4909141957759857
16125,405717,7843927,0.490069717168808
16126,405717,429229,0.48891860246658325
16127,405717,2365662,0.4876701831817627
16128,405717,5428444,0.4871710538864136
16129,405717,6741364,0.4870871901512146
16130,405717,5184874,0.48639923334121704
16131,405717,8105723,0.4861850440502167
16132,405717,2763775,0.4858759939670563
16133,405717,4804774,0.4855576753616333
16134,405717,2816495,0.485297292470932
16135,405717,3040883,0.48439928889274597
16136,405717,2002868,0.48409736156463623
16137,405717,5857562,0.4840747117996216
16138,405717,2763776,0.48370009660720825
16139,405717,3514259,0.48353710770606995
16140,405717,4804772,0.48337528109550476
16141,405717,8282418,0.48263460397720337
16142,405717,2763774,0.4819529056549072
16143,405717,6426483,0.4817587733268738
16144,405717,6721372,0.48167186975479126
16145,405717,4166436,0.48038357496261597
16146,405717,28367,0.47922033071517944
16147,405717,4049824,0.47899776697158813
16148,405717,7595607,0.4789849519729614
16149,405717,5428445,0.47745805978775024
16150,405717,6311113,0.47652488946914673
16151,405717,2365660,0.4756682217121124
16152,405717,3473711,0.47566643357276917
16153,405717,1111371,0.4755213260650635
16154,405717,7509464,0.47548842430114746
16155,405717,2763780,0.47494131326675415
16156,405717,6139231,0.47437453269958496
16157,405717,8610271,0.47425901889801025
16158,405717,3274943,0.4735060930252075
16159,405717,1589738,0.4734484553337097
16160,405717,7595605,0.47254785895347595
16161,405717,8693178,0.4712878465652466
16162,405717,3274940,0.47115305066108704
16163,405717,366199,0.47002851963043213
16164,405717,5395153,0.4696090817451477
16165,405717,6442862,0.4695603847503662
16166,405717,6476598,0.46833109855651855
16167,405717,366205,0.4677300453186035
16168,405717,6741359,0.46757543087005615
16169,405717,5817659,0.4674893617630005
16170,405717,5817655,0.4672144055366516
16171,405717,4482700,0.467162162065506
16172,405717,7608040,0.4666495621204376
16173,405717,4520064,0.46533504128456116
16174,405717,7170629,0.46481186151504517
16175,405717,2280962,0.46469634771347046
16176,405717,366198,0.4646759033203125
16177,405717,4358761,0.464381605386734
16178,405717,1426802,0.46389201283454895
16179,405717,6786303,0.46360278129577637
16180,405717,6311112,0.46269816160202026
16181,405717,3740871,0.46240007877349854
16182,405717,7201359,0.4618772566318512
16183,405717,5917176,0.4618224501609802
16184,405717,4704972,0.4616571068763733
16185,405717,5079487,0.4610556364059448
16186,405717,7595612,0.4602750837802887
16187,405717,8062015,0.4602585732936859
16188,405717,7288997,0.45971354842185974
16189,405717,4358760,0.45969516038894653
16190,405717,3033907,0.4593898057937622
16191,405717,7608043,0.4590657353401184
16192,405717,4287890,0.4589734375476837
16193,405717,4677411,0.4584289491176605
16194,405717,1619423,0.4581870436668396
16195,405717,7773437,0.45809614658355713
16196,405717,6065370,0.4578012228012085
16197,405717,3082587,0.45771312713623047
16198,405717,6521915,0.4576384723186493
16199,405717,846414,0.4574491083621979
16200,405717,1753037,0.4571230709552765
16201,405717,5917174,0.4566822052001953
16202,405717,8175979,0.456100195646286
16203,405717,8207369,0.45589035749435425
16204,405717,3082580,0.4551123082637787
16205,405717,3252490,0.4549400210380554
16206,405717,3740870,0.4548836052417755
16207,405717,4504664,0.454324334859848
16208,405717,702387,0.45423197746276855
16209,405717,3052962,0.4540944993495941
16210,405717,3981143,0.4540347456932068
16211,405717,896642,0.4539238214492798
16212,405717,2905224,0.4537859857082367
16213,405717,7037809,0.4533660411834717
16214,405717,1111372,0.45334991812705994
16215,405717,5147789,0.45307981967926025
16216,405717,953492,0.4530538320541382
16217,405717,5425571,0.45254164934158325
16218,405717,1083089,0.452143132686615
16219,405717,5428442,0.4516816735267639
16220,405717,1082859,0.45142030715942383
16221,405717,5428443,0.451418936252594
16222,405717,3274942,0.45138901472091675
16223,405717,4482699,0.4513556957244873
16224,405717,1964113,0.45118871331214905
16225,405717,7563648,0.450880229473114
16226,405717,4639464,0.4508453905582428
16227,405717,3606048,0.45065122842788696
16228,405717,7464803,0.45032939314842224
16229,405717,4504668,0.4502624571323395
16230,405717,8674363,0.4501556158065796
16231,405717,2691732,0.44979366660118103
16232,405717,2889873,0.4497142434120178
16233,405717,2647100,0.4494595527648926
16234,405717,1707144,0.4488188624382019
16235,405717,7458371,0.44870877265930176
16236,405717,1543653,0.44841742515563965
16237,405717,5690234,0.44825291633605957
16238,405717,7259316,0.4474306106567383
16239,405717,1856359,0.4474083185195923
16240,405717,2747487,0.44722771644592285
16241,405717,4677414,0.4470277428627014
16242,405717,1225071,0.4469591975212097
16243,405717,2763781,0.44679272174835205
16244,405717,7486693,0.446296751499176
16245,405717,3704026,0.4459909200668335
16246,405717,7974370,0.4454445242881775
16247,405717,3252496,0.4453652501106262
16248,405717,5102431,0.44535529613494873
16249,405717,3894857,0.44530272483825684
16250,405717,8686172,0.4451923370361328
16251,405717,3123458,0.44513872265815735
16252,405717,2906477,0.4448694586753845
16253,405717,6419725,0.4441545605659485
16254,405717,5530693,0.4439350962638855
16255,405717,5857570,0.44341328740119934
16256,405717,4232836,0.44327980279922485
16257,405717,364970,0.4431968331336975
16258,405717,758587,0.4431423544883728
16259,405717,6786304,0.4429861307144165
16260,405717,7563647,0.442898154258728
16261,405717,2790402,0.44253045320510864
16262,405717,1889821,0.4422874450683594
16263,405717,8310186,0.441871702671051
16264,405717,5033728,0.4415249228477478
16265,405717,8446903,0.4413061738014221
16266,405717,2532218,0.44065260887145996
16267,405717,1034379,0.44014209508895874
16268,405717,4747260,0.4396529197692871
16269,405717,3606046,0.4396059811115265
16270,405717,8433860,0.43933403491973877
16271,405717,5247959,0.4391314387321472
16272,405717,2647095,0.4389171004295349
16273,405717,4828120,0.43880102038383484
16274,405717,5209819,0.43876850605010986
16275,405717,1225077,0.43860408663749695
16276,405717,8639348,0.43839114904403687
16277,405717,2936142,0.4373739957809448
16278,405717,3606045,0.43708163499832153
16279,405717,2533900,0.43679970502853394
16280,405717,4386092,0.4365478754043579
16281,405717,6741361,0.436492919921875
16282,405717,4704974,0.4363584816455841
16283,405717,3919634,0.43631452322006226
16284,405717,8416897,0.4362732172012329
16285,405717,8817595,0.435979425907135
16286,405717,1799907,0.4359177350997925
16287,405717,2906480,0.4356882572174072
16288,405717,234955,0.4355601370334625
16289,405717,7270484,0.435529887676239
16290,405717,7270482,0.435529887676239
16291,405717,953490,0.43549567461013794
16292,405717,2642839,0.4349815845489502
16293,405717,4639469,0.4348328411579132
16294,405717,325095,0.4347173571586609
16295,405717,366200,0.4346936047077179
16296,405717,4188933,0.43380531668663025
16297,405717,4788332,0.43378764390945435
16298,405717,2532213,0.43341630697250366
16299,405717,521985,0.4333568513393402
16300,405717,6311115,0.4327746033668518
16301,405717,28368,0.4327218234539032
16302,405717,5917177,0.4322846829891205
16303,405717,656680,0.43217775225639343
16304,405717,6495516,0.43215298652648926
16305,405717,1897929,0.43162089586257935
16306,405717,7464805,0.43139100074768066
16307,405717,3276083,0.4311515688896179
16308,405717,3740873,0.43112310767173767
16309,405717,582698,0.43097877502441406
16310,405717,5917175,0.43078041076660156
16311,405717,3569017,0.4307374358177185
16312,405717,2514106,0.43028923869132996
16313,405717,2170915,0.43019700050354004
16314,405717,1332600,0.43017369508743286
16315,405717,900825,0.4300591051578522
16316,405717,2647096,0.42984873056411743
16317,405717,1683155,0.4297814667224884
16318,405717,2642832,0.4296379089355469
16319,405717,7464807,0.4296046495437622
16320,405717,5491990,0.4295056462287903
16321,405717,6654654,0.4293912649154663
16322,405717,7984586,0.429304301738739
16323,405717,3632827,0.42921680212020874
16324,405717,325096,0.4291510283946991
16325,405717,3514260,0.42911484837532043
16326,405717,1007468,0.4290841221809387
16327,405717,5690233,0.4290023446083069
16328,405717,1596070,0.4287348687648773
16329,405717,6297275,0.428570032119751
16330,405717,1759782,0.4285256266593933
16331,405717,953491,0.4281468987464905
16332,405717,3368178,0.4278399646282196
16333,405717,5395152,0.42755502462387085
16334,405717,5247955,0.4273737072944641
16335,405717,366203,0.4272575080394745
16336,405717,7250455,0.42725497484207153
16337,405717,8510161,0.42722272872924805
16338,405717,3123463,0.42710548639297485
16339,405717,8310191,0.42702940106391907
16340,405717,834762,0.4266558289527893
16341,405717,5107945,0.4263432025909424
16342,405717,1681171,0.4258410334587097
16343,405717,3082589,0.425479531288147
16344,405717,2628458,0.42544421553611755
16345,405717,1897930,0.4254100024700165
16346,405717,5690237,0.4248691201210022
16347,405717,4256545,0.42485523223876953
16348,405717,5428447,0.4247610569000244
16349,405717,2412198,0.42459428310394287
16350,405717,8175974,0.42429661750793457
16351,405717,8715589,0.42410266399383545
16352,405717,2610642,0.4240816533565521
16353,405717,4106878,0.4239875078201294
16354,405717,8205108,0.4239737391471863
16355,405717,6476601,0.42386293411254883
16356,405717,3751824,0.42380771040916443
16357,405717,5079488,0.42380228638648987
16358,405717,702382,0.4235125184059143
16359,405717,3487185,0.42350494861602783
16360,405717,5384285,0.423412024974823
16361,405717,4630240,0.4233824610710144
16362,405717,305214,0.4233168959617615
16363,405717,7816956,0.42330342531204224
16364,405717,2301568,0.4232834577560425
16365,405717,8667583,0.42319566011428833
16366,405717,5029085,0.4231534004211426
16367,405717,1753042,0.42309093475341797
16368,405717,5079484,0.4230247437953949
16369,405717,7765075,0.42300650477409363
16370,405717,5410474,0.42299437522888184
16371,405717,4116689,0.42202919721603394
16372,405717,1376190,0.4219418466091156
16373,405717,5165276,0.42179030179977417
16374,405717,2301576,0.4216461777687073
16375,405717,325094,0.42141643166542053
16376,405717,3612482,0.4212499260902405
16377,405717,2301575,0.4211377501487732
16378,405717,314005,0.4209798574447632
16379,405717,4858263,0.42094969749450684
16380,405717,3306332,0.4209328293800354
16381,405717,5816465,0.42090895771980286
16382,405717,238259,0.4206794500350952
16383,405717,1051664,0.4203200340270996
16384,405717,896635,0.42011165618896484
16385,405717,266212,0.42002159357070923
16386,405717,1897937,0.4199828505516052
16387,405717,7210068,0.41998082399368286
16388,405717,2988630,0.4199676513671875
16389,405717,5690240,0.4199070334434509
16390,405717,582699,0.4198308289051056
16391,405717,7762565,0.4197222888469696
16392,405717,6065365,0.4196542203426361
16393,405717,5690238,0.4195771813392639
16394,405717,3031545,0.4193955957889557
16395,405717,4663503,0.4193681478500366
16396,405717,2145752,0.4192342162132263
16397,405717,5491985,0.4189576506614685
16398,405717,37344,0.41882237792015076
16399,405717,5325877,0.4184333086013794
16400,405717,6495513,0.4183838963508606
16401,405717,366201,0.41829726099967957
16402,405717,1897618,0.4182317554950714
16403,405717,7589977,0.41818296909332275
16404,405717,7541535,0.4180801808834076
16405,405717,8519926,0.41789597272872925
16406,405717,5216784,0.4177749454975128
16407,405717,1376185,0.4177177846431732
16408,405717,5247958,0.4176531732082367
16409,405717,7464806,0.41746804118156433
16410,405717,5123129,0.4171936511993408
16411,405717,3082585,0.4170452952384949
16412,405717,1897931,0.416931688785553
16413,405717,5079485,0.4168863296508789
16414,405717,2486484,0.4165128469467163
16415,405717,2741706,0.41623741388320923
16416,405717,4797303,0.41623368859291077
16417,405717,8433853,0.4161967933177948
16418,405717,4950340,0.41614997386932373
16419,405717,4232835,0.4161011576652527
16420,405717,4360334,0.4160756468772888
16421,405717,2799220,0.4160463213920593
16422,405717,4256543,0.41585755348205566
16423,405717,8411931,0.4157673120498657
16424,405717,3358029,0.4155094027519226
16425,405717,2532219,0.4154978096485138
16426,405717,3368184,0.4154907166957855
16427,405717,8672958,0.41537976264953613
16428,405717,497286,0.4151935577392578
16429,405717,6389110,0.41507452726364136
16430,405717,2783684,0.4150446057319641
16431,405717,8775659,0.4148295223712921
16432,405717,1415025,0.4142434597015381
16433,405717,8692408,0.4142385423183441
16434,405717,4234294,0.41422200202941895
16435,405717,702390,0.41421908140182495
16436,405717,5325878,0.414081871509552
16437,405717,2747490,0.4139450788497925
16438,405717,4804777,0.41387656331062317
16439,405717,6361724,0.4138585031032562
16440,405717,4504670,0.4135630130767822
16441,405717,6274296,0.41345542669296265
16442,405717,3274915,0.4134245812892914
16443,405717,38903,0.4134174585342407
16444,405717,5033726,0.41332173347473145
16445,405717,1205577,0.41329723596572876
16446,405717,896637,0.4131937026977539
16447,405717,2695882,0.41313135623931885
16448,405717,1956964,0.41309356689453125
16449,405717,5286061,0.4129914939403534
16450,405717,7328008,0.4126557409763336
16451,405717,162291,0.4124354124069214
16452,405717,6495515,0.412394642829895
16453,405717,1660480,0.4122466444969177
16454,405717,1866441,0.4122278690338135
16455,405717,4706787,0.4121588468551636
16456,405717,4747259,0.41204652190208435
16457,405717,5033724,0.41186389327049255
16458,405717,2768288,0.4116542935371399
16459,405717,3522030,0.4116016626358032
16460,405717,28366,0.41140881180763245
16461,405717,3358036,0.41124576330184937
16462,405717,3761772,0.4111752510070801
16463,405717,273851,0.4111032783985138
16464,405717,5615458,0.41095030307769775
16465,405717,5209820,0.4107416570186615
16466,405717,7486700,0.41072431206703186
16467,405717,7776839,0.4106993079185486
16468,405717,2301573,0.41064900159835815
16469,405717,389349,0.410488486289978
16470,405717,8813312,0.41033118963241577
16471,405717,4657918,0.4102153480052948
16472,405717,2782377,0.41021090745925903
16473,405717,7713515,0.4101981818675995
16474,405717,8204953,0.4101959466934204
16475,405717,1311476,0.4101647734642029
16476,405717,8207367,0.41000327467918396
16477,405717,582691,0.4095708727836609
16478,405717,2642837,0.40946054458618164
16479,405717,7855563,0.409446120262146
16480,405717,8310189,0.4094170331954956
16481,405717,7003102,0.40938952565193176
16482,405717,5690236,0.40938600897789
16483,405717,4520070,0.4093593955039978
16484,405717,7353638,0.4091310501098633
16485,405717,4919142,0.40908733010292053
16486,405717,3822106,0.4090834856033325
16487,405717,5395149,0.40880119800567627
16488,405717,7278805,0.4087807536125183
16489,405717,5293441,0.40877819061279297
16490,405717,7288991,0.4087446331977844
16491,405717,3606052,0.408732533454895
16492,405717,2182253,0.40833958983421326
16493,405717,7821382,0.4082152247428894
16494,405717,8035437,0.4080658555030823
16495,405717,2783681,0.4076041579246521
16496,405717,8310190,0.40752851963043213
16497,405717,2763777,0.4071616530418396
16498,405717,364975,0.4071275293827057
16499,405717,8489674,0.4070177674293518
16500,405717,5662374,0.4069986045360565
16501,405717,7571137,0.40693995356559753
16502,405717,3986304,0.40685194730758667
16503,405717,5183324,0.40679800510406494
16504,405717,4704979,0.406787633895874
16505,405717,3578629,0.4062626361846924
16506,405717,2111918,0.40621036291122437
16507,405717,8674360,0.40607982873916626
16508,405717,7013691,0.4058779180049896
16509,405717,5917172,0.40584802627563477
16510,405717,2628454,0.4055559039115906
16511,405717,5247952,0.4055423140525818
16512,405717,2615817,0.4054580628871918
16513,405717,2002870,0.40499913692474365
16514,405717,429224,0.4048171639442444
16515,405717,7288993,0.4047654867172241
16516,405717,4705402,0.4043272137641907
16517,405717,383795,0.4042326807975769
16518,405717,7776837,0.4041151702404022
16519,405717,8282417,0.40407058596611023
16520,405717,5638735,0.404048353433609
16521,405717,4504663,0.4039299190044403
16522,405717,3301225,0.4037902355194092
16523,405717,8204068,0.4037208557128906
16524,405717,2236838,0.4035710394382477
16525,405717,7703572,0.4033104479312897
16526,405717,4187742,0.40327054262161255
16527,405717,4152266,0.40319520235061646
16528,405717,3123462,0.40318405628204346
16529,405717,1362697,0.4030809998512268
16530,405717,6297273,0.40291285514831543
16531,405717,4610972,0.4027922451496124
16532,405717,7340936,0.40277737379074097
16533,405717,3452255,0.4027542769908905
16534,405717,4612846,0.4027346968650818
16535,405717,7509465,0.4026228189468384
16536,405717,6011767,0.4025806784629822
16537,405717,4612478,0.40230774879455566
16538,405717,589426,0.40208539366722107
16539,405717,8497993,0.4020218849182129
16540,405717,5085002,0.401969850063324
16541,405717,6058440,0.401926189661026
16542,405717,758583,0.4018990993499756
16543,405717,7663600,0.40187108516693115
16544,405717,6495512,0.40180933475494385
16545,405717,2001253,0.4017655551433563
16546,405717,218266,0.4017605185508728
16547,405717,4124270,0.40174707770347595
16548,405717,1111375,0.40162038803100586
16549,405717,4751445,0.40151774883270264
16550,405717,8764407,0.4012196362018585
16551,405717,7050316,0.4012085199356079
16552,405717,2475806,0.4010670781135559
16553,405717,4098928,0.4010612368583679
16554,405717,1660472,0.4009500741958618
16555,405717,8310188,0.40090474486351013
16556,405717,6495510,0.40086615085601807
16557,405717,2616168,0.40084540843963623
16558,405717,4526813,0.40076592564582825
16559,405717,4482702,0.40074101090431213
16560,405717,8725142,0.4006383717060089
16561,405717,218273,0.4005834460258484
16562,405717,429232,0.40053364634513855
16563,405717,7270486,0.4003985524177551
16564,405717,4005046,0.4003414511680603
16565,405717,6139228,0.4002150297164917
16566,405717,2060331,0.40017396211624146
16567,405717,28373,0.4001469314098358
16568,405717,4418898,0.40010613203048706
16569,405717,702384,0.4000127911567688
16570,405717,5385658,0.3998938202857971
16571,405717,3033901,0.399867981672287
16572,405717,767083,0.3997209668159485
16573,405717,3877275,0.39971938729286194
16574,405717,6962143,0.39967021346092224
16575,405717,8794398,0.39961493015289307
16576,405717,7541530,0.3994886577129364
16577,405717,5056125,0.39946237206459045
16578,405717,2002865,0.3994537591934204
16579,405717,3763246,0.399278461933136
16580,405717,2236840,0.3991970717906952
16581,405717,1983183,0.3990860879421234
16582,405717,5564261,0.3989596962928772
16583,405717,2763773,0.39892467856407166
16584,405717,2344136,0.3988840579986572
16585,405717,4409563,0.3988792598247528
16586,405717,3612480,0.3986424207687378
16587,405717,2743844,0.3985941708087921
16588,405717,6142131,0.39854252338409424
16589,405717,7472376,0.398479163646698
16590,405717,3962641,0.3984520733356476
16591,405717,3981145,0.3983703851699829
16592,405717,4418052,0.3983677625656128
16593,405717,4836456,0.398356556892395
16594,405717,4315355,0.3983306288719177
16595,405717,5165277,0.39822059869766235
16596,405717,3528979,0.3982153534889221
16597,405717,953496,0.3981533646583557
16598,405717,4123807,0.3980751633644104
16599,405717,208214,0.39800089597702026
16600,405717,3995053,0.39793503284454346
16601,405717,6071421,0.39791372418403625
16602,405717,4913656,0.3978039622306824
16603,405717,3033906,0.3976936340332031
16604,405717,3274918,0.397691935300827
16605,405717,3142222,0.39745306968688965
16606,405717,4157747,0.39742064476013184
16607,405717,767081,0.39729785919189453
16608,405717,596907,0.3972455859184265
16609,405717,7045720,0.39722776412963867
16610,405717,2889872,0.397141695022583
16611,405717,1897622,0.39708030223846436
16612,405717,314010,0.3970273435115814
16613,405717,814856,0.39701855182647705
16614,405717,2744697,0.3969954252243042
16615,405717,4136527,0.3969762921333313
16616,405717,4232831,0.3969600796699524
16617,405717,517662,0.3969271779060364
16618,405717,2743845,0.39691221714019775
16619,405717,8259225,0.3968280553817749
16620,405717,3839966,0.39670413732528687
16621,405717,389344,0.39662858843803406
16622,405717,4599682,0.39654237031936646
16623,405717,4972016,0.3965177536010742
16624,405717,5446234,0.39632636308670044
16625,405717,1179377,0.3962855935096741
16626,405717,7838837,0.39626312255859375
16627,405717,4530966,0.3961392045021057
16628,405717,1969053,0.39608991146087646
16629,405717,2532212,0.39602911472320557
16630,405717,7730203,0.39584898948669434
16631,405717,3624039,0.39581021666526794
16632,405717,7608038,0.3957439064979553
16633,405717,2363451,0.39569735527038574
16634,405717,5048323,0.39553102850914
16635,405717,6725571,0.3955004811286926
16636,405717,4358765,0.3954731225967407
16637,405717,4029307,0.39543190598487854
16638,405717,702389,0.3952065706253052
16639,405717,1007467,0.39519214630126953
16640,405717,980689,0.39514821767807007
16641,405717,4136526,0.39511728286743164
16642,405717,4065605,0.39498257637023926
16643,405717,4293327,0.39486396312713623
16644,405717,208213,0.3948211371898651
16645,405717,8203420,0.3946532905101776
16646,405717,4432158,0.39450401067733765
16647,405717,3612479,0.39440107345581055
16648,405717,1415027,0.3944004476070404
16649,405717,3252491,0.3943924903869629
16650,405717,8817597,0.39430248737335205
16651,405717,8105721,0.3941718339920044
16652,405717,1589743,0.39409586787223816
16653,405717,8204075,0.3939782381057739
16654,405717,3358031,0.3938438296318054
16655,405717,2718967,0.3938080072402954
16656,405717,4763882,0.39355790615081787
16657,405717,2751516,0.3934253454208374
16658,405717,4960367,0.3933776021003723
16659,405717,6932378,0.3933601975440979
16660,405717,2642836,0.39327573776245117
16661,405717,4612844,0.39319634437561035
16662,405717,2665355,0.3931909203529358
16663,405717,1637843,0.3930056393146515
16664,405717,3506246,0.39296627044677734
16665,405717,2579040,0.3929520845413208
16666,405717,8411932,0.3928435146808624
16667,405717,4907116,0.3928176760673523
16668,405717,4482697,0.3927531838417053
16669,405717,158637,0.39273035526275635
16670,405717,8205107,0.39265018701553345
16671,405717,2789172,0.39259570837020874
16672,405717,8446901,0.3925528824329376
16673,405717,1415021,0.39252352714538574
16674,405717,5142116,0.39250820875167847
16675,405717,4851037,0.39247575402259827
16676,405717,8433859,0.3924686312675476
16677,405717,758588,0.3923928141593933
16678,405717,6936446,0.3922240138053894
16679,405717,1897620,0.3921438157558441
16680,405717,4489801,0.39209142327308655
16681,405717,1295936,0.39206036925315857
16682,405717,38833,0.39203721284866333
16683,405717,5084997,0.3919742703437805
16684,405717,2626191,0.3919737935066223
16685,405717,3387888,0.3919370770454407
16686,405717,6428368,0.39188987016677856
16687,405717,4315360,0.3918613791465759
16688,405717,3612483,0.39183568954467773
16689,405717,4155501,0.3917994499206543
16690,405717,5198594,0.3917607069015503
16691,405717,5690239,0.3916883170604706
16692,405717,953489,0.39160361886024475
16693,405717,1459734,0.39147472381591797
16694,405717,4315356,0.3914153277873993
16695,405717,3865758,0.3913654386997223
16696,405717,1998382,0.3913119435310364
16697,405717,3618547,0.3912429213523865
16698,405717,7571140,0.3911762237548828
16699,405717,4370157,0.39117303490638733
16700,405717,4709306,0.3911513686180115
16701,405717,1024533,0.3910139799118042
16702,405717,6107395,0.3910125494003296
16703,405717,6056506,0.3908834457397461
16704,405717,582696,0.3908752202987671
16705,405717,3917341,0.39066287875175476
16706,405717,1878824,0.3905879557132721
16707,405717,3638620,0.3905707001686096
16708,405717,8433857,0.3904151916503906
16709,405717,2867847,0.39026468992233276
16710,405717,402081,0.39010849595069885
16711,405717,2702426,0.39005282521247864
16712,405717,8519930,0.3899790048599243
16713,405717,8727557,0.3898465931415558
16714,405717,5742660,0.38977736234664917
16715,405717,3354561,0.3896963596343994
16716,405717,5095539,0.3896435499191284
16717,405717,2408439,0.38958147168159485
16718,405717,1595018,0.38952529430389404
16719,405717,1309829,0.38948914408683777
16720,405717,2018536,0.38947731256484985
16721,405717,1797394,0.3894011974334717
16722,405717,5391923,0.389276385307312
16723,405717,5428441,0.38916969299316406
16724,405717,7752178,0.38912683725357056
16725,405717,7571136,0.3890397548675537
16726,405717,896643,0.38897451758384705
16727,405717,3148739,0.3889118731021881
16728,405717,1866446,0.3888196349143982
16729,405717,2122049,0.38875460624694824
16730,405717,2039205,0.3887253403663635
16731,405717,3368182,0.38868147134780884
16732,405717,5751655,0.38866716623306274
16733,405717,3095573,0.38865554332733154
16734,405717,4106875,0.38847383856773376
16735,405717,7722030,0.3884579539299011
16736,405717,5391921,0.3884442150592804
16737,405717,7747965,0.3883543610572815
16738,405717,7534542,0.3883238732814789
16739,405717,5112810,0.388314425945282
16740,405717,2906481,0.38807564973831177
16741,405717,1149989,0.38804376125335693
16742,405717,383797,0.3879357576370239
16743,405717,6769995,0.38792455196380615
16744,405717,5274649,0.38792088627815247
16745,405717,1059530,0.3878780007362366
16746,405717,2647102,0.38772284984588623
16747,405717,7832550,0.38759320974349976
16748,405717,4744006,0.3875710964202881
16749,405717,5391924,0.38744935393333435
16750,405717,2867848,0.3873826563358307
16751,405717,5286062,0.38735246658325195
16752,405717,8533801,0.3873226046562195
16753,405717,7288992,0.38729190826416016
16754,405717,3528982,0.38725072145462036
16755,405717,3839964,0.387111097574234
16756,405717,547790,0.38708728551864624
16757,405717,6936444,0.38699084520339966
16758,405717,5198590,0.3869886100292206
16759,405717,7307701,0.3867827355861664
16760,405717,3213460,0.38677719235420227
16761,405717,3908213,0.3867042064666748
16762,405717,2089,0.3866899609565735
16763,405717,4315353,0.3866763412952423
16764,405717,3376652,0.38664212822914124
16765,405717,5670982,0.3864923119544983
16766,405717,314007,0.3864813446998596
16767,405717,6932376,0.38643747568130493
16768,405717,5391919,0.38640397787094116
16769,405717,7404655,0.3863590955734253
16770,405717,3379919,0.3863272964954376
16771,405717,8693174,0.38628828525543213
16772,405717,6107386,0.38623929023742676
16773,405717,623688,0.3861461877822876
16774,405717,4670911,0.38609641790390015
16775,405717,814865,0.38607585430145264
16776,405717,7197058,0.3860642910003662
16777,405717,1007470,0.38601601123809814
16778,405717,6426481,0.3860117197036743
16779,405717,5544651,0.3859572410583496
16780,405717,1459736,0.385850727558136
16781,405717,5516763,0.38584956526756287
16782,405717,7447722,0.38584375381469727
16783,405717,8411936,0.38580986857414246
16784,405717,656676,0.38578248023986816
16785,405717,6131123,0.38576868176460266
16786,405717,8725148,0.38575971126556396
16787,405717,3588300,0.3857314884662628
16788,405717,3756163,0.3856627345085144
16789,405717,3914744,0.3856584429740906
16790,405717,3586826,0.3856462836265564
16791,405717,5354531,0.38542819023132324
16792,405717,8789771,0.3850725591182709
16793,405717,2006651,0.38506677746772766
16794,405717,4960372,0.3850465416908264
16795,405717,2799227,0.3849427103996277
16796,405717,6076904,0.3848510980606079
16797,405717,4453111,0.38481757044792175
16798,405717,3199283,0.38480812311172485
16799,405717,7197060,0.38474392890930176
16800,405717,5262894,0.38472098112106323
16801,405717,8025538,0.38471519947052
16802,405717,3173903,0.38471031188964844
16803,405717,8359975,0.38470926880836487
16804,405717,5029089,0.3845699429512024
16805,405717,3487186,0.38456976413726807
16806,405717,2792627,0.3845534324645996
16807,405717,7037810,0.38453584909439087
16808,405717,3686362,0.3844369053840637
16809,405717,7541537,0.384427934885025
16810,405717,7447081,0.3843739628791809
16811,405717,7976431,0.38434743881225586
16812,405717,6449493,0.38434433937072754
16813,405717,7178318,0.3841753602027893
16814,405717,3301223,0.384171724319458
16815,405717,4510725,0.3841194808483124
16816,405717,3539647,0.38401949405670166
16817,405717,5101297,0.38397765159606934
16818,405717,1104307,0.3839142322540283
16819,405717,4851038,0.38389506936073303
16820,405717,7233989,0.3838898539543152
16821,405717,2726812,0.38385146856307983
16822,405717,5261301,0.3838321566581726
16823,405717,4825961,0.38380497694015503
16824,405717,3368179,0.38378453254699707
16825,405717,7589969,0.38378340005874634
16826,405717,5949724,0.383762925863266
16827,405717,7474474,0.38375529646873474
16828,405717,8764412,0.3837549090385437
16829,405717,8538840,0.3837132155895233
16830,405717,1956965,0.3836733102798462
16831,405717,767082,0.3835926055908203
16832,405717,4504666,0.3835527300834656
16833,405717,3571663,0.38354286551475525
16834,405717,6757086,0.3835183084011078
16835,405717,1415030,0.38351377844810486
16836,405717,4293329,0.3834681808948517
16837,405717,3123459,0.3832733929157257
16838,405717,506336,0.3832250237464905
16839,405717,3036119,0.3830602765083313
16840,405717,4803715,0.3829593062400818
16841,405717,8519927,0.3829483687877655
16842,405717,3276085,0.3826448321342468
16843,405717,4660208,0.382538378238678
16844,405717,8287806,0.38251161575317383
16845,405717,2134055,0.382429301738739
16846,405717,5311602,0.38237154483795166
16847,405717,3033902,0.3821607232093811
16848,405717,6495514,0.38211387395858765
16849,405717,747021,0.3820874094963074
16850,405717,2060326,0.38204851746559143
16851,405717,3743462,0.3820118010044098
16852,405717,5633762,0.3818740248680115
16853,405717,278263,0.3818422257900238
16854,405717,2768521,0.38181865215301514
16855,405717,2453792,0.3817894160747528
16856,405717,5320799,0.3817487061023712
16857,405717,4293330,0.381710946559906
16858,405717,3064463,0.3815172016620636
16859,405717,5248459,0.38143545389175415
16860,405717,5251337,0.3813020884990692
16861,405717,6358407,0.3812977075576782
16862,405717,7438640,0.38127657771110535
16863,405717,6366429,0.38121497631073
16864,405717,8003013,0.3812113404273987
16865,405717,8510220,0.38120806217193604
16866,405717,5668740,0.3811838924884796
16867,405717,5687784,0.3811371326446533
16868,405717,5176223,0.38108760118484497
16869,405717,8359979,0.3810817003250122
16870,405717,3875128,0.38104620575904846
16871,405717,5857563,0.3809053301811218
16872,405717,4136523,0.3808179795742035
16873,405717,985755,0.3806919455528259
16874,405717,218271,0.38068026304244995
16875,405717,8153675,0.38051265478134155
16876,405717,4002937,0.38050711154937744
16877,405717,2514105,0.38045844435691833
16878,405717,7663604,0.38042527437210083
16879,405717,5422183,0.38041168451309204
16880,405717,2050630,0.3803473711013794
16881,405717,1198536,0.38023996353149414
16882,405717,4751439,0.38023585081100464
16883,405717,5079486,0.38021528720855713
16884,405717,6982158,0.3801574409008026
16885,405717,2060329,0.38013800978660583
16886,405717,1976517,0.3801265060901642
16887,405717,3586833,0.3799116611480713
16888,405717,4290444,0.37985754013061523
16889,405717,288708,0.37984535098075867
16890,405717,5325881,0.3798016309738159
16891,405717,8752912,0.37979891896247864
16892,405717,8752910,0.3797764182090759
16893,405717,6481969,0.37971100211143494
16894,405717,7539054,0.3797052800655365
16895,405717,2308313,0.37961259484291077
16896,405717,429230,0.3795912563800812
16897,405717,4630249,0.37955695390701294
16898,405717,8506917,0.3795493245124817
16899,405717,4002943,0.379427045583725
16900,405717,8510121,0.37938693165779114
16901,405717,3920345,0.3793611526489258
16902,405717,1089848,0.37930828332901
16903,405717,3354566,0.37917405366897583
16904,405717,5588175,0.3791354298591614
16905,405717,6982160,0.37911444902420044
16906,405717,1464149,0.378997802734375
16907,405717,4705400,0.3789104223251343
16908,405717,656681,0.37886521220207214
16909,405717,1731830,0.378789484500885
16910,405717,1437529,0.37877196073532104
16911,405717,900823,0.3787587881088257
16912,405717,1164740,0.3787563741207123
16913,405717,7838833,0.37874603271484375
16914,405717,2402274,0.3786504864692688
16915,405717,2514104,0.3786434829235077
16916,405717,4918800,0.3785950839519501
16917,405717,2050637,0.37858808040618896
16918,405717,3726545,0.37858355045318604
16919,405717,5183403,0.37848952412605286
16920,405717,4098929,0.37842023372650146
16921,405717,4867132,0.3784038722515106
16922,405717,3007835,0.37836992740631104
16923,405717,2763778,0.3783520460128784
16924,405717,2206072,0.37821948528289795
16925,405717,5047018,0.3781689405441284
16926,405717,3767775,0.37790000438690186
16927,405717,429226,0.37789636850357056
16928,405717,5690235,0.3776535987854004
16929,405717,1983179,0.3776484727859497
16930,405717,2739905,0.37762632966041565
16931,405717,128,0.3775356411933899
16932,405717,3822055,0.3773801326751709
16933,405717,8610263,0.37737900018692017
16934,405717,8188473,0.37736836075782776
16935,405717,4657917,0.3772912621498108
16936,405717,7013689,0.37718844413757324
16937,405717,2347443,0.37708210945129395
16938,405717,4386098,0.3770766854286194
16939,405717,3753490,0.37694478034973145
16940,405717,3839967,0.3768954575061798
16941,405717,2052418,0.3765450716018677
16942,405717,6131121,0.37651365995407104
16943,405717,2237785,0.37648308277130127
16944,405717,4929748,0.3764430582523346
16945,405717,7198884,0.37638622522354126
16946,405717,582692,0.3763777017593384
16947,405717,506331,0.3762034773826599
16948,405717,5440697,0.37617266178131104
16949,405717,3807783,0.37610113620758057
16950,405717,7850029,0.3760896325111389
16951,405717,1976513,0.37599438428878784
16952,405717,3180949,0.37587040662765503
16953,405717,1998381,0.37586021423339844
16954,405717,2402276,0.37582263350486755
16955,405717,5300534,0.37570619583129883
16956,405717,5793856,0.3756996989250183
16957,405717,5476968,0.3756679892539978
16958,405717,5840334,0.3755567669868469
16959,405717,1415022,0.3755512237548828
16960,405717,3446674,0.37551501393318176
16961,405717,7608042,0.37548524141311646
16962,405717,7045725,0.3753562271595001
16963,405717,4363040,0.37535160779953003
16964,405717,1370083,0.3753150999546051
16965,405717,2486482,0.37523189187049866
16966,405717,2739910,0.3752252459526062
16967,405717,350839,0.3749871850013733
16968,405717,1024529,0.37496304512023926
16969,405717,6169674,0.37495505809783936
16970,405717,2181206,0.37492719292640686
16971,405717,8685274,0.3748316168785095
16972,405717,2626657,0.3748164176940918
16973,405717,3261788,0.3746972382068634
16974,405717,4453109,0.3746936619281769
16975,405717,4489807,0.37465786933898926
16976,405717,4825962,0.3746534585952759
16977,405717,3800268,0.3745628297328949
16978,405717,5668737,0.374541699886322
16979,405717,1459729,0.3745255768299103
16980,405717,2486487,0.3745156526565552
16981,405717,7639599,0.37448012828826904
16982,405717,742369,0.3743731677532196
16983,405717,5056127,0.37432029843330383
16984,405717,4706790,0.3742801547050476
16985,405717,1465488,0.3740820288658142
16986,405717,6058442,0.37407732009887695
16987,405717,3822056,0.37396377325057983
16988,405717,5638736,0.3739258944988251
16989,405717,4456865,0.3738953471183777
16990,405717,6136267,0.3738918602466583
16991,405717,7556884,0.3737378716468811
16992,405717,2344137,0.3737255334854126
16993,405717,5198593,0.3737249970436096
16994,405717,4834402,0.37371277809143066
16995,405717,3037919,0.3736899495124817
16996,405717,4918805,0.37368616461753845
16997,405717,8170370,0.37365734577178955
16998,405717,3994737,0.3736377954483032
16999,405717,2621464,0.3736090660095215
17000,443396,8536118,0.6178432703018188
17001,443396,5065439,0.4996897578239441
17002,443396,8536123,0.49168911576271057
17003,443396,4052112,0.4855464696884155
17004,443396,2618792,0.4740242660045624
17005,443396,1465664,0.47263747453689575
17006,443396,3323246,0.4682462215423584
17007,443396,4526747,0.46664029359817505
17008,443396,2490482,0.45688408613204956
17009,443396,6045367,0.4527600407600403
17010,443396,5298995,0.4527495801448822
17011,443396,5053511,0.442277729511261
17012,443396,8079040,0.4400215744972229
17013,443396,2316507,0.4389762282371521
17014,443396,7251120,0.43524569272994995
17015,443396,2256438,0.4336216151714325
17016,443396,3846803,0.4335360527038574
17017,443396,8107083,0.4319453239440918
17018,443396,4792655,0.4315876364707947
17019,443396,456710,0.42909467220306396
17020,443396,1465667,0.42855507135391235
17021,443396,6487763,0.42773735523223877
17022,443396,5515426,0.4267076551914215
17023,443396,8793491,0.42627400159835815
17024,443396,5762731,0.42538174986839294
17025,443396,4526744,0.4213876724243164
17026,443396,6045372,0.42045292258262634
17027,443396,1203027,0.4197227358818054
17028,443396,8000564,0.4192799925804138
17029,443396,2098475,0.41905736923217773
17030,443396,8107084,0.41853100061416626
17031,443396,6977517,0.41824430227279663
17032,443396,3007982,0.4169800877571106
17033,443396,8079046,0.4167812168598175
17034,443396,2007121,0.4157891869544983
17035,443396,2147617,0.4148215055465698
17036,443396,3299623,0.41361570358276367
17037,443396,2053542,0.4117307662963867
17038,443396,8741528,0.41122350096702576
17039,443396,8741523,0.410988450050354
17040,443396,8480383,0.4104268252849579
17041,443396,8536122,0.40979719161987305
17042,443396,2603484,0.4086295962333679
17043,443396,2462625,0.40837159752845764
17044,443396,4792653,0.40799885988235474
17045,443396,7810732,0.40782803297042847
17046,443396,7228229,0.4074026346206665
17047,443396,6904785,0.4060126543045044
17048,443396,1043986,0.40521353483200073
17049,443396,6904787,0.40510159730911255
17050,443396,2986489,0.40486735105514526
17051,443396,5838983,0.4048328697681427
17052,443396,8543650,0.4044719338417053
17053,443396,4052116,0.40399837493896484
17054,443396,2680908,0.40383392572402954
17055,443396,4205264,0.4035190939903259
17056,443396,6769710,0.40296852588653564
17057,443396,2256437,0.4028846323490143
17058,443396,456708,0.40145498514175415
17059,443396,8107076,0.40143632888793945
17060,443396,2490486,0.40125972032546997
17061,443396,7620279,0.40014442801475525
17062,443396,3239566,0.40007641911506653
17063,443396,2461742,0.40002506971359253
17064,443396,300084,0.3998064398765564
17065,443396,734151,0.3997231125831604
17066,443396,8173958,0.3990299701690674
17067,443396,6041941,0.39893394708633423
17068,443396,5838984,0.39888235926628113
17069,443396,1478870,0.39880168437957764
17070,443396,5838987,0.39862287044525146
17071,443396,750052,0.3984863758087158
17072,443396,7518277,0.398221880197525
17073,443396,8277743,0.3971201777458191
17074,443396,8171402,0.3970092236995697
17075,443396,4825928,0.3968501091003418
17076,443396,4774862,0.3960702419281006
17077,443396,2321783,0.39605793356895447
17078,443396,8319484,0.39599159359931946
17079,443396,2373504,0.395893931388855
17080,443396,6172705,0.39555126428604126
17081,443396,2249764,0.39547139406204224
17082,443396,2057492,0.3954126238822937
17083,443396,4052118,0.39438197016716003
17084,443396,4052120,0.3942238986492157
17085,443396,4511831,0.3932652771472931
17086,443396,8204781,0.3931182622909546
17087,443396,355277,0.39304816722869873
17088,443396,2693006,0.3928539752960205
17089,443396,6060143,0.39272892475128174
17090,443396,6541855,0.392581582069397
17091,443396,415575,0.39223653078079224
17092,443396,2217161,0.39191603660583496
17093,443396,4778982,0.3918516933917999
17094,443396,750049,0.3916681408882141
17095,443396,1478871,0.3912888169288635
17096,443396,8003420,0.3906576335430145
17097,443396,7212129,0.3899631202220917
17098,443396,4792650,0.3897174298763275
17099,443396,360232,0.3896290957927704
17100,443396,4347510,0.38940128684043884
17101,443396,6974032,0.38910433650016785
17102,443396,4664712,0.3889014720916748
17103,443396,3610485,0.38878852128982544
17104,443396,3103995,0.3883094787597656
17105,443396,3439493,0.38814491033554077
17106,443396,2603486,0.3880780339241028
17107,443396,119472,0.38795551657676697
17108,443396,8468399,0.38790595531463623
17109,443396,4760446,0.3874751627445221
17110,443396,4128114,0.38727301359176636
17111,443396,6045371,0.3871769905090332
17112,443396,3599520,0.38713932037353516
17113,443396,7518270,0.38636425137519836
17114,443396,1695321,0.385748952627182
17115,443396,5076056,0.3856847882270813
17116,443396,7228230,0.3856627345085144
17117,443396,4792649,0.38555023074150085
17118,443396,8048248,0.3854939341545105
17119,443396,858217,0.3854033350944519
17120,443396,3281495,0.38537168502807617
17121,443396,3846799,0.38534626364707947
17122,443396,1833064,0.3852340877056122
17123,443396,4774806,0.3849775195121765
17124,443396,5174356,0.3849245011806488
17125,443396,5025118,0.38478797674179077
17126,443396,6953654,0.384615033864975
17127,443396,8480381,0.3843587636947632
17128,443396,1478872,0.38401955366134644
17129,443396,7405625,0.38377809524536133
17130,443396,2787980,0.3835076093673706
17131,443396,5775954,0.38325393199920654
17132,443396,523589,0.3830845057964325
17133,443396,5921406,0.3828137516975403
17134,443396,5405510,0.382580041885376
17135,443396,2826805,0.3825075626373291
17136,443396,8073468,0.38233596086502075
17137,443396,7047747,0.38216090202331543
17138,443396,1038020,0.38200777769088745
17139,443396,3103994,0.38195928931236267
17140,443396,6334888,0.3817675709724426
17141,443396,2638076,0.38132941722869873
17142,443396,6760393,0.3812676668167114
17143,443396,209709,0.3811650276184082
17144,443396,4556746,0.3811633884906769
17145,443396,1014565,0.3811274766921997
17146,443396,5923932,0.3811114430427551
17147,443396,7743178,0.38106560707092285
17148,443396,5625091,0.3810238838195801
17149,443396,7518274,0.3808327317237854
17150,443396,7746190,0.38007283210754395
17151,443396,1149682,0.3798403739929199
17152,443396,8757231,0.37975984811782837
17153,443396,30669,0.3796488642692566
17154,443396,56044,0.3793002963066101
17155,443396,5314213,0.37926918268203735
17156,443396,4936766,0.3792169392108917
17157,443396,1043994,0.3791849613189697
17158,443396,6473800,0.37902581691741943
17159,443396,6155180,0.37890881299972534
17160,443396,8215414,0.37874752283096313
17161,443396,396004,0.378606915473938
17162,443396,3944775,0.3785308599472046
17163,443396,544288,0.37843233346939087
17164,443396,6117217,0.37841522693634033
17165,443396,6157167,0.37768739461898804
17166,443396,8761940,0.37766507267951965
17167,443396,1433428,0.3772904872894287
17168,443396,1433429,0.3770609498023987
17169,443396,5371589,0.3770448863506317
17170,443396,7151849,0.37692660093307495
17171,443396,8233796,0.37691181898117065
17172,443396,5372450,0.37685224413871765
17173,443396,911346,0.3768375515937805
17174,443396,6239618,0.3767504096031189
17175,443396,7656644,0.3766840100288391
17176,443396,437266,0.3766814172267914
17177,443396,3136434,0.37667039036750793
17178,443396,1043988,0.3763987421989441
17179,443396,7381007,0.3762284815311432
17180,443396,4556747,0.37618082761764526
17181,443396,4520525,0.37613993883132935
17182,443396,3125314,0.3760577440261841
17183,443396,4664718,0.3760155141353607
17184,443396,1668918,0.37517309188842773
17185,443396,1055834,0.3750855028629303
17186,443396,3617225,0.3750547468662262
17187,443396,2461741,0.3745587170124054
17188,443396,8260505,0.3745397627353668
17189,443396,4636736,0.37444061040878296
17190,443396,5852818,0.3742101192474365
17191,443396,7965225,0.3742015063762665
17192,443396,415577,0.3741086423397064
17193,443396,6824472,0.37404608726501465
17194,443396,3029383,0.37393125891685486
17195,443396,882902,0.3736904263496399
17196,443396,7746188,0.37353721261024475
17197,443396,465881,0.3734906315803528
17198,443396,2541743,0.37345221638679504
17199,443396,92373,0.3733822703361511
17200,443396,2163064,0.37332019209861755
17201,443396,1636190,0.372963547706604
17202,443396,6067946,0.37291502952575684
17203,443396,5371593,0.37262317538261414
17204,443396,7703621,0.3725295066833496
17205,443396,882903,0.372435599565506
17206,443396,734148,0.37228867411613464
17207,443396,1380658,0.37225341796875
17208,443396,2113959,0.3721272647380829
17209,443396,2638081,0.3718978762626648
17210,443396,4825925,0.3718721866607666
17211,443396,1552271,0.3717612028121948
17212,443396,1774582,0.37170231342315674
17213,443396,2965622,0.3716833293437958
17214,443396,950666,0.37159454822540283
17215,443396,156039,0.37154412269592285
17216,443396,750177,0.37152233719825745
17217,443396,4041361,0.37149953842163086
17218,443396,6815696,0.37135469913482666
17219,443396,415581,0.3712734580039978
17220,443396,1153748,0.3712521195411682
17221,443396,265744,0.37110939621925354
17222,443396,7746194,0.37083858251571655
17223,443396,6956596,0.3703312873840332
17224,443396,2223989,0.37026119232177734
17225,443396,7698076,0.3701890707015991
17226,443396,2947133,0.3701775372028351
17227,443396,5027088,0.36995935440063477
17228,443396,6206074,0.36960703134536743
17229,443396,2143842,0.3695843517780304
17230,443396,7862479,0.3693079650402069
17231,443396,459147,0.3692306876182556
17232,443396,1038019,0.36911261081695557
17233,443396,6474975,0.3689560294151306
17234,443396,685124,0.36894574761390686
17235,443396,2790352,0.36886852979660034
17236,443396,3795567,0.36861884593963623
17237,443396,7141723,0.3686104416847229
17238,443396,5139688,0.36843323707580566
17239,443396,1790274,0.3683449923992157
17240,443396,5309493,0.36833393573760986
17241,443396,974051,0.36825817823410034
17242,443396,8354320,0.3680605888366699
17243,443396,5919206,0.3679690361022949
17244,443396,975893,0.3678304851055145
17245,443396,7743176,0.3677975535392761
17246,443396,5309498,0.36776626110076904
17247,443396,8101844,0.3676987290382385
17248,443396,3079362,0.36755725741386414
17249,443396,3145920,0.36734727025032043
17250,443396,8177720,0.367233008146286
17251,443396,8757233,0.36720192432403564
17252,443396,7703618,0.36700111627578735
17253,443396,5156956,0.3666311204433441
17254,443396,4684880,0.36617255210876465
17255,443396,7911766,0.36617058515548706
17256,443396,5880317,0.3661545515060425
17257,443396,7965223,0.3658524453639984
17258,443396,750179,0.3656964898109436
17259,443396,3103988,0.36565685272216797
17260,443396,5380493,0.3656202554702759
17261,443396,7750206,0.3655432462692261
17262,443396,7105743,0.3654834032058716
17263,443396,8686311,0.36538511514663696
17264,443396,1938192,0.36538422107696533
17265,443396,6601935,0.36532074213027954
17266,443396,4893166,0.3652576208114624
17267,443396,2603077,0.36524832248687744
17268,443396,967174,0.3652379512786865
17269,443396,8354325,0.36523568630218506
17270,443396,2807394,0.36493024230003357
17271,443396,6408284,0.3648834228515625
17272,443396,6858535,0.3648674488067627
17273,443396,251252,0.3648361563682556
17274,443396,465883,0.36482924222946167
17275,443396,6639382,0.36470675468444824
17276,443396,7077502,0.3646555244922638
17277,443396,7061193,0.36440810561180115
17278,443396,8204778,0.3644018769264221
17279,443396,1396299,0.3643326461315155
17280,443396,3315570,0.36400866508483887
17281,443396,7372713,0.36396491527557373
17282,443396,7705947,0.36392074823379517
17283,443396,2603075,0.3639180660247803
17284,443396,7381006,0.3638671636581421
17285,443396,6720316,0.3638306260108948
17286,443396,3565597,0.3637804687023163
17287,443396,2139077,0.3636946678161621
17288,443396,2194632,0.36367496848106384
17289,443396,8428544,0.3636617064476013
17290,443396,1677637,0.36358338594436646
17291,443396,5622770,0.3635793924331665
17292,443396,8101847,0.3634371757507324
17293,443396,3125310,0.3634188771247864
17294,443396,7672425,0.36329519748687744
17295,443396,5894887,0.36325716972351074
17296,443396,2790351,0.36321645975112915
17297,443396,4439175,0.36313337087631226
17298,443396,2807398,0.36307671666145325
17299,443396,8171781,0.36304807662963867
17300,443396,1480589,0.3630334138870239
17301,443396,251249,0.3629204332828522
17302,443396,4792652,0.3629084825515747
17303,443396,8741524,0.3628968596458435
17304,443396,1512757,0.3628905415534973
17305,443396,4922137,0.36284226179122925
17306,443396,8380015,0.36270830035209656
17307,443396,7348766,0.3627011179924011
17308,443396,3940874,0.3626864552497864
17309,443396,2619779,0.3626355826854706
17310,443396,8580635,0.3626056909561157
17311,443396,7657917,0.362595796585083
17312,443396,7131467,0.36257612705230713
17313,443396,3083518,0.36253368854522705
17314,443396,6406032,0.3625045418739319
17315,443396,2765141,0.3624788522720337
17316,443396,7453339,0.3623412251472473
17317,443396,7192992,0.3622216582298279
17318,443396,5384319,0.36194169521331787
17319,443396,8073464,0.36193597316741943
17320,443396,8205483,0.36181914806365967
17321,443396,5298992,0.3617575168609619
17322,443396,4774870,0.36170098185539246
17323,443396,8164123,0.3616393208503723
17324,443396,7750208,0.3615115284919739
17325,443396,518563,0.36145874857902527
17326,443396,2321782,0.36125120520591736
17327,443396,8393286,0.3612026572227478
17328,443396,3872659,0.3609423339366913
17329,443396,7432254,0.3608578145503998
17330,443396,4560896,0.36076831817626953
17331,443396,4792654,0.36066752672195435
17332,443396,7192989,0.3606613278388977
17333,443396,7064724,0.3606500029563904
17334,443396,1784496,0.3606475591659546
17335,443396,1489947,0.3606310486793518
17336,443396,4526781,0.36051836609840393
17337,443396,1188484,0.36044982075691223
17338,443396,401941,0.3603827655315399
17339,443396,446568,0.36026352643966675
17340,443396,6877736,0.36021801829338074
17341,443396,2028856,0.36020007729530334
17342,443396,725743,0.3600972294807434
17343,443396,1588964,0.35993504524230957
17344,443396,7499667,0.3599241375923157
17345,443396,3814390,0.35990452766418457
17346,443396,3780612,0.3598436117172241
17347,443396,6984380,0.35980427265167236
17348,443396,5534749,0.35976681113243103
17349,443396,1014568,0.3597073554992676
17350,443396,3607093,0.3595759868621826
17351,443396,3256971,0.35949844121932983
17352,443396,7245335,0.35948261618614197
17353,443396,8561951,0.3593142032623291
17354,443396,3546385,0.3592786192893982
17355,443396,206745,0.35918474197387695
17356,443396,6652907,0.3591536283493042
17357,443396,685118,0.3590583801269531
17358,443396,734149,0.3590151369571686
17359,443396,8164129,0.358987033367157
17360,443396,4274066,0.3587350845336914
17361,443396,8235128,0.35869941115379333
17362,443396,4900486,0.35855501890182495
17363,443396,484427,0.35853493213653564
17364,443396,8536121,0.35838213562965393
17365,443396,469174,0.35837534070014954
17366,443396,6533287,0.3583684265613556
17367,443396,8108607,0.3583451211452484
17368,443396,409438,0.35832327604293823
17369,443396,2143847,0.35829490423202515
17370,443396,3270218,0.35828596353530884
17371,443396,50183,0.3582640290260315
17372,443396,2863310,0.358216792345047
17373,443396,8390334,0.3582090139389038
17374,443396,5172903,0.3581196665763855
17375,443396,4385770,0.35810643434524536
17376,443396,5836915,0.35805588960647583
17377,443396,4328504,0.35799920558929443
17378,443396,2382397,0.3579977750778198
17379,443396,3624060,0.3577737510204315
17380,443396,6815684,0.3575877547264099
17381,443396,420767,0.3574012517929077
17382,443396,2976741,0.35729092359542847
17383,443396,8761939,0.3572889566421509
17384,443396,4804309,0.3571828305721283
17385,443396,1774583,0.3571038246154785
17386,443396,1098238,0.35693714022636414
17387,443396,4654994,0.35690778493881226
17388,443396,6670412,0.35687053203582764
17389,443396,4041358,0.35683807730674744
17390,443396,8260504,0.35678648948669434
17391,443396,6142674,0.35674259066581726
17392,443396,2241875,0.35661280155181885
17393,443396,7817691,0.3565616011619568
17394,443396,7381475,0.35644543170928955
17395,443396,6928160,0.35644155740737915
17396,443396,4664715,0.3563631772994995
17397,443396,3292644,0.35626399517059326
17398,443396,8022340,0.35617268085479736
17399,443396,1237675,0.35607051849365234
17400,443396,8204780,0.35606297850608826
17401,443396,4249536,0.356045126914978
17402,443396,241410,0.3559831380844116
17403,443396,1957825,0.35591185092926025
17404,443396,3351189,0.35581910610198975
17405,443396,8287125,0.35578757524490356
17406,443396,6414670,0.3557749390602112
17407,443396,1091614,0.3557048439979553
17408,443396,4236355,0.35570380091667175
17409,443396,1512753,0.3556557297706604
17410,443396,3292648,0.35560011863708496
17411,443396,5639409,0.3555665612220764
17412,443396,5783643,0.35554206371307373
17413,443396,8558781,0.35551971197128296
17414,443396,6720318,0.3555041551589966
17415,443396,7283681,0.3554997146129608
17416,443396,8101851,0.35544565320014954
17417,443396,1059668,0.3554038405418396
17418,443396,1394241,0.3553165793418884
17419,443396,5371598,0.3552699089050293
17420,443396,3616224,0.35523369908332825
17421,443396,5097194,0.3552054166793823
17422,443396,3301708,0.35518598556518555
17423,443396,6752435,0.3551322817802429
17424,443396,6085987,0.3551083207130432
17425,443396,6168532,0.3549940586090088
17426,443396,6259511,0.3549465537071228
17427,443396,708263,0.35492730140686035
17428,443396,360229,0.35491132736206055
17429,443396,5842377,0.3548136353492737
17430,443396,1178479,0.35479533672332764
17431,443396,1721283,0.35464489459991455
17432,443396,5495175,0.354547381401062
17433,443396,7453514,0.35451892018318176
17434,443396,1934011,0.35448339581489563
17435,443396,251251,0.3544085621833801
17436,443396,5867831,0.3543127775192261
17437,443396,5097191,0.35421061515808105
17438,443396,4315899,0.3540211319923401
17439,443396,6619535,0.3538709282875061
17440,443396,2508750,0.3538568615913391
17441,443396,2863315,0.35382336378097534
17442,443396,2920917,0.3538140058517456
17443,443396,6045366,0.353740394115448
17444,443396,559695,0.35371923446655273
17445,443396,5764082,0.3535615801811218
17446,443396,3760179,0.3535025715827942
17447,443396,8601276,0.35347798466682434
17448,443396,167428,0.3534776270389557
17449,443396,1743828,0.3534749746322632
17450,443396,4622733,0.3533758521080017
17451,443396,7615587,0.35321182012557983
17452,443396,4456615,0.3530919551849365
17453,443396,2807399,0.3530607223510742
17454,443396,1268380,0.3530574440956116
17455,443396,4856078,0.3530532717704773
17456,443396,1279973,0.3529714047908783
17457,443396,4225112,0.35279297828674316
17458,443396,4799875,0.35279011726379395
17459,443396,1652444,0.35267093777656555
17460,443396,7683030,0.3526562750339508
17461,443396,8397809,0.3525109887123108
17462,443396,603530,0.35244661569595337
17463,443396,1396297,0.35235944390296936
17464,443396,8101849,0.35208624601364136
17465,443396,4864260,0.35206300020217896
17466,443396,685125,0.35200223326683044
17467,443396,1237524,0.3519354462623596
17468,443396,815307,0.35168787837028503
17469,443396,4083902,0.3516789674758911
17470,443396,7283678,0.3515161871910095
17471,443396,7234071,0.351503849029541
17472,443396,692367,0.3514428734779358
17473,443396,7906999,0.35139286518096924
17474,443396,7116661,0.35134315490722656
17475,443396,2621838,0.3513118624687195
17476,443396,7792897,0.35124528408050537
17477,443396,5762733,0.35111480951309204
17478,443396,1183033,0.3511143922805786
17479,443396,7772867,0.3509629964828491
17480,443396,3690992,0.3509264886379242
17481,443396,3145917,0.3508942127227783
17482,443396,8658464,0.35085904598236084
17483,443396,2555483,0.3508278429508209
17484,443396,3557602,0.35078567266464233
17485,443396,2223980,0.3507829010486603
17486,443396,1944011,0.35076868534088135
17487,443396,3906612,0.3507431447505951
17488,443396,5404318,0.35066795349121094
17489,443396,8329282,0.35046082735061646
17490,443396,1722832,0.350334107875824
17491,443396,1196341,0.35026800632476807
17492,443396,6127565,0.350131630897522
17493,443396,6902812,0.3501017391681671
17494,443396,3407129,0.3499613106250763
17495,443396,208254,0.3498685956001282
17496,443396,4804310,0.3498544692993164
17497,443396,5902981,0.3498462438583374
17498,443396,1117801,0.34981799125671387
17499,443396,6909157,0.34976738691329956
17500,443396,4804313,0.3495854139328003
17501,443396,5801387,0.3495487868785858
17502,443396,1433431,0.34945783019065857
17503,443396,407450,0.3494541347026825
17504,443396,6515958,0.34942707419395447
17505,443396,7140873,0.3493223786354065
17506,443396,360227,0.3492807447910309
17507,443396,1682735,0.34926530718803406
17508,443396,814481,0.34925490617752075
17509,443396,4748213,0.34918269515037537
17510,443396,4825932,0.34917908906936646
17511,443396,1186572,0.3491721749305725
17512,443396,8797101,0.34904539585113525
17513,443396,7799996,0.34888768196105957
17514,443396,437268,0.34880775213241577
17515,443396,2558949,0.3487761616706848
17516,443396,641194,0.3487611413002014
17517,443396,2979807,0.34873393177986145
17518,443396,7046208,0.3487311005592346
17519,443396,2250065,0.3486359715461731
17520,443396,8424367,0.34848377108573914
17521,443396,2153571,0.3484232425689697
17522,443396,2785186,0.3483158349990845
17523,443396,2976738,0.34830141067504883
17524,443396,2234402,0.3482815623283386
17525,443396,275265,0.34820324182510376
17526,443396,1774585,0.348192036151886
17527,443396,3953048,0.3481557071208954
17528,443396,7434958,0.34800979495048523
17529,443396,78218,0.347947359085083
17530,443396,2897851,0.3479398190975189
17531,443396,43112,0.34790194034576416
17532,443396,265739,0.34777581691741943
17533,443396,4475919,0.34769248962402344
17534,443396,332620,0.3476635813713074
17535,443396,5308111,0.34748005867004395
17536,443396,6886547,0.34746021032333374
17537,443396,4780962,0.34738659858703613
17538,443396,4099888,0.3473244309425354
17539,443396,8541768,0.34731605648994446
17540,443396,5380495,0.34724491834640503
17541,443396,4281748,0.34723734855651855
17542,443396,3782011,0.34720101952552795
17543,443396,1776574,0.3471370339393616
17544,443396,6724323,0.34708404541015625
17545,443396,3822801,0.34676891565322876
17546,443396,1529693,0.3467675745487213
17547,443396,1255228,0.34663450717926025
17548,443396,7370226,0.3466145396232605
17549,443396,2113967,0.3465747833251953
17550,443396,7469808,0.34656572341918945
17551,443396,3930061,0.3465192914009094
17552,443396,2789956,0.3463844656944275
17553,443396,3390595,0.34636127948760986
17554,443396,8641518,0.34634482860565186
17555,443396,336509,0.34628963470458984
17556,443396,8123285,0.3462759256362915
17557,443396,6984803,0.3462398052215576
17558,443396,7456020,0.3462110459804535
17559,443396,1216362,0.3461054563522339
17560,443396,6760090,0.34606069326400757
17561,443396,2013552,0.3460564911365509
17562,443396,7907001,0.3460092842578888
17563,443396,1751097,0.3459840714931488
17564,443396,5880311,0.34593603014945984
17565,443396,2274445,0.3458660840988159
17566,443396,7827521,0.3457942605018616
17567,443396,5796133,0.34574031829833984
17568,443396,4545459,0.34563466906547546
17569,443396,2174990,0.3456127345561981
17570,443396,1359451,0.34558534622192383
17571,443396,1733931,0.34544628858566284
17572,443396,4664714,0.3453935980796814
17573,443396,3821942,0.34535789489746094
17574,443396,6251245,0.34528589248657227
17575,443396,831756,0.3451386094093323
17576,443396,7190895,0.34494930505752563
17577,443396,1928081,0.3449488878250122
17578,443396,5764078,0.34489333629608154
17579,443396,1153751,0.34484362602233887
17580,443396,6168530,0.34479764103889465
17581,443396,6816475,0.34479522705078125
17582,443396,4528161,0.3447951078414917
17583,443396,8172096,0.34479472041130066
17584,443396,8078745,0.34464243054389954
17585,443396,4535277,0.344633549451828
17586,443396,4923366,0.34460800886154175
17587,443396,5298998,0.34459879994392395
17588,443396,7620278,0.34452390670776367
17589,443396,4573763,0.34450647234916687
17590,443396,882706,0.34447482228279114
17591,443396,7448545,0.344450980424881
17592,443396,7940771,0.34438931941986084
17593,443396,4236356,0.3443111777305603
17594,443396,1135607,0.34428274631500244
17595,443396,959018,0.3442782759666443
17596,443396,3467936,0.344208687543869
17597,443396,8097446,0.34414929151535034
17598,443396,6751181,0.3441423773765564
17599,443396,7848085,0.3441272974014282
17600,443396,7890882,0.3439982533454895
17601,443396,1833066,0.3439904451370239
17602,443396,3848272,0.34396976232528687
17603,443396,7598089,0.3439520597457886
17604,443396,6041942,0.34388041496276855
17605,443396,4362919,0.34386205673217773
17606,443396,1111773,0.34381139278411865
17607,443396,6600007,0.3437575697898865
17608,443396,8452378,0.34375089406967163
17609,443396,6471278,0.3436353802680969
17610,443396,7469812,0.34358859062194824
17611,443396,975605,0.34346526861190796
17612,443396,1379184,0.3434099555015564
17613,443396,4487130,0.3433809280395508
17614,443396,8728336,0.3433442711830139
17615,443396,5311443,0.3433225452899933
17616,443396,4536683,0.343305766582489
17617,443396,2870110,0.3432389199733734
17618,443396,7240516,0.3432316780090332
17619,443396,1183032,0.3432312309741974
17620,443396,8766363,0.34307682514190674
17621,443396,6150391,0.3430655896663666
17622,443396,3027399,0.34305691719055176
17623,443396,1281989,0.3428904414176941
17624,443396,2452962,0.3428557813167572
17625,443396,1379182,0.3428310751914978
17626,443396,4794184,0.3428225815296173
17627,443396,6430659,0.34282124042510986
17628,443396,6667025,0.34269464015960693
17629,443396,8320756,0.3426728844642639
17630,443396,1469068,0.3426545560359955
17631,443396,5811275,0.3426091969013214
17632,443396,996879,0.3426079750061035
17633,443396,6050905,0.3426078259944916
17634,443396,8195579,0.34258151054382324
17635,443396,7460613,0.34256410598754883
17636,443396,6354958,0.3425210118293762
17637,443396,867461,0.34251606464385986
17638,443396,4990852,0.3425113558769226
17639,443396,1780863,0.3425080478191376
17640,443396,5077335,0.34248459339141846
17641,443396,6430664,0.34236350655555725
17642,443396,3789693,0.3423421382904053
17643,443396,4318686,0.3422592282295227
17644,443396,5404320,0.34217023849487305
17645,443396,1535989,0.34212493896484375
17646,443396,8023013,0.3420978784561157
17647,443396,2860732,0.34208694100379944
17648,443396,56042,0.3419609069824219
17649,443396,5905952,0.34192562103271484
17650,443396,8687371,0.34187906980514526
17651,443396,8388331,0.34165313839912415
17652,443396,3734032,0.3415102958679199
17653,443396,5501736,0.34148579835891724
17654,443396,3256974,0.34145045280456543
17655,443396,7104573,0.34143948554992676
17656,443396,2837775,0.3414296805858612
17657,443396,1882944,0.34139689803123474
17658,443396,4708593,0.34127670526504517
17659,443396,879578,0.3412461280822754
17660,443396,8712879,0.34124377369880676
17661,443396,4690518,0.34115543961524963
17662,443396,2784056,0.3410498797893524
17663,443396,3260038,0.3410455286502838
17664,443396,7737952,0.3410435914993286
17665,443396,7348762,0.3410271406173706
17666,443396,1849412,0.34099942445755005
17667,443396,2554543,0.3409842550754547
17668,443396,8420421,0.34095466136932373
17669,443396,3840272,0.34087464213371277
17670,443396,7381481,0.34087079763412476
17671,443396,8087000,0.3408612906932831
17672,443396,5495167,0.3408433198928833
17673,443396,7868884,0.34079277515411377
17674,443396,8101842,0.34079068899154663
17675,443396,2554540,0.3407573401927948
17676,443396,8025970,0.3407147526741028
17677,443396,3051067,0.34057629108428955
17678,443396,1183026,0.3405418395996094
17679,443396,1337123,0.3405228853225708
17680,443396,8171773,0.34051716327667236
17681,443396,6337639,0.3405134081840515
17682,443396,1529694,0.34044748544692993
17683,443396,5269246,0.34039023518562317
17684,443396,8483990,0.34038764238357544
17685,443396,685119,0.3403749465942383
17686,443396,1197903,0.3403586745262146
17687,443396,7372712,0.34030115604400635
17688,443396,2333933,0.34029439091682434
17689,443396,7618689,0.34028542041778564
17690,443396,7904935,0.34021884202957153
17691,443396,685122,0.34020087122917175
17692,443396,2790355,0.34016719460487366
17693,443396,4001740,0.34015607833862305
17694,443396,6791208,0.3401413559913635
17695,443396,995144,0.3401380181312561
17696,443396,1423494,0.34013301134109497
17697,443396,56043,0.340124249458313
17698,443396,2044079,0.3400731384754181
17699,443396,4072019,0.3400082290172577
17700,443396,265745,0.3399659991264343
17701,443396,7001679,0.33994701504707336
17702,443396,1438939,0.33990684151649475
17703,443396,4304939,0.339896559715271
17704,443396,8100591,0.33983612060546875
17705,443396,4353303,0.33976998925209045
17706,443396,156038,0.33958566188812256
17707,443396,241415,0.33958104252815247
17708,443396,3427901,0.339558482170105
17709,443396,2938641,0.3395038843154907
17710,443396,1828650,0.33942002058029175
17711,443396,7192990,0.3393934965133667
17712,443396,7195129,0.33934134244918823
17713,443396,2122441,0.3392830491065979
17714,443396,4764927,0.339280366897583
17715,443396,2981733,0.3392423391342163
17716,443396,2938637,0.33919888734817505
17717,443396,241411,0.33907878398895264
17718,443396,770812,0.33904406428337097
17719,443396,8723721,0.33904188871383667
17720,443396,7800446,0.33901774883270264
17721,443396,8536555,0.3390175700187683
17722,443396,1536510,0.33897101879119873
17723,443396,1356146,0.3388758599758148
17724,443396,5630480,0.3388158082962036
17725,443396,1108435,0.33871936798095703
17726,443396,8835133,0.3386913537979126
17727,443396,8023059,0.3386859893798828
17728,443396,309791,0.3386445641517639
17729,443396,2052133,0.3386152386665344
17730,443396,1059664,0.33861243724823
17731,443396,56049,0.3386076092720032
17732,443396,3163980,0.3385852575302124
17733,443396,388377,0.33858394622802734
17734,443396,8441715,0.338578999042511
17735,443396,8245852,0.3385656476020813
17736,443396,7245342,0.3385004997253418
17737,443396,692368,0.3384738564491272
17738,443396,8031298,0.33845117688179016
17739,443396,6217061,0.3383597135543823
17740,443396,4468190,0.3383379280567169
17741,443396,5298993,0.33830922842025757
17742,443396,1036559,0.33824077248573303
17743,443396,8263656,0.3381865620613098
17744,443396,612594,0.33816975355148315
17745,443396,8782700,0.3381039798259735
17746,443396,6668408,0.33808502554893494
17747,443396,6290457,0.33798640966415405
17748,443396,5927865,0.3379672169685364
17749,443396,7572712,0.33796370029449463
17750,443396,6251242,0.33795928955078125
17751,443396,6168539,0.337932288646698
17752,443396,7928395,0.3379085063934326
17753,443396,5241,0.33790135383605957
17754,443396,1197898,0.3378971219062805
17755,443396,8480380,0.337879478931427
17756,443396,8174933,0.33786964416503906
17757,443396,3437381,0.3378647565841675
17758,443396,3577882,0.3378627896308899
17759,443396,1992265,0.33783939480781555
17760,443396,1135757,0.33782052993774414
17761,443396,900152,0.33778059482574463
17762,443396,7225162,0.3377777934074402
17763,443396,6217065,0.33771926164627075
17764,443396,5274658,0.3375791907310486
17765,443396,1121589,0.3374637961387634
17766,443396,6450914,0.33746129274368286
17767,443396,2070895,0.33735424280166626
17768,443396,4588243,0.337293803691864
17769,443396,4124837,0.33726370334625244
17770,443396,5625094,0.3372604250907898
17771,443396,6881461,0.3372305631637573
17772,443396,6760089,0.337230384349823
17773,443396,1239934,0.33722588419914246
17774,443396,7754382,0.33716124296188354
17775,443396,6361506,0.3371146321296692
17776,443396,2648048,0.33707183599472046
17777,443396,5554471,0.33706626296043396
17778,443396,647583,0.3370208144187927
17779,443396,3915333,0.3369699716567993
17780,443396,910124,0.3369666635990143
17781,443396,5560132,0.3368910551071167
17782,443396,6047355,0.3368752598762512
17783,443396,6720325,0.33682727813720703
17784,443396,198094,0.3367936611175537
17785,443396,8596813,0.33676695823669434
17786,443396,6721238,0.33675116300582886
17787,443396,3821721,0.33670201897621155
17788,443396,8412308,0.33669665455818176
17789,443396,5981538,0.33668816089630127
17790,443396,5618038,0.3366629481315613
17791,443396,4443309,0.3366395831108093
17792,443396,8542702,0.3366098403930664
17793,443396,7625356,0.33652591705322266
17794,443396,7618122,0.336513876914978
17795,443396,2879005,0.33649516105651855
17796,443396,8623669,0.336487740278244
17797,443396,8257379,0.3364652395248413
17798,443396,468153,0.3364211618900299
17799,443396,6525720,0.33641284704208374
17800,443396,6863145,0.33640459179878235
17801,443396,6696165,0.33637136220932007
17802,443396,4244410,0.3363484740257263
17803,443396,8260503,0.33627545833587646
17804,443396,8244720,0.3362591564655304
17805,443396,6399083,0.3362106680870056
17806,443396,1272506,0.33620381355285645
17807,443396,814483,0.3361656069755554
17808,443396,6578952,0.33613795042037964
17809,443396,3846800,0.33612701296806335
17810,443396,8646642,0.336123526096344
17811,443396,3478696,0.3361002206802368
17812,443396,4004323,0.336089164018631
17813,443396,7192985,0.33607232570648193
17814,443396,4774863,0.33605074882507324
17815,443396,7579132,0.3359260857105255
17816,443396,6824021,0.3358467221260071
17817,443396,8434244,0.33580631017684937
17818,443396,5607635,0.33580148220062256
17819,443396,6863647,0.3357669711112976
17820,443396,1532932,0.33570167422294617
17821,443396,1741648,0.3356882929801941
17822,443396,1336329,0.3355950713157654
17823,443396,3964500,0.3355677127838135
17824,443396,5706405,0.3355526924133301
17825,443396,4201098,0.33545413613319397
17826,443396,438010,0.3353962302207947
17827,443396,534705,0.3353003263473511
17828,443396,7991314,0.33529531955718994
17829,443396,8807755,0.33524778485298157
17830,443396,3728354,0.33519840240478516
17831,443396,3148951,0.33512723445892334
17832,443396,8608881,0.33509254455566406
17833,443396,5178892,0.3350434899330139
17834,443396,6965661,0.33495908975601196
17835,443396,1505719,0.3349333703517914
17836,443396,8758728,0.3349111080169678
17837,443396,4218670,0.33488014340400696
17838,443396,2790354,0.3348774015903473
17839,443396,6850686,0.33483949303627014
17840,443396,3103992,0.3348369002342224
17841,443396,8723720,0.33470994234085083
17842,443396,1705983,0.334583044052124
17843,443396,4284442,0.33451589941978455
17844,443396,8725264,0.3345101475715637
17845,443396,6041944,0.33446574211120605
17846,443396,2642865,0.3344532251358032
17847,443396,862888,0.33445221185684204
17848,443396,7212132,0.33437615633010864
17849,443396,5706407,0.33429473638534546
17850,443396,1871319,0.3342924118041992
17851,443396,7257158,0.3342708945274353
17852,443396,2791679,0.3342280983924866
17853,443396,5248543,0.33414438366889954
17854,443396,598590,0.33414262533187866
17855,443396,956088,0.33405908942222595
17856,443396,6206076,0.33403801918029785
17857,443396,8041147,0.33402764797210693
17858,443396,8038639,0.33398568630218506
17859,443396,3800516,0.33398520946502686
17860,443396,5864379,0.33397871255874634
17861,443396,1932662,0.33396822214126587
17862,443396,4677716,0.3339475989341736
17863,443396,456712,0.3339451551437378
17864,443396,3722392,0.33394280076026917
17865,443396,343957,0.3339165151119232
17866,443396,5050281,0.3339022099971771
17867,443396,5300719,0.33385327458381653
17868,443396,6217063,0.33382219076156616
17869,443396,6309338,0.33381354808807373
17870,443396,2511638,0.3337874710559845
17871,443396,8780915,0.3337723910808563
17872,443396,3996942,0.3337148129940033
17873,443396,5785884,0.333676278591156
17874,443396,2325981,0.3336213529109955
17875,443396,2681525,0.33360347151756287
17876,443396,2409852,0.33360135555267334
17877,443396,2545449,0.3335984945297241
17878,443396,3347283,0.33359378576278687
17879,443396,8698543,0.33358579874038696
17880,443396,2966582,0.3335801362991333
17881,443396,4774866,0.3335207998752594
17882,443396,5937017,0.33351045846939087
17883,443396,2791678,0.3334989845752716
17884,443396,1271089,0.3334946036338806
17885,443396,7723523,0.33343568444252014
17886,443396,7225130,0.3333876132965088
17887,443396,3617221,0.3332976996898651
17888,443396,1758120,0.3332918882369995
17889,443396,4191227,0.333278626203537
17890,443396,859004,0.33317476511001587
17891,443396,8171782,0.3331712782382965
17892,443396,469175,0.33316463232040405
17893,443396,1902902,0.3331253230571747
17894,443396,7779211,0.3330998122692108
17895,443396,2115910,0.3330579400062561
17896,443396,2863314,0.3330320119857788
17897,443396,241407,0.333026647567749
17898,443396,5471553,0.33300286531448364
17899,443396,602022,0.3329998850822449
17900,443396,7764381,0.33298641443252563
17901,443396,7906997,0.33296114206314087
17902,443396,5633381,0.3329370319843292
17903,443396,8608876,0.33293187618255615
17904,443396,4176180,0.3329033851623535
17905,443396,7630191,0.3328494429588318
17906,443396,1558544,0.33281707763671875
17907,443396,4820765,0.33281439542770386
17908,443396,4784990,0.33277028799057007
17909,443396,7712965,0.3327232599258423
17910,443396,8644836,0.332722544670105
17911,443396,6850687,0.3325267434120178
17912,443396,5929315,0.33251941204071045
17913,443396,2496487,0.3325079381465912
17914,443396,5524879,0.3324342370033264
17915,443396,8204776,0.33236342668533325
17916,443396,2979812,0.33233386278152466
17917,443396,765340,0.33231788873672485
17918,443396,4200827,0.33230873942375183
17919,443396,6389306,0.3323054909706116
17920,443396,1394245,0.3322738707065582
17921,443396,7339881,0.332245409488678
17922,443396,336511,0.33217853307724
17923,443396,418493,0.33202600479125977
17924,443396,7627492,0.3320155739784241
17925,443396,2338476,0.3319777846336365
17926,443396,647262,0.3319573700428009
17927,443396,1239932,0.3319302797317505
17928,443396,734145,0.3319231867790222
17929,443396,3772043,0.3318836987018585
17930,443396,7937620,0.3318743109703064
17931,443396,7890878,0.3318488299846649
17932,443396,656601,0.33176517486572266
17933,443396,3086319,0.331755667924881
17934,443396,5269242,0.3316720724105835
17935,443396,2939276,0.3316430151462555
17936,443396,3440850,0.3316398859024048
17937,443396,3145921,0.33158427476882935
17938,443396,6003298,0.3315434455871582
17939,443396,5946201,0.33151352405548096
17940,443396,4208461,0.3315129280090332
17941,443396,4526739,0.3315044045448303
17942,443396,467840,0.33149707317352295
17943,443396,4953984,0.33148229122161865
17944,443396,904669,0.3314805030822754
17945,443396,6103360,0.33132076263427734
17946,443396,7668997,0.33131977915763855
17947,443396,7447199,0.33131006360054016
17948,443396,959632,0.3312734067440033
17949,443396,4699520,0.33122867345809937
17950,443396,5501734,0.33122169971466064
17951,443396,2863309,0.3311879634857178
17952,443396,4429320,0.3311787247657776
17953,443396,416673,0.3311571776866913
17954,443396,3840267,0.33113184571266174
17955,443396,1239937,0.3310462236404419
17956,443396,8215412,0.33103808760643005
17957,443396,3757418,0.3310237228870392
17958,443396,524058,0.3310193717479706
17959,443396,7275625,0.3309616446495056
17960,443396,6031555,0.33093738555908203
17961,443396,598591,0.33076226711273193
17962,443396,1420133,0.33074188232421875
17963,443396,2643097,0.3307083249092102
17964,443396,3844296,0.330696165561676
17965,443396,1474815,0.3306678831577301
17966,443396,7624350,0.3306663930416107
17967,443396,2911541,0.330655574798584
17968,443396,4912080,0.3306266665458679
17969,443396,8369865,0.3305908143520355
17970,443396,7552214,0.33057838678359985
17971,443396,7101589,0.3305623531341553
17972,443396,3747412,0.33055901527404785
17973,443396,6642833,0.3305574655532837
17974,443396,667412,0.33054161071777344
17975,443396,407366,0.3305348753929138
17976,443396,7696559,0.3305165767669678
17977,443396,1889716,0.3305125832557678
17978,443396,5054289,0.33045655488967896
17979,443396,7372716,0.33040204644203186
17980,443396,1895960,0.33040183782577515
17981,443396,5222542,0.33033913373947144
17982,443396,8412304,0.33020293712615967
17983,443396,2533518,0.33018389344215393
17984,443396,3933406,0.33018285036087036
17985,443396,1595218,0.33016759157180786
17986,443396,6377231,0.3301633596420288
17987,443396,6800267,0.3301485776901245
17988,443396,7046730,0.3301018476486206
17989,443396,5948821,0.3300653100013733
17990,443396,3636505,0.33003321290016174
17991,443396,6874946,0.3300272524356842
17992,443396,8681200,0.3300045430660248
17993,443396,8795888,0.3299625813961029
17994,443396,770819,0.32991158962249756
17995,443396,6223381,0.32990050315856934
17996,443396,8375925,0.3298918306827545
17997,443396,251254,0.32987871766090393
17998,443396,6861881,0.3298603892326355
17999,443396,4511531,0.329848051071167
18000,451602,8390518,0.7117382287979126
18001,451602,5475308,0.6884749531745911
18002,451602,5179251,0.6861687898635864
18003,451602,8390525,0.645453155040741
18004,451602,1277290,0.6398006677627563
18005,451602,6286975,0.6371951103210449
18006,451602,4874640,0.635685920715332
18007,451602,6286977,0.6172133088111877
18008,451602,8383461,0.6128752827644348
18009,451602,6286982,0.6093847751617432
18010,451602,4453605,0.5948816537857056
18011,451602,8019873,0.5944601893424988
18012,451602,3177691,0.5910587310791016
18013,451602,8214452,0.5908129215240479
18014,451602,1277294,0.5846186876296997
18015,451602,3177700,0.5800866484642029
18016,451602,6286978,0.5745604038238525
18017,451602,2922145,0.5647374391555786
18018,451602,3177694,0.563151478767395
18019,451602,5538938,0.5625072717666626
18020,451602,8485136,0.5610359907150269
18021,451602,5211036,0.55777907371521
18022,451602,8383465,0.554129958152771
18023,451602,6618756,0.5519100427627563
18024,451602,7574511,0.5493974685668945
18025,451602,2176455,0.549241304397583
18026,451602,3090666,0.5446009635925293
18027,451602,8214451,0.5396524667739868
18028,451602,3090664,0.5380704402923584
18029,451602,8787234,0.532930850982666
18030,451602,3090670,0.5324074625968933
18031,451602,96229,0.5319507122039795
18032,451602,3090667,0.5312178134918213
18033,451602,4345752,0.5264029502868652
18034,451602,23565,0.5244805812835693
18035,451602,1094138,0.519972026348114
18036,451602,96222,0.5161722302436829
18037,451602,8383463,0.5155807733535767
18038,451602,3493825,0.515416145324707
18039,451602,8025740,0.5153420567512512
18040,451602,5538936,0.5134544968605042
18041,451602,3493827,0.5128746032714844
18042,451602,5655695,0.5118328928947449
18043,451602,4874645,0.5113739967346191
18044,451602,5402587,0.5113117098808289
18045,451602,8742537,0.5107569098472595
18046,451602,3629717,0.5051409006118774
18047,451602,4487185,0.49946683645248413
18048,451602,2244874,0.4988580346107483
18049,451602,8383462,0.49662989377975464
18050,451602,2176450,0.49418777227401733
18051,451602,1626653,0.49263495206832886
18052,451602,8540473,0.4925330877304077
18053,451602,2866472,0.49124181270599365
18054,451602,8621776,0.49007657170295715
18055,451602,8485132,0.4899066090583801
18056,451602,930490,0.48817867040634155
18057,451602,2176453,0.4881672263145447
18058,451602,7403454,0.4875984191894531
18059,451602,370081,0.48682546615600586
18060,451602,6286973,0.4865301847457886
18061,451602,8761902,0.485703706741333
18062,451602,1277286,0.48494774103164673
18063,451602,5371416,0.48342543840408325
18064,451602,4576386,0.4828675389289856
18065,451602,3090672,0.4813315272331238
18066,451602,6286980,0.48074740171432495
18067,451602,6286981,0.47990545630455017
18068,451602,1715030,0.47983717918395996
18069,451602,2486933,0.47915053367614746
18070,451602,5053852,0.4777967929840088
18071,451602,3090663,0.47653722763061523
18072,451602,1314125,0.4762035608291626
18073,451602,1314126,0.47615906596183777
18074,451602,5179245,0.47613903880119324
18075,451602,3790251,0.4758460521697998
18076,451602,1078134,0.47485822439193726
18077,451602,6132119,0.4738832712173462
18078,451602,8485131,0.4730534255504608
18079,451602,8025739,0.472336083650589
18080,451602,3177696,0.4720507264137268
18081,451602,5053855,0.4716362953186035
18082,451602,1078133,0.47135937213897705
18083,451602,3090671,0.47104182839393616
18084,451602,5018394,0.4688684940338135
18085,451602,6250347,0.4678439497947693
18086,451602,7403453,0.4673303961753845
18087,451602,1057624,0.466092050075531
18088,451602,2176458,0.46514856815338135
18089,451602,930493,0.46407145261764526
18090,451602,8485134,0.4638400077819824
18091,451602,5018391,0.46311166882514954
18092,451602,5053850,0.46221286058425903
18093,451602,735489,0.4595981240272522
18094,451602,8295162,0.459514319896698
18095,451602,3119131,0.4594249725341797
18096,451602,8672567,0.4593632221221924
18097,451602,2922141,0.4589327275753021
18098,451602,7403459,0.4583204984664917
18099,451602,8259137,0.4577409327030182
18100,451602,7792100,0.45760026574134827
18101,451602,4385721,0.45701104402542114
18102,451602,8540468,0.45559245347976685
18103,451602,6286974,0.45437026023864746
18104,451602,4453606,0.45320552587509155
18105,451602,654120,0.4522223472595215
18106,451602,1314129,0.4516330361366272
18107,451602,1277289,0.4510440230369568
18108,451602,5655693,0.45085352659225464
18109,451602,7232295,0.4508444666862488
18110,451602,3870926,0.45048004388809204
18111,451602,1094131,0.4502871632575989
18112,451602,6286976,0.4492111802101135
18113,451602,420971,0.44856905937194824
18114,451602,2154597,0.4466570019721985
18115,451602,127537,0.44617047905921936
18116,451602,5179249,0.4459691047668457
18117,451602,1078138,0.4459172487258911
18118,451602,2922147,0.44554415345191956
18119,451602,7179473,0.4450746774673462
18120,451602,4559055,0.44505947828292847
18121,451602,3382336,0.4449499249458313
18122,451602,3119129,0.4447300434112549
18123,451602,5000376,0.4441363513469696
18124,451602,5018392,0.44399788975715637
18125,451602,5179246,0.4431537985801697
18126,451602,7859334,0.4429788291454315
18127,451602,384317,0.442239910364151
18128,451602,7804173,0.44179433584213257
18129,451602,6286979,0.4416951537132263
18130,451602,5538942,0.44125092029571533
18131,451602,2618829,0.44099968671798706
18132,451602,2084907,0.4409889280796051
18133,451602,1078132,0.44007784128189087
18134,451602,7804170,0.4389949440956116
18135,451602,8436162,0.4384428858757019
18136,451602,2084909,0.4376523494720459
18137,451602,5538937,0.43752750754356384
18138,451602,6716107,0.4369097352027893
18139,451602,5179250,0.4368119239807129
18140,451602,4488693,0.4365606904029846
18141,451602,2618832,0.4362720251083374
18142,451602,2618831,0.4359973669052124
18143,451602,2284888,0.4353158473968506
18144,451602,4205644,0.4340866208076477
18145,451602,3790246,0.43393322825431824
18146,451602,5053853,0.43378275632858276
18147,451602,3090665,0.4335458278656006
18148,451602,2942560,0.4333922863006592
18149,451602,2244875,0.43298861384391785
18150,451602,8243804,0.4324062466621399
18151,451602,23571,0.43228498101234436
18152,451602,6703932,0.4321696162223816
18153,451602,7792099,0.43212759494781494
18154,451602,1277287,0.43156903982162476
18155,451602,6639631,0.431478887796402
18156,451602,3141918,0.4314694404602051
18157,451602,921767,0.4313742518424988
18158,451602,1277293,0.4313324987888336
18159,451602,851269,0.4311095178127289
18160,451602,2455475,0.43093571066856384
18161,451602,5179252,0.43042945861816406
18162,451602,6618757,0.4299309253692627
18163,451602,8390519,0.42971909046173096
18164,451602,124065,0.4288561940193176
18165,451602,964990,0.4285462498664856
18166,451602,7756099,0.4285299777984619
18167,451602,7315074,0.4283614754676819
18168,451602,1990956,0.42828333377838135
18169,451602,7279411,0.42769142985343933
18170,451602,1094139,0.4272773563861847
18171,451602,8408575,0.42701584100723267
18172,451602,6863125,0.4268883466720581
18173,451602,5053859,0.4268483519554138
18174,451602,3234481,0.4253017008304596
18175,451602,8141765,0.42511671781539917
18176,451602,3177695,0.4249054789543152
18177,451602,5396811,0.42421817779541016
18178,451602,2756872,0.4241624176502228
18179,451602,1256932,0.4241008758544922
18180,451602,8810148,0.4231405258178711
18181,451602,7265799,0.42295199632644653
18182,451602,6661785,0.42248648405075073
18183,451602,1640289,0.4223440885543823
18184,451602,1314128,0.4210565686225891
18185,451602,7803433,0.4208236038684845
18186,451602,8540470,0.420452356338501
18187,451602,1314123,0.4204179048538208
18188,451602,8485130,0.4202156066894531
18189,451602,4559048,0.41988351941108704
18190,451602,8033470,0.4197661578655243
18191,451602,8390522,0.4192091226577759
18192,451602,1425905,0.41866177320480347
18193,451602,2625700,0.4184926748275757
18194,451602,3177699,0.4179375171661377
18195,451602,5538941,0.41790783405303955
18196,451602,3090669,0.4175916910171509
18197,451602,4233757,0.4175148606300354
18198,451602,3090668,0.4173716902732849
18199,451602,1282670,0.4171403646469116
18200,451602,6164536,0.4171193242073059
18201,451602,5045446,0.4161103367805481
18202,451602,2084905,0.41602176427841187
18203,451602,8390524,0.41590622067451477
18204,451602,8621781,0.41574788093566895
18205,451602,2124199,0.4156322479248047
18206,451602,5179247,0.4156215786933899
18207,451602,2812622,0.4155716896057129
18208,451602,3177692,0.41545963287353516
18209,451602,3905699,0.41457119584083557
18210,451602,5897795,0.4145508408546448
18211,451602,8240888,0.4145190715789795
18212,451602,705851,0.41442620754241943
18213,451602,631382,0.4143742620944977
18214,451602,2000252,0.41416579484939575
18215,451602,549572,0.4141116738319397
18216,451602,381498,0.41406893730163574
18217,451602,5674760,0.41353487968444824
18218,451602,7265802,0.41347190737724304
18219,451602,1277292,0.4130967855453491
18220,451602,3018983,0.4128977656364441
18221,451602,6250342,0.412680983543396
18222,451602,8019870,0.41256019473075867
18223,451602,2618825,0.4125185012817383
18224,451602,3619906,0.4124249219894409
18225,451602,4487179,0.4123374819755554
18226,451602,4850339,0.4122113883495331
18227,451602,2922142,0.41220682859420776
18228,451602,3119126,0.41140061616897583
18229,451602,8485137,0.41093578934669495
18230,451602,3052115,0.4107091426849365
18231,451602,5893843,0.4107009172439575
18232,451602,3177697,0.41066133975982666
18233,451602,23566,0.4100761413574219
18234,451602,2244882,0.40992555022239685
18235,451602,964988,0.40976256132125854
18236,451602,3958669,0.40951666235923767
18237,451602,1901028,0.40937018394470215
18238,451602,6666584,0.40932729840278625
18239,451602,4838936,0.4092552065849304
18240,451602,4550410,0.40830016136169434
18241,451602,2443800,0.40777266025543213
18242,451602,4819858,0.4074627161026001
18243,451602,1314127,0.4074563980102539
18244,451602,8033474,0.40739575028419495
18245,451602,3254311,0.4067421853542328
18246,451602,1481969,0.40666598081588745
18247,451602,4955197,0.406559020280838
18248,451602,1015511,0.4065496325492859
18249,451602,358241,0.4064229130744934
18250,451602,1575781,0.4061903953552246
18251,451602,8451723,0.4058469831943512
18252,451602,96223,0.4056946933269501
18253,451602,930497,0.4056834578514099
18254,451602,5589658,0.4053730368614197
18255,451602,2756874,0.40529966354370117
18256,451602,3237473,0.40521085262298584
18257,451602,4620330,0.40494269132614136
18258,451602,2154593,0.4046325087547302
18259,451602,3119124,0.40451809763908386
18260,451602,5305474,0.4045060873031616
18261,451602,3371386,0.4041673541069031
18262,451602,96228,0.4038088917732239
18263,451602,3711881,0.40338796377182007
18264,451602,3943800,0.40338680148124695
18265,451602,1277288,0.4028448462486267
18266,451602,96224,0.40257638692855835
18267,451602,3119125,0.4024066627025604
18268,451602,2154594,0.40237271785736084
18269,451602,2099352,0.4021143317222595
18270,451602,5022455,0.4015169143676758
18271,451602,5538945,0.4014727473258972
18272,451602,6904321,0.40140700340270996
18273,451602,2942563,0.40117427706718445
18274,451602,8288742,0.4009796380996704
18275,451602,399270,0.4009605944156647
18276,451602,3711882,0.4006788730621338
18277,451602,7456450,0.4006785750389099
18278,451602,7232293,0.40066856145858765
18279,451602,4205648,0.4006004333496094
18280,451602,7966439,0.40035074949264526
18281,451602,1269664,0.3998466432094574
18282,451602,7804169,0.3997332751750946
18283,451602,1868898,0.39941880106925964
18284,451602,3738822,0.3991239666938782
18285,451602,2502030,0.3991158604621887
18286,451602,7571596,0.3990262746810913
18287,451602,7885097,0.39847004413604736
18288,451602,6670533,0.39845290780067444
18289,451602,6556635,0.3981980085372925
18290,451602,6618763,0.39766383171081543
18291,451602,3629714,0.39746496081352234
18292,451602,2849219,0.3968617618083954
18293,451602,637434,0.3968016505241394
18294,451602,5008865,0.39671948552131653
18295,451602,3234484,0.396558552980423
18296,451602,943768,0.39648616313934326
18297,451602,8390520,0.39623671770095825
18298,451602,1252932,0.3962361514568329
18299,451602,4721945,0.3959510922431946
18300,451602,1702706,0.3959510922431946
18301,451602,376396,0.39524173736572266
18302,451602,4591654,0.39508122205734253
18303,451602,1345715,0.3949069678783417
18304,451602,81912,0.3948281407356262
18305,451602,6618755,0.3944592773914337
18306,451602,1377731,0.39435991644859314
18307,451602,2314248,0.39432406425476074
18308,451602,1204682,0.3942871689796448
18309,451602,3371383,0.39422479271888733
18310,451602,6250346,0.3938966393470764
18311,451602,3859337,0.3938601016998291
18312,451602,3214501,0.3937048316001892
18313,451602,4477575,0.39368292689323425
18314,451602,8787236,0.3935502767562866
18315,451602,475796,0.3932717442512512
18316,451602,6208327,0.39313817024230957
18317,451602,6527753,0.3930690884590149
18318,451602,6983948,0.3925792872905731
18319,451602,1282674,0.3924177289009094
18320,451602,5655359,0.3920525014400482
18321,451602,3707890,0.3919264078140259
18322,451602,1314130,0.39180511236190796
18323,451602,4394155,0.39162930846214294
18324,451602,1566878,0.39162638783454895
18325,451602,2486936,0.39150798320770264
18326,451602,8109020,0.39143475890159607
18327,451602,1809759,0.3914206027984619
18328,451602,8511524,0.3914002478122711
18329,451602,2154592,0.3907524347305298
18330,451602,5023746,0.3906813859939575
18331,451602,7800959,0.39052122831344604
18332,451602,6711803,0.3904040455818176
18333,451602,1204503,0.3899630308151245
18334,451602,2755042,0.3896762430667877
18335,451602,1343872,0.38953977823257446
18336,451602,6007661,0.3892991840839386
18337,451602,4095724,0.38898563385009766
18338,451602,4874639,0.38887080550193787
18339,451602,6250345,0.38878852128982544
18340,451602,3509962,0.38853368163108826
18341,451602,3629708,0.3885209858417511
18342,451602,6941480,0.38844117522239685
18343,451602,2477692,0.38834258913993835
18344,451602,1345712,0.3877837359905243
18345,451602,5008863,0.3877004384994507
18346,451602,6719253,0.38749682903289795
18347,451602,4458078,0.3873760402202606
18348,451602,4301185,0.3872873783111572
18349,451602,8578452,0.3871307969093323
18350,451602,5674761,0.38711637258529663
18351,451602,8621784,0.38704586029052734
18352,451602,805996,0.3867787718772888
18353,451602,6225558,0.38676631450653076
18354,451602,8595356,0.3867533206939697
18355,451602,549579,0.38672998547554016
18356,451602,3788991,0.3866768181324005
18357,451602,8033471,0.386592835187912
18358,451602,4487180,0.3864207863807678
18359,451602,6666822,0.3863269090652466
18360,451602,7756098,0.38598138093948364
18361,451602,6233050,0.3857284188270569
18362,451602,2099351,0.38526129722595215
18363,451602,3169592,0.38518226146698
18364,451602,6863126,0.3850938081741333
18365,451602,3470271,0.384966641664505
18366,451602,6528178,0.3842945694923401
18367,451602,6775287,0.38398846983909607
18368,451602,7492285,0.38392186164855957
18369,451602,998695,0.38357412815093994
18370,451602,6332300,0.3835710883140564
18371,451602,5475312,0.3835586905479431
18372,451602,373122,0.38352030515670776
18373,451602,4543268,0.38350018858909607
18374,451602,4874641,0.38336682319641113
18375,451602,96230,0.3833252191543579
18376,451602,2486938,0.3830612599849701
18377,451602,260940,0.383020281791687
18378,451602,927578,0.3829619884490967
18379,451602,3883591,0.3828086853027344
18380,451602,5430965,0.3827846050262451
18381,451602,7966447,0.38275909423828125
18382,451602,1331512,0.3827071785926819
18383,451602,544584,0.38256144523620605
18384,451602,4188078,0.382163405418396
18385,451602,1248112,0.381999135017395
18386,451602,6280414,0.38189050555229187
18387,451602,1314122,0.3818627595901489
18388,451602,4907550,0.3816913068294525
18389,451602,5053854,0.3815927505493164
18390,451602,2922148,0.38127413392066956
18391,451602,4559509,0.3812737464904785
18392,451602,1110223,0.3811967372894287
18393,451602,306798,0.38117173314094543
18394,451602,8785543,0.3811352849006653
18395,451602,3177698,0.38113415241241455
18396,451602,5732636,0.38101881742477417
18397,451602,6711705,0.380854994058609
18398,451602,6618758,0.38079676032066345
18399,451602,8279501,0.3807750344276428
18400,451602,6653731,0.38031601905822754
18401,451602,8025743,0.38017576932907104
18402,451602,5954158,0.3800903558731079
18403,451602,5743955,0.3799612820148468
18404,451602,2959501,0.3796360194683075
18405,451602,695007,0.3796033263206482
18406,451602,705852,0.37927308678627014
18407,451602,2467238,0.37918078899383545
18408,451602,1078139,0.37907546758651733
18409,451602,1243312,0.37884974479675293
18410,451602,5402514,0.37878167629241943
18411,451602,5606660,0.37869077920913696
18412,451602,5674763,0.37850421667099
18413,451602,3173431,0.37825101613998413
18414,451602,2292957,0.37824052572250366
18415,451602,2342216,0.3781798481941223
18416,451602,4591663,0.37776118516921997
18417,451602,3347274,0.37761425971984863
18418,451602,1561425,0.3775196075439453
18419,451602,4955201,0.3774576187133789
18420,451602,6278885,0.37703096866607666
18421,451602,2074406,0.37698599696159363
18422,451602,317607,0.3767385184764862
18423,451602,4557492,0.3766303062438965
18424,451602,1897984,0.3765919804573059
18425,451602,1078137,0.37658166885375977
18426,451602,3943793,0.37628865242004395
18427,451602,1152060,0.3762533664703369
18428,451602,8190515,0.3762531280517578
18429,451602,4070209,0.3761470317840576
18430,451602,5233694,0.37607258558273315
18431,451602,2486931,0.37579822540283203
18432,451602,1990961,0.3756393492221832
18433,451602,1836258,0.37556493282318115
18434,451602,1945284,0.37537944316864014
18435,451602,3872814,0.37527358531951904
18436,451602,501338,0.37526071071624756
18437,451602,5194644,0.37513917684555054
18438,451602,1868905,0.375032901763916
18439,451602,964992,0.3748891353607178
18440,451602,4786601,0.3747819662094116
18441,451602,6735051,0.37477460503578186
18442,451602,5375915,0.3746006488800049
18443,451602,957917,0.3744833469390869
18444,451602,1651531,0.37433239817619324
18445,451602,5831549,0.3741767704486847
18446,451602,3499245,0.3741639256477356
18447,451602,7998085,0.37405747175216675
18448,451602,6783947,0.37404125928878784
18449,451602,2458495,0.3740341067314148
18450,451602,8078435,0.37394991517066956
18451,451602,5883418,0.37394365668296814
18452,451602,5008867,0.3739017844200134
18453,451602,6827609,0.3737742304801941
18454,451602,4739900,0.37370234727859497
18455,451602,7800962,0.37315964698791504
18456,451602,3586694,0.3729969263076782
18457,451602,8408568,0.3729172348976135
18458,451602,918124,0.3728867173194885
18459,451602,5179253,0.37281206250190735
18460,451602,6199688,0.3727012872695923
18461,451602,4388771,0.3726300895214081
18462,451602,8283650,0.37262293696403503
18463,451602,7375944,0.37244558334350586
18464,451602,368008,0.3724082112312317
18465,451602,4909632,0.37235522270202637
18466,451602,695011,0.37226641178131104
18467,451602,2496870,0.37223300337791443
18468,451602,7265797,0.37223049998283386
18469,451602,1824842,0.3721667528152466
18470,451602,855419,0.3721301853656769
18471,451602,4506278,0.37207579612731934
18472,451602,2891587,0.37199777364730835
18473,451602,6349657,0.371928334236145
18474,451602,2414919,0.37183868885040283
18475,451602,2034053,0.3717382848262787
18476,451602,3423797,0.3716912269592285
18477,451602,2099356,0.371599018573761
18478,451602,2099353,0.37158262729644775
18479,451602,4963046,0.37127935886383057
18480,451602,3423804,0.37113484740257263
18481,451602,8217050,0.3709132671356201
18482,451602,7803429,0.37088894844055176
18483,451602,1052589,0.37084269523620605
18484,451602,1052588,0.3705422282218933
18485,451602,7792096,0.3705174922943115
18486,451602,855413,0.3704926073551178
18487,451602,2158170,0.37048327922821045
18488,451602,8336232,0.3703446686267853
18489,451602,776527,0.37031280994415283
18490,451602,1623282,0.370246022939682
18491,451602,4865758,0.3700993061065674
18492,451602,4064743,0.3700687885284424
18493,451602,964987,0.37005141377449036
18494,451602,8055026,0.3700481951236725
18495,451602,6045024,0.3698483109474182
18496,451602,8258264,0.3697158098220825
18497,451602,1314124,0.3696647882461548
18498,451602,1150105,0.36955147981643677
18499,451602,2176452,0.369545578956604
18500,451602,2176454,0.3694291114807129
18501,451602,4955198,0.3693697154521942
18502,451602,4495080,0.36934325098991394
18503,451602,3948060,0.3692702353000641
18504,451602,1497041,0.36926671862602234
18505,451602,1737797,0.3692398965358734
18506,451602,2633871,0.3692205548286438
18507,451602,8033472,0.369174599647522
18508,451602,2398918,0.36906668543815613
18509,451602,1768046,0.36906197667121887
18510,451602,2524176,0.3690376281738281
18511,451602,2922385,0.3687323331832886
18512,451602,1901031,0.3686860501766205
18513,451602,8552379,0.3686145544052124
18514,451602,1425911,0.36849695444107056
18515,451602,4236470,0.3684670031070709
18516,451602,104049,0.3683733642101288
18517,451602,6164534,0.3683733642101288
18518,451602,1010359,0.36833202838897705
18519,451602,3746406,0.3682613968849182
18520,451602,2369933,0.36825019121170044
18521,451602,5534586,0.3682428002357483
18522,451602,6464962,0.36809083819389343
18523,451602,1441694,0.36804354190826416
18524,451602,6636203,0.3679687976837158
18525,451602,6922069,0.3679524064064026
18526,451602,5909042,0.3679245710372925
18527,451602,435732,0.36780792474746704
18528,451602,1192026,0.3677580654621124
18529,451602,2562762,0.3674444258213043
18530,451602,4955204,0.36717087030410767
18531,451602,5878932,0.3670811653137207
18532,451602,1091575,0.3669576644897461
18533,451602,7647395,0.36688363552093506
18534,451602,7139041,0.36680760979652405
18535,451602,6090992,0.36677032709121704
18536,451602,1711286,0.36675357818603516
18537,451602,6655008,0.3666069507598877
18538,451602,4754685,0.36652231216430664
18539,451602,4233761,0.36640021204948425
18540,451602,1845187,0.36635375022888184
18541,451602,3052114,0.3661439120769501
18542,451602,5904192,0.36572951078414917
18543,451602,3870932,0.3656614422798157
18544,451602,3746681,0.365534245967865
18545,451602,5908244,0.3655208945274353
18546,451602,6783944,0.36548519134521484
18547,451602,2369935,0.36544549465179443
18548,451602,744973,0.3654392957687378
18549,451602,3922744,0.3654356896877289
18550,451602,7752865,0.36540156602859497
18551,451602,4424455,0.3653982877731323
18552,451602,6077086,0.3653597831726074
18553,451602,8540469,0.36534664034843445
18554,451602,7862526,0.3652862310409546
18555,451602,3362623,0.36515873670578003
18556,451602,2602349,0.3650466501712799
18557,451602,8132887,0.36493027210235596
18558,451602,6350824,0.3648639917373657
18559,451602,6532364,0.3647472560405731
18560,451602,3775804,0.3646940588951111
18561,451602,6942418,0.36465802788734436
18562,451602,6716105,0.3646523654460907
18563,451602,2960315,0.3646061420440674
18564,451602,3020173,0.3645261824131012
18565,451602,8294680,0.36445116996765137
18566,451602,7265798,0.36443135142326355
18567,451602,7798482,0.3643307387828827
18568,451602,5595494,0.36431559920310974
18569,451602,8578450,0.3641112446784973
18570,451602,4022485,0.36389729380607605
18571,451602,6907872,0.36388933658599854
18572,451602,990521,0.36371999979019165
18573,451602,6685553,0.36357808113098145
18574,451602,641591,0.36354970932006836
18575,451602,3641925,0.3635038137435913
18576,451602,7803435,0.3633108139038086
18577,451602,7200391,0.3632809817790985
18578,451602,3423801,0.36322665214538574
18579,451602,7523263,0.3631891906261444
18580,451602,7647858,0.36306118965148926
18581,451602,976772,0.36304688453674316
18582,451602,744337,0.3630199432373047
18583,451602,888515,0.3629683256149292
18584,451602,1411581,0.36291056871414185
18585,451602,8098455,0.3628970682621002
18586,451602,7401927,0.36288756132125854
18587,451602,6081736,0.3628429174423218
18588,451602,2648823,0.3627869486808777
18589,451602,1345716,0.3627516031265259
18590,451602,6256156,0.3625478744506836
18591,451602,6116806,0.3625163435935974
18592,451602,3685651,0.3625122904777527
18593,451602,2599738,0.36250704526901245
18594,451602,5589660,0.36238932609558105
18595,451602,7326276,0.36216720938682556
18596,451602,347713,0.3621523976325989
18597,451602,6907871,0.36204275488853455
18598,451602,320024,0.36197149753570557
18599,451602,6271841,0.3619392514228821
18600,451602,6630170,0.3619301915168762
18601,451602,1837728,0.3618921935558319
18602,451602,1425903,0.3618396818637848
18603,451602,5348431,0.3616551458835602
18604,451602,7718142,0.3614366054534912
18605,451602,4717716,0.3612143397331238
18606,451602,6642440,0.3611490726470947
18607,451602,3283657,0.3611292839050293
18608,451602,5363642,0.36108893156051636
18609,451602,6841003,0.3610125184059143
18610,451602,618464,0.36097919940948486
18611,451602,3119132,0.36081165075302124
18612,451602,3382334,0.36063140630722046
18613,451602,1233868,0.36062687635421753
18614,451602,7997035,0.36056816577911377
18615,451602,8436444,0.360537052154541
18616,451602,2920483,0.3604500889778137
18617,451602,1455355,0.36038869619369507
18618,451602,5363643,0.360371857881546
18619,451602,6233056,0.3602851629257202
18620,451602,8214454,0.36019909381866455
18621,451602,5584775,0.36016660928726196
18622,451602,7647852,0.3600701689720154
18623,451602,8776048,0.3600617051124573
18624,451602,1497043,0.36003828048706055
18625,451602,3372316,0.3600231409072876
18626,451602,4796906,0.3599439859390259
18627,451602,469827,0.3598816990852356
18628,451602,7089244,0.35981401801109314
18629,451602,2212059,0.359796404838562
18630,451602,3020170,0.3597085773944855
18631,451602,3020175,0.3597085773944855
18632,451602,5457424,0.35957032442092896
18633,451602,7718141,0.3595446050167084
18634,451602,3974294,0.35935914516448975
18635,451602,4205645,0.3593423366546631
18636,451602,7524419,0.3593423366546631
18637,451602,2352107,0.3591930568218231
18638,451602,1270532,0.3591625690460205
18639,451602,8619675,0.35907894372940063
18640,451602,2885848,0.3589667081832886
18641,451602,888511,0.35896411538124084
18642,451602,125044,0.358907550573349
18643,451602,1183908,0.35886794328689575
18644,451602,2231421,0.3588659167289734
18645,451602,1217018,0.35882437229156494
18646,451602,1153290,0.35873109102249146
18647,451602,2196373,0.35867077112197876
18648,451602,3851777,0.35862743854522705
18649,451602,6783948,0.3586050271987915
18650,451602,4349921,0.3585303723812103
18651,451602,3313820,0.35852915048599243
18652,451602,2244879,0.3585223853588104
18653,451602,475802,0.35841116309165955
18654,451602,2695897,0.3583780527114868
18655,451602,8097180,0.358324259519577
18656,451602,2039058,0.35820090770721436
18657,451602,126675,0.35817912220954895
18658,451602,3893120,0.3580877184867859
18659,451602,3509960,0.35804182291030884
18660,451602,5787635,0.358025461435318
18661,451602,3556123,0.35795465111732483
18662,451602,7279414,0.3579375147819519
18663,451602,888875,0.3578687310218811
18664,451602,8776047,0.35786497592926025
18665,451602,3868988,0.35782819986343384
18666,451602,2154598,0.35781627893447876
18667,451602,7954744,0.3577759861946106
18668,451602,321949,0.35776448249816895
18669,451602,1028662,0.3577159345149994
18670,451602,5222461,0.3576963543891907
18671,451602,6089944,0.35761457681655884
18672,451602,4344111,0.35756605863571167
18673,451602,776523,0.3575303852558136
18674,451602,19330,0.3575257658958435
18675,451602,7925845,0.3574555218219757
18676,451602,4997932,0.3574173152446747
18677,451602,537892,0.35734349489212036
18678,451602,5031547,0.3572886288166046
18679,451602,3268613,0.3571745753288269
18680,451602,3326005,0.3571534752845764
18681,451602,1187360,0.3571155071258545
18682,451602,4077203,0.35700908303260803
18683,451602,5191723,0.35689789056777954
18684,451602,7428020,0.35684114694595337
18685,451602,436295,0.35682031512260437
18686,451602,7773631,0.35674965381622314
18687,451602,5020013,0.3566940426826477
18688,451602,1218658,0.3566608726978302
18689,451602,1099879,0.3565111458301544
18690,451602,307738,0.3564879298210144
18691,451602,7365987,0.3564701974391937
18692,451602,1516754,0.35643643140792847
18693,451602,1833890,0.3563759922981262
18694,451602,7784294,0.3563251793384552
18695,451602,7154530,0.356308251619339
18696,451602,3163432,0.35626906156539917
18697,451602,4020521,0.3561732769012451
18698,451602,4231304,0.35615479946136475
18699,451602,4187315,0.3561396300792694
18700,451602,8570245,0.3560769855976105
18701,451602,2482418,0.3560746908187866
18702,451602,3474722,0.355949342250824
18703,451602,475799,0.3559023141860962
18704,451602,6604513,0.35580530762672424
18705,451602,5173898,0.3557964563369751
18706,451602,1153003,0.3557111918926239
18707,451602,8559179,0.35562190413475037
18708,451602,6994776,0.355590283870697
18709,451602,7073179,0.35550442337989807
18710,451602,6172050,0.3554978370666504
18711,451602,5538940,0.355466365814209
18712,451602,6716108,0.3554193377494812
18713,451602,4865760,0.3553659915924072
18714,451602,8264676,0.35527244210243225
18715,451602,1334340,0.35525643825531006
18716,451602,8786896,0.3552176356315613
18717,451602,7130115,0.35520240664482117
18718,451602,8097182,0.35515695810317993
18719,451602,6268120,0.35515058040618896
18720,451602,1897980,0.35514944791793823
18721,451602,3701260,0.35499289631843567
18722,451602,4453608,0.354950487613678
18723,451602,8643003,0.3548359274864197
18724,451602,6233057,0.35483404994010925
18725,451602,6798655,0.3548124432563782
18726,451602,6639624,0.3547808527946472
18727,451602,2055370,0.35469475388526917
18728,451602,1809756,0.35469043254852295
18729,451602,103184,0.3545169532299042
18730,451602,8277191,0.3543567657470703
18731,451602,4838938,0.3542689085006714
18732,451602,7533941,0.35415247082710266
18733,451602,2414197,0.3541290760040283
18734,451602,7178254,0.3540952205657959
18735,451602,6732370,0.35406947135925293
18736,451602,8651033,0.3540492355823517
18737,451602,6089945,0.3540249466896057
18738,451602,6732624,0.35400837659835815
18739,451602,5916874,0.35396185517311096
18740,451602,2885852,0.3538179397583008
18741,451602,2922856,0.35372108221054077
18742,451602,4366698,0.3536721169948578
18743,451602,4695031,0.35353827476501465
18744,451602,8414693,0.3534170985221863
18745,451602,2289379,0.3533836305141449
18746,451602,4550409,0.3533700704574585
18747,451602,835754,0.35321933031082153
18748,451602,3313819,0.3531593084335327
18749,451602,7150805,0.3530908226966858
18750,451602,2437651,0.35296767950057983
18751,451602,1848944,0.35291796922683716
18752,451602,2365928,0.3528903126716614
18753,451602,2031591,0.3527818024158478
18754,451602,1950118,0.35273754596710205
18755,451602,7164519,0.35265737771987915
18756,451602,629112,0.35261231660842896
18757,451602,7647859,0.35249611735343933
18758,451602,4070816,0.35239487886428833
18759,451602,362772,0.35234230756759644
18760,451602,1342727,0.35226839780807495
18761,451602,2304929,0.35225218534469604
18762,451602,2842124,0.3522490859031677
18763,451602,6632592,0.35224077105522156
18764,451602,8372769,0.3521079421043396
18765,451602,2443967,0.35206902027130127
18766,451602,8390526,0.3519730567932129
18767,451602,6048485,0.35192665457725525
18768,451602,255080,0.3518539369106293
18769,451602,3474721,0.3518162965774536
18770,451602,7258591,0.3518126606941223
18771,451602,4955203,0.3518103361129761
18772,451602,6632593,0.35175585746765137
18773,451602,5323378,0.35174238681793213
18774,451602,252057,0.3516569137573242
18775,451602,1708458,0.3516311049461365
18776,451602,924917,0.3516162037849426
18777,451602,201054,0.3515315353870392
18778,451602,4987209,0.3515283465385437
18779,451602,2600846,0.3514198660850525
18780,451602,7428018,0.3513604998588562
18781,451602,2030763,0.35134464502334595
18782,451602,1808371,0.35125625133514404
18783,451602,7326277,0.3512231111526489
18784,451602,2030984,0.35119640827178955
18785,451602,922296,0.3511226773262024
18786,451602,6278880,0.35110288858413696
18787,451602,6060256,0.3510659635066986
18788,451602,2185543,0.35100317001342773
18789,451602,4557488,0.3509945571422577
18790,451602,8383460,0.35090577602386475
18791,451602,7792098,0.35087722539901733
18792,451602,7946854,0.35085803270339966
18793,451602,6143105,0.35082072019577026
18794,451602,8754404,0.35081708431243896
18795,451602,5430964,0.35079094767570496
18796,451602,469826,0.35064834356307983
18797,451602,3347278,0.3504605293273926
18798,451602,7492280,0.35043996572494507
18799,451602,5396813,0.3502998650074005
18800,451602,5319604,0.35019955039024353
18801,451602,8033473,0.35017111897468567
18802,451602,1419266,0.3501623868942261
18803,451602,2787863,0.3500969409942627
18804,451602,6058014,0.3500606119632721
18805,451602,5348434,0.3500438630580902
18806,451602,5754689,0.3500124514102936
18807,451602,7602574,0.3498277962207794
18808,451602,8813595,0.3495771288871765
18809,451602,6418373,0.3495752811431885
18810,451602,4591660,0.3494831621646881
18811,451602,4316916,0.34946244955062866
18812,451602,8336225,0.3493656814098358
18813,451602,7232296,0.34936273097991943
18814,451602,40431,0.3493368625640869
18815,451602,299365,0.34932684898376465
18816,451602,7197666,0.3491643965244293
18817,451602,8076980,0.3490506708621979
18818,451602,6427550,0.34903496503829956
18819,451602,5377742,0.3490065336227417
18820,451602,1012023,0.348965048789978
18821,451602,2648824,0.34888890385627747
18822,451602,2486937,0.34886008501052856
18823,451602,3177693,0.3488556146621704
18824,451602,4557487,0.34881776571273804
18825,451602,3667807,0.34879112243652344
18826,451602,3745220,0.34870070219039917
18827,451602,2898256,0.3486666679382324
18828,451602,8821252,0.3486059606075287
18829,451602,3583326,0.3485262393951416
18830,451602,7864188,0.3484959900379181
18831,451602,5869405,0.3484348654747009
18832,451602,4233758,0.3484252095222473
18833,451602,2970792,0.3484206199645996
18834,451602,2839607,0.3483653664588928
18835,451602,401302,0.34836405515670776
18836,451602,7089250,0.34827175736427307
18837,451602,5259180,0.34823358058929443
18838,451602,1282675,0.34814873337745667
18839,451602,7359449,0.3481405973434448
18840,451602,3767017,0.34812647104263306
18841,451602,2443801,0.3480986952781677
18842,451602,5486867,0.348074734210968
18843,451602,4297384,0.34806060791015625
18844,451602,2973923,0.34804144501686096
18845,451602,6908894,0.3480299115180969
18846,451602,375043,0.3479248881340027
18847,451602,1270225,0.34786778688430786
18848,451602,7804442,0.34778398275375366
18849,451602,384324,0.3477812707424164
18850,451602,40434,0.3477465510368347
18851,451602,1010357,0.3477339744567871
18852,451602,7804106,0.34772127866744995
18853,451602,3115038,0.34760618209838867
18854,451602,7279413,0.34753501415252686
18855,451602,1025122,0.3474946618080139
18856,451602,6665592,0.3474850654602051
18857,451602,4428478,0.347341388463974
18858,451602,198474,0.34733814001083374
18859,451602,6578260,0.3472673296928406
18860,451602,930498,0.3472123146057129
18861,451602,1561128,0.34714752435684204
18862,451602,6632597,0.3471352458000183
18863,451602,1965813,0.3471319079399109
18864,451602,1897982,0.3471221923828125
18865,451602,7506883,0.3470078110694885
18866,451602,4189912,0.3469817638397217
18867,451602,1965810,0.3469792306423187
18868,451602,5756560,0.34692874550819397
18869,451602,8693321,0.34685197472572327
18870,451602,2960317,0.34682321548461914
18871,451602,2486940,0.3467943072319031
18872,451602,4550403,0.3467729091644287
18873,451602,7466022,0.3467501699924469
18874,451602,5674764,0.34670203924179077
18875,451602,1162765,0.34669798612594604
18876,451602,4603026,0.3466638922691345
18877,451602,3817087,0.34665390849113464
18878,451602,5008701,0.34661880135536194
18879,451602,4040755,0.34661251306533813
18880,451602,7792095,0.3465464115142822
18881,451602,3597109,0.3465299606323242
18882,451602,469834,0.3465005159378052
18883,451602,5893835,0.3464403748512268
18884,451602,1981423,0.3464142084121704
18885,451602,520099,0.3463292121887207
18886,451602,299364,0.3463059663772583
18887,451602,7044724,0.3462545871734619
18888,451602,7718145,0.3461734652519226
18889,451602,8625093,0.3460855484008789
18890,451602,3119130,0.3460072875022888
18891,451602,695008,0.3460063934326172
18892,451602,7576501,0.3459935486316681
18893,451602,6193815,0.3459897041320801
18894,451602,6988545,0.34598296880722046
18895,451602,2818514,0.34595251083374023
18896,451602,2324292,0.34593963623046875
18897,451602,5891575,0.34590786695480347
18898,451602,5878925,0.3457709550857544
18899,451602,5064654,0.34575390815734863
18900,451602,2443799,0.3457212448120117
18901,451602,639305,0.3457140326499939
18902,451602,922295,0.34562212228775024
18903,451602,1233874,0.3455536365509033
18904,451602,8436988,0.3455127477645874
18905,451602,8204631,0.3455035984516144
18906,451602,922293,0.34544694423675537
18907,451602,3310282,0.3453681766986847
18908,451602,3883899,0.34535208344459534
18909,451602,282238,0.34530335664749146
18910,451602,718240,0.3453030288219452
18911,451602,7078333,0.34529462456703186
18912,451602,8349584,0.3452049493789673
18913,451602,7034734,0.3451939821243286
18914,451602,3142719,0.3451840877532959
18915,451602,1029840,0.3451828062534332
18916,451602,2787860,0.34517520666122437
18917,451602,3846783,0.34513580799102783
18918,451602,2522708,0.34512007236480713
18919,451602,7515658,0.3450678884983063
18920,451602,6517429,0.3449946939945221
18921,451602,1096345,0.34485912322998047
18922,451602,2760096,0.344856858253479
18923,451602,6804188,0.34476929903030396
18924,451602,1269672,0.34476566314697266
18925,451602,3916581,0.34475305676460266
18926,451602,3618160,0.3446693420410156
18927,451602,8813881,0.3446500599384308
18928,451602,2188066,0.3446325659751892
18929,451602,4068085,0.34460046887397766
18930,451602,5477294,0.34446126222610474
18931,451602,6964364,0.3444511890411377
18932,451602,2162945,0.3444398045539856
18933,451602,6758889,0.3443863093852997
18934,451602,6832017,0.3440486788749695
18935,451602,8461975,0.34403491020202637
18936,451602,3627647,0.3438815474510193
18937,451602,5486869,0.3438682556152344
18938,451602,7043985,0.34386664628982544
18939,451602,4374849,0.3438449501991272
18940,451602,4591657,0.34381455183029175
18941,451602,4286448,0.3438144028186798
18942,451602,1777606,0.343733549118042
18943,451602,5554187,0.3437116742134094
18944,451602,8512403,0.3436794579029083
18945,451602,3872811,0.3435863256454468
18946,451602,6640853,0.34357011318206787
18947,451602,156447,0.34356042742729187
18948,451602,2154595,0.34350383281707764
18949,451602,608765,0.34350132942199707
18950,451602,6794058,0.34349262714385986
18951,451602,7800963,0.34345126152038574
18952,451602,901667,0.34342333674430847
18953,451602,7693252,0.3433971405029297
18954,451602,1560672,0.3431527316570282
18955,451602,5217360,0.34308743476867676
18956,451602,776522,0.34301847219467163
18957,451602,6399034,0.3430083394050598
18958,451602,5789463,0.34296101331710815
18959,451602,8436443,0.34283900260925293
18960,451602,6582773,0.3428106904029846
18961,451602,7552822,0.34280213713645935
18962,451602,2874899,0.3427920639514923
18963,451602,2063895,0.34275752305984497
18964,451602,6632599,0.34272152185440063
18965,451602,1637942,0.3426961898803711
18966,451602,7915304,0.3426765203475952
18967,451602,7216453,0.34266868233680725
18968,451602,1152057,0.3426525592803955
18969,451602,6908950,0.3425731062889099
18970,451602,8570244,0.34255021810531616
18971,451602,4901048,0.34254229068756104
18972,451602,7627416,0.3425077795982361
18973,451602,7136085,0.34249648451805115
18974,451602,1814192,0.34248071908950806
18975,451602,3657115,0.342464804649353
18976,451602,143646,0.3424370586872101
18977,451602,2618830,0.3424038290977478
18978,451602,6050768,0.34232252836227417
18979,451602,2026486,0.34231066703796387
18980,451602,1348724,0.34230631589889526
18981,451602,3641112,0.34230220317840576
18982,451602,3310280,0.34229981899261475
18983,451602,6116805,0.34228482842445374
18984,451602,3230115,0.34228044748306274
18985,451602,5392597,0.3421759605407715
18986,451602,4539558,0.3421720862388611
18987,451602,6250340,0.34214770793914795
18988,451602,1720041,0.3420490026473999
18989,451602,1396258,0.341996431350708
18990,451602,5725636,0.34196898341178894
18991,451602,2036155,0.3419574201107025
18992,451602,432232,0.34191516041755676
18993,451602,2188069,0.3418833613395691
18994,451602,7784297,0.3417667746543884
18995,451602,6151863,0.3417428731918335
18996,451602,8813887,0.341661274433136
18997,451602,329382,0.341647207736969
18998,451602,7265800,0.34147530794143677
18999,451602,2625694,0.3414476811885834
19000,489204,2268652,0.738944411277771
19001,489204,8737051,0.7106969356536865
19002,489204,855963,0.7097212076187134
19003,489204,855972,0.6947628259658813
19004,489204,7113090,0.6883574724197388
19005,489204,3728445,0.6813865900039673
19006,489204,152954,0.681177020072937
19007,489204,152948,0.6692563891410828
19008,489204,5842847,0.6668305993080139
19009,489204,1276947,0.6635831594467163
19010,489204,1051498,0.6629146337509155
19011,489204,7113153,0.66203773021698
19012,489204,216492,0.6597570180892944
19013,489204,7116533,0.6585482358932495
19014,489204,4586570,0.6581970453262329
19015,489204,3503620,0.6580841541290283
19016,489204,6087666,0.6577105522155762
19017,489204,1759354,0.6575378775596619
19018,489204,5895917,0.6547093987464905
19019,489204,8463820,0.6543934345245361
19020,489204,889060,0.654232382774353
19021,489204,8594271,0.6538586616516113
19022,489204,1383251,0.6536160707473755
19023,489204,8585816,0.6536111831665039
19024,489204,1887699,0.6533477902412415
19025,489204,2915961,0.6527199745178223
19026,489204,7134737,0.6526160836219788
19027,489204,1479542,0.6522974967956543
19028,489204,4917998,0.6518192291259766
19029,489204,567331,0.6516359448432922
19030,489204,5815957,0.6515047550201416
19031,489204,113238,0.6511378288269043
19032,489204,4387756,0.6491421461105347
19033,489204,973923,0.6489375829696655
19034,489204,872467,0.6485847234725952
19035,489204,1538587,0.6472509503364563
19036,489204,46496,0.6471982002258301
19037,489204,1231677,0.6461763381958008
19038,489204,1038489,0.6456242203712463
19039,489204,1360634,0.6454671621322632
19040,489204,4880929,0.645024299621582
19041,489204,872470,0.6447033882141113
19042,489204,4029846,0.6444135904312134
19043,489204,678245,0.6439300179481506
19044,489204,4218637,0.6437125205993652
19045,489204,6816322,0.64298415184021
19046,489204,6327174,0.6427971124649048
19047,489204,3898929,0.6412124633789062
19048,489204,1418931,0.6412085890769958
19049,489204,8594272,0.6411111950874329
19050,489204,5629377,0.6404860019683838
19051,489204,8463823,0.6397048830986023
19052,489204,8054792,0.6394819021224976
19053,489204,855967,0.6379313468933105
19054,489204,1225591,0.6372974514961243
19055,489204,2163701,0.6368910074234009
19056,489204,5541647,0.6367878317832947
19057,489204,34397,0.6363661289215088
19058,489204,533017,0.6363592147827148
19059,489204,889058,0.6363565921783447
19060,489204,4912827,0.6359041929244995
19061,489204,8047853,0.6357680559158325
19062,489204,1778458,0.6353899240493774
19063,489204,5629373,0.6353079080581665
19064,489204,320073,0.6345978379249573
19065,489204,1360627,0.634016215801239
19066,489204,533011,0.6336269378662109
19067,489204,852257,0.6335419416427612
19068,489204,5480215,0.6329241991043091
19069,489204,6652052,0.6322293281555176
19070,489204,827174,0.6316972374916077
19071,489204,5705356,0.6299811601638794
19072,489204,6964307,0.6298915147781372
19073,489204,8773552,0.6284366846084595
19074,489204,2798561,0.6281241178512573
19075,489204,8582295,0.6267974376678467
19076,489204,4927308,0.6263977885246277
19077,489204,1777014,0.6263740062713623
19078,489204,4159098,0.6263463497161865
19079,489204,8770411,0.6255261898040771
19080,489204,413480,0.6251795887947083
19081,489204,2604999,0.6251400709152222
19082,489204,1705032,0.6241992115974426
19083,489204,8185870,0.6237316131591797
19084,489204,3923142,0.6236733198165894
19085,489204,759510,0.6234548091888428
19086,489204,46493,0.6225482225418091
19087,489204,753265,0.6222664713859558
19088,489204,6327177,0.6221294403076172
19089,489204,3438216,0.6220922470092773
19090,489204,750074,0.6219978928565979
19091,489204,1051494,0.6215682625770569
19092,489204,2446569,0.6209696531295776
19093,489204,3898925,0.6202042102813721
19094,489204,2959687,0.6193051934242249
19095,489204,136257,0.6191502809524536
19096,489204,3744940,0.6190347671508789
19097,489204,3898928,0.617556631565094
19098,489204,8167516,0.6173608899116516
19099,489204,7576596,0.6173330545425415
19100,489204,4279451,0.6171696186065674
19101,489204,7230873,0.6171249747276306
19102,489204,4823685,0.6166132688522339
19103,489204,320079,0.615799605846405
19104,489204,6087671,0.6153202056884766
19105,489204,6894988,0.6153056621551514
19106,489204,5550610,0.6148670315742493
19107,489204,4810147,0.6148303747177124
19108,489204,1475077,0.6146142482757568
19109,489204,8781574,0.6144125461578369
19110,489204,8395204,0.6143168210983276
19111,489204,4218638,0.6138767600059509
19112,489204,3794707,0.6136811971664429
19113,489204,8047857,0.6126455664634705
19114,489204,6084786,0.6125924587249756
19115,489204,985354,0.6120561957359314
19116,489204,1950273,0.6112886071205139
19117,489204,1820197,0.6110488176345825
19118,489204,6581779,0.6108871698379517
19119,489204,1778462,0.6108472347259521
19120,489204,8376905,0.6108307242393494
19121,489204,750066,0.6106549501419067
19122,489204,5342140,0.6102370023727417
19123,489204,6341043,0.6101282238960266
19124,489204,7564977,0.6099673509597778
19125,489204,1820203,0.6099318861961365
19126,489204,1051499,0.6093131899833679
19127,489204,8737053,0.6086404323577881
19128,489204,6327175,0.6084517240524292
19129,489204,1777012,0.6077625155448914
19130,489204,2484340,0.6076129674911499
19131,489204,750069,0.6075969934463501
19132,489204,6337646,0.607344388961792
19133,489204,4020672,0.6070451140403748
19134,489204,6792893,0.6067010164260864
19135,489204,1430550,0.6062265634536743
19136,489204,4823689,0.6061829328536987
19137,489204,1759063,0.6060770750045776
19138,489204,3310420,0.6053134202957153
19139,489204,533018,0.6050798296928406
19140,489204,3608625,0.6049984693527222
19141,489204,8582299,0.6045505404472351
19142,489204,1759357,0.6043823957443237
19143,489204,3400670,0.6036127805709839
19144,489204,7113309,0.6035895347595215
19145,489204,185675,0.6035573482513428
19146,489204,8594280,0.6032994985580444
19147,489204,2798564,0.6029945015907288
19148,489204,8594277,0.6023434400558472
19149,489204,110932,0.602131724357605
19150,489204,8077401,0.6020694971084595
19151,489204,1100554,0.6019861102104187
19152,489204,110938,0.601733922958374
19153,489204,8185865,0.6013754606246948
19154,489204,1207000,0.6012896299362183
19155,489204,855969,0.6012091636657715
19156,489204,5524072,0.6010070443153381
19157,489204,7228611,0.6007122993469238
19158,489204,4159416,0.6003048419952393
19159,489204,322522,0.6000198125839233
19160,489204,8781575,0.599725604057312
19161,489204,7620219,0.5997031927108765
19162,489204,6542578,0.5996635556221008
19163,489204,8585822,0.5994786620140076
19164,489204,3762352,0.5993632078170776
19165,489204,4467490,0.5985415577888489
19166,489204,4912829,0.5985175371170044
19167,489204,7576597,0.5984487533569336
19168,489204,1225589,0.5977125763893127
19169,489204,8185867,0.5974845290184021
19170,489204,1358860,0.5973594784736633
19171,489204,5037386,0.5973230004310608
19172,489204,5856571,0.596430778503418
19173,489204,1963768,0.5962221622467041
19174,489204,1778460,0.5960124135017395
19175,489204,4218632,0.5958842039108276
19176,489204,4912828,0.5957082509994507
19177,489204,5005611,0.5956296324729919
19178,489204,2482710,0.5951840877532959
19179,489204,7110772,0.5950714349746704
19180,489204,8770410,0.5950582027435303
19181,489204,5815958,0.5948958396911621
19182,489204,8582296,0.5946873426437378
19183,489204,5081342,0.5944010019302368
19184,489204,34395,0.5940640568733215
19185,489204,5143975,0.5940243005752563
19186,489204,1664643,0.5938658714294434
19187,489204,481482,0.5937279462814331
19188,489204,7108296,0.5936012864112854
19189,489204,6178067,0.5934972763061523
19190,489204,6301568,0.5929819345474243
19191,489204,3142104,0.5929387211799622
19192,489204,1092414,0.5929073095321655
19193,489204,35919,0.5928877592086792
19194,489204,1489663,0.5928228497505188
19195,489204,5005765,0.5927637219429016
19196,489204,4430765,0.5927630662918091
19197,489204,3317009,0.5926660299301147
19198,489204,3986549,0.5924243927001953
19199,489204,8772510,0.5924112200737
19200,489204,304266,0.5921630263328552
19201,489204,2915963,0.5920960903167725
19202,489204,481481,0.5919551849365234
19203,489204,8594276,0.5918227434158325
19204,489204,3061884,0.5917214155197144
19205,489204,1206999,0.5909920930862427
19206,489204,3980122,0.590657651424408
19207,489204,5037392,0.5899349451065063
19208,489204,1479541,0.5899326205253601
19209,489204,1479545,0.5896393060684204
19210,489204,2605267,0.5891881585121155
19211,489204,216490,0.5878118276596069
19212,489204,4150734,0.58775794506073
19213,489204,6327181,0.5875823497772217
19214,489204,5143974,0.5874454975128174
19215,489204,8488478,0.5872751474380493
19216,489204,3317010,0.5872721672058105
19217,489204,8729935,0.5871708393096924
19218,489204,2334791,0.5870223641395569
19219,489204,4892623,0.5868978500366211
19220,489204,1759360,0.5868027210235596
19221,489204,385083,0.5856815576553345
19222,489204,2016623,0.5853821039199829
19223,489204,7679245,0.5853726863861084
19224,489204,453375,0.5853233337402344
19225,489204,187566,0.5852329730987549
19226,489204,1664640,0.5852145552635193
19227,489204,4761967,0.5851702690124512
19228,489204,8164643,0.5850463509559631
19229,489204,750070,0.5848951935768127
19230,489204,5541650,0.584713339805603
19231,489204,759509,0.5845747590065002
19232,489204,185679,0.5836355686187744
19233,489204,7112941,0.5834923386573792
19234,489204,320071,0.5834293365478516
19235,489204,3980126,0.5832923054695129
19236,489204,4691310,0.5831723213195801
19237,489204,7116580,0.5831024050712585
19238,489204,2614925,0.5830632448196411
19239,489204,66437,0.5824573040008545
19240,489204,8585817,0.5824244618415833
19241,489204,8376910,0.5822826623916626
19242,489204,6337642,0.5821548700332642
19243,489204,4020670,0.5820870399475098
19244,489204,6960229,0.5819159150123596
19245,489204,7815341,0.5817621946334839
19246,489204,6338360,0.5816329121589661
19247,489204,4880924,0.5812013149261475
19248,489204,8164639,0.5811098217964172
19249,489204,1475084,0.5803408026695251
19250,489204,2605171,0.5798881649971008
19251,489204,827176,0.5798839330673218
19252,489204,114148,0.5798249244689941
19253,489204,314558,0.579767644405365
19254,489204,4088951,0.5796545147895813
19255,489204,1051496,0.5795173645019531
19256,489204,7564982,0.5791900157928467
19257,489204,3310421,0.5787456035614014
19258,489204,1225585,0.5786539912223816
19259,489204,6084785,0.5786522626876831
19260,489204,8030003,0.5786250829696655
19261,489204,1418593,0.5786044001579285
19262,489204,726629,0.5785243511199951
19263,489204,1167659,0.5784919857978821
19264,489204,5541646,0.5781668424606323
19265,489204,6665319,0.5781658887863159
19266,489204,8594273,0.578113317489624
19267,489204,1231678,0.5777873992919922
19268,489204,6343845,0.5772777795791626
19269,489204,2268651,0.5771793723106384
19270,489204,1430556,0.5771142244338989
19271,489204,8590501,0.5769907832145691
19272,489204,3438217,0.5769866704940796
19273,489204,759506,0.5768123269081116
19274,489204,750073,0.5764928460121155
19275,489204,4150733,0.576250433921814
19276,489204,4432381,0.5759097337722778
19277,489204,6362205,0.5757126808166504
19278,489204,4716136,0.5755730867385864
19279,489204,8185922,0.5752056837081909
19280,489204,3401537,0.5751734375953674
19281,489204,224744,0.5749275088310242
19282,489204,1475448,0.574805498123169
19283,489204,3870533,0.574387788772583
19284,489204,1447413,0.5742796659469604
19285,489204,750067,0.5742685794830322
19286,489204,7679246,0.5742475986480713
19287,489204,2768910,0.574203372001648
19288,489204,6542586,0.5737407207489014
19289,489204,8008813,0.5736125707626343
19290,489204,6042548,0.5732647180557251
19291,489204,7116584,0.5732568502426147
19292,489204,5920425,0.5732194781303406
19293,489204,1051495,0.5731656551361084
19294,489204,3379635,0.5729151368141174
19295,489204,5303659,0.572895884513855
19296,489204,3623668,0.572758138179779
19297,489204,1225584,0.572432816028595
19298,489204,1820204,0.5723968744277954
19299,489204,2614927,0.5722229480743408
19300,489204,3021043,0.5721598267555237
19301,489204,7120761,0.5721546411514282
19302,489204,6536367,0.5720754861831665
19303,489204,1950269,0.5709049701690674
19304,489204,3053140,0.5708596706390381
19305,489204,5927914,0.5706723928451538
19306,489204,7564980,0.5705976486206055
19307,489204,5845513,0.5705679655075073
19308,489204,4927306,0.5699664354324341
19309,489204,827177,0.5696672201156616
19310,489204,4574500,0.5694923400878906
19311,489204,1228655,0.5693956613540649
19312,489204,890797,0.5692808628082275
19313,489204,7523744,0.5687487125396729
19314,489204,5452013,0.5686336159706116
19315,489204,8601417,0.5685723423957825
19316,489204,5078055,0.5685337781906128
19317,489204,1040449,0.5684904456138611
19318,489204,3608627,0.5682650208473206
19319,489204,8500086,0.5681723356246948
19320,489204,8238825,0.5680804252624512
19321,489204,1226643,0.5680106282234192
19322,489204,5629374,0.5678591728210449
19323,489204,8594274,0.5675169229507446
19324,489204,3727454,0.5674828290939331
19325,489204,3317006,0.5673792362213135
19326,489204,6665318,0.5673239231109619
19327,489204,1360631,0.5671874284744263
19328,489204,312206,0.5666600465774536
19329,489204,110934,0.5663114190101624
19330,489204,1788504,0.5663069486618042
19331,489204,7134742,0.5661362409591675
19332,489204,872472,0.566044807434082
19333,489204,5797006,0.566024124622345
19334,489204,1820202,0.5660086274147034
19335,489204,7609290,0.5653836131095886
19336,489204,8009295,0.5648297071456909
19337,489204,6042547,0.5647298097610474
19338,489204,6327182,0.5643913149833679
19339,489204,7112939,0.5640853643417358
19340,489204,6337641,0.5637542009353638
19341,489204,8505370,0.5636491775512695
19342,489204,6269724,0.5636476278305054
19343,489204,1736553,0.563427209854126
19344,489204,6337935,0.5633991956710815
19345,489204,852250,0.5632197856903076
19346,489204,6223217,0.5620614886283875
19347,489204,1789218,0.5620555281639099
19348,489204,4279455,0.5618501305580139
19349,489204,1609131,0.5615296363830566
19350,489204,1820199,0.5614730715751648
19351,489204,533013,0.5612718462944031
19352,489204,6087663,0.5611588358879089
19353,489204,7120768,0.5610030889511108
19354,489204,8747228,0.560917854309082
19355,489204,2605271,0.5608518123626709
19356,489204,6620077,0.5608344078063965
19357,489204,7941928,0.5604698657989502
19358,489204,6462114,0.5603692531585693
19359,489204,6652053,0.5603358149528503
19360,489204,1207002,0.5603265762329102
19361,489204,5268839,0.5602970719337463
19362,489204,173119,0.5602632164955139
19363,489204,7134735,0.560165286064148
19364,489204,6792892,0.5600888133049011
19365,489204,7886567,0.5600714683532715
19366,489204,759512,0.5599700212478638
19367,489204,34399,0.5598515868186951
19368,489204,6960226,0.5597682595252991
19369,489204,320076,0.5596777200698853
19370,489204,4218631,0.5595800876617432
19371,489204,1310106,0.5595599412918091
19372,489204,1685364,0.559493899345398
19373,489204,3140831,0.5594477653503418
19374,489204,6079149,0.5592908263206482
19375,489204,320078,0.5586819052696228
19376,489204,6191584,0.5585546493530273
19377,489204,2352613,0.558514416217804
19378,489204,872466,0.5583282709121704
19379,489204,1319513,0.5583169460296631
19380,489204,212408,0.5581123232841492
19381,489204,1820637,0.5580193996429443
19382,489204,4218633,0.5579966306686401
19383,489204,715061,0.5578670501708984
19384,489204,1051497,0.5577282905578613
19385,489204,1051493,0.5576677918434143
19386,489204,7112938,0.5575342774391174
19387,489204,3021042,0.5574133396148682
19388,489204,2053095,0.5571290254592896
19389,489204,1418935,0.5570704936981201
19390,489204,4535694,0.557007372379303
19391,489204,110933,0.5569419860839844
19392,489204,7358643,0.5568357110023499
19393,489204,7877702,0.5563580989837646
19394,489204,1383246,0.556342601776123
19395,489204,46497,0.5561407208442688
19396,489204,5005609,0.5561202764511108
19397,489204,6327176,0.5559720396995544
19398,489204,7886565,0.5556760430335999
19399,489204,3012141,0.555668830871582
19400,489204,5058882,0.5556605458259583
19401,489204,4823686,0.555420458316803
19402,489204,4249492,0.5552915334701538
19403,489204,1475412,0.5548242330551147
19404,489204,8601421,0.5546271204948425
19405,489204,5324659,0.5546150207519531
19406,489204,6462109,0.5545876026153564
19407,489204,1265510,0.5545428991317749
19408,489204,6754959,0.5544737577438354
19409,489204,8009291,0.5542440414428711
19410,489204,535375,0.5540931224822998
19411,489204,883663,0.5540750026702881
19412,489204,678250,0.5539785027503967
19413,489204,110929,0.5539343357086182
19414,489204,110936,0.5539339780807495
19415,489204,1705030,0.5536378622055054
19416,489204,207327,0.5535864233970642
19417,489204,3120959,0.5532721877098083
19418,489204,6879783,0.553219199180603
19419,489204,8185920,0.553153395652771
19420,489204,1418933,0.5529050827026367
19421,489204,7228610,0.5528978109359741
19422,489204,2268656,0.5526615977287292
19423,489204,2798565,0.5525144934654236
19424,489204,1887705,0.5524106025695801
19425,489204,4892620,0.5522890686988831
19426,489204,7815338,0.5518264174461365
19427,489204,6859401,0.5517293214797974
19428,489204,312202,0.5515580177307129
19429,489204,8077402,0.5512651205062866
19430,489204,2819587,0.5511304140090942
19431,489204,6863438,0.550866961479187
19432,489204,5629371,0.5508407354354858
19433,489204,2798566,0.5506515502929688
19434,489204,34392,0.5506286025047302
19435,489204,1447417,0.5505958199501038
19436,489204,7467547,0.5505237579345703
19437,489204,8376907,0.5504257678985596
19438,489204,6879782,0.5502973794937134
19439,489204,3317005,0.5502908229827881
19440,489204,46500,0.5500682592391968
19441,489204,4823683,0.5498592257499695
19442,489204,1310107,0.5498583316802979
19443,489204,7108294,0.549512505531311
19444,489204,2412277,0.5492874979972839
19445,489204,1061527,0.5489923357963562
19446,489204,5519177,0.5487934350967407
19447,489204,8653524,0.548790693283081
19448,489204,7232781,0.5485994815826416
19449,489204,8602485,0.548453152179718
19450,489204,1323251,0.5482667684555054
19451,489204,4552402,0.5482470989227295
19452,489204,1820198,0.5481670498847961
19453,489204,4142348,0.5481621026992798
19454,489204,855968,0.5479888319969177
19455,489204,3981857,0.5479690432548523
19456,489204,7436761,0.5479624271392822
19457,489204,571685,0.5477156639099121
19458,489204,6960225,0.5475468039512634
19459,489204,7266632,0.5473544597625732
19460,489204,2998614,0.5471032857894897
19461,489204,8582293,0.5470899939537048
19462,489204,8185921,0.5470706224441528
19463,489204,5078050,0.547027587890625
19464,489204,1310103,0.5468804836273193
19465,489204,1310108,0.5466349124908447
19466,489204,1265515,0.5465324521064758
19467,489204,6652051,0.5461963415145874
19468,489204,1231679,0.5455739498138428
19469,489204,1759359,0.5455278158187866
19470,489204,152951,0.545513927936554
19471,489204,6879781,0.5454952716827393
19472,489204,4263039,0.5454031825065613
19473,489204,2996548,0.5452399849891663
19474,489204,7110770,0.5450738668441772
19475,489204,7116508,0.5449727773666382
19476,489204,4040858,0.5447146892547607
19477,489204,6345480,0.5446704626083374
19478,489204,7815337,0.5444990396499634
19479,489204,3155857,0.5444744825363159
19480,489204,1383247,0.5443958044052124
19481,489204,8826751,0.5443923473358154
19482,489204,4249495,0.543877124786377
19483,489204,8444341,0.5437591075897217
19484,489204,7255174,0.5437066555023193
19485,489204,7113084,0.5436688661575317
19486,489204,4649499,0.5432338118553162
19487,489204,5713295,0.5429860353469849
19488,489204,5206489,0.5429800748825073
19489,489204,7886570,0.5429219603538513
19490,489204,3253679,0.5429020524024963
19491,489204,8737052,0.5426973104476929
19492,489204,7396101,0.5426435470581055
19493,489204,120133,0.5425314903259277
19494,489204,3353678,0.5424517393112183
19495,489204,7120763,0.5424166917800903
19496,489204,1101217,0.5423219203948975
19497,489204,2099885,0.5422506928443909
19498,489204,7652967,0.5419188737869263
19499,489204,4106153,0.5418979525566101
19500,489204,6210766,0.5418979525566101
19501,489204,4574496,0.5417253375053406
19502,489204,1557550,0.5415277481079102
19503,489204,872471,0.5414958000183105
19504,489204,305721,0.5414739847183228
19505,489204,7008875,0.5414270758628845
19506,489204,1447415,0.5411428213119507
19507,489204,8010753,0.5410659313201904
19508,489204,7734612,0.5408769845962524
19509,489204,8185868,0.5408291220664978
19510,489204,1251821,0.5406922101974487
19511,489204,4926225,0.5405601263046265
19512,489204,5247990,0.5404659509658813
19513,489204,567337,0.5402972102165222
19514,489204,827179,0.5402244329452515
19515,489204,1820631,0.5402140617370605
19516,489204,4649504,0.5401104688644409
19517,489204,6973244,0.54004967212677
19518,489204,5107817,0.5399808883666992
19519,489204,1310105,0.539854109287262
19520,489204,2798569,0.5398420095443726
19521,489204,6869045,0.5398368835449219
19522,489204,8579088,0.5397297143936157
19523,489204,3683366,0.539476752281189
19524,489204,7917619,0.5393641591072083
19525,489204,890801,0.5392248034477234
19526,489204,4892628,0.5388815402984619
19527,489204,3648740,0.538852334022522
19528,489204,5143977,0.5388302803039551
19529,489204,3053137,0.5387800335884094
19530,489204,1231674,0.538716197013855
19531,489204,224747,0.5386757850646973
19532,489204,1310101,0.5384113192558289
19533,489204,4593599,0.5384029150009155
19534,489204,4823690,0.5382328033447266
19535,489204,7718090,0.538158655166626
19536,489204,1051492,0.5380014777183533
19537,489204,6461844,0.537918210029602
19538,489204,4574497,0.5377629399299622
19539,489204,185678,0.5376907587051392
19540,489204,3898933,0.5376039743423462
19541,489204,4912833,0.5374913811683655
19542,489204,8633472,0.5374908447265625
19543,489204,4425431,0.5373210310935974
19544,489204,1897210,0.5371490120887756
19545,489204,7005677,0.5369563102722168
19546,489204,5590165,0.5369171500205994
19547,489204,415421,0.5368739366531372
19548,489204,6555276,0.5368530750274658
19549,489204,120127,0.5367704033851624
19550,489204,2604990,0.5367251038551331
19551,489204,6960224,0.5365557670593262
19552,489204,3142101,0.5364871025085449
19553,489204,2645308,0.5363706946372986
19554,489204,185673,0.5362016558647156
19555,489204,1431271,0.5361491441726685
19556,489204,766352,0.5360926389694214
19557,489204,5842848,0.5360526442527771
19558,489204,307127,0.5359982252120972
19559,489204,3285099,0.5355820059776306
19560,489204,3297497,0.535568356513977
19561,489204,6496902,0.5353586077690125
19562,489204,4249494,0.5351227521896362
19563,489204,5005610,0.5347930192947388
19564,489204,3244273,0.534706711769104
19565,489204,3317011,0.534549355506897
19566,489204,8737046,0.5344586968421936
19567,489204,3683362,0.5343319177627563
19568,489204,8420374,0.5343064665794373
19569,489204,5399753,0.533921480178833
19570,489204,66440,0.5339043736457825
19571,489204,7234753,0.5338007807731628
19572,489204,985360,0.5337374806404114
19573,489204,4387753,0.5337233543395996
19574,489204,6237429,0.5337012410163879
19575,489204,8770414,0.5336911678314209
19576,489204,7652966,0.5336900949478149
19577,489204,5659641,0.5329365730285645
19578,489204,3155853,0.532902717590332
19579,489204,8058905,0.5328695178031921
19580,489204,1557546,0.5328474640846252
19581,489204,759507,0.5326804518699646
19582,489204,4593601,0.5326682329177856
19583,489204,1225590,0.532649576663971
19584,489204,4159415,0.532526969909668
19585,489204,453371,0.5324670076370239
19586,489204,8055351,0.5323024988174438
19587,489204,1820201,0.532265841960907
19588,489204,3978305,0.5322132110595703
19589,489204,1786187,0.5321637988090515
19590,489204,3353684,0.532124936580658
19591,489204,6237430,0.5319463014602661
19592,489204,6191585,0.5317267179489136
19593,489204,3075337,0.5316730737686157
19594,489204,3140832,0.5314933657646179
19595,489204,6988530,0.5310366153717041
19596,489204,1430555,0.5307283997535706
19597,489204,1447411,0.5307261943817139
19598,489204,3021048,0.5305652618408203
19599,489204,503,0.5305094122886658
19600,489204,8003543,0.5304877758026123
19601,489204,6218507,0.5304363965988159
19602,489204,1100556,0.5303321480751038
19603,489204,7840815,0.5302976369857788
19604,489204,1377874,0.5302337408065796
19605,489204,1479544,0.5301998853683472
19606,489204,5842850,0.5301481485366821
19607,489204,5313711,0.5297970771789551
19608,489204,5752433,0.5297473669052124
19609,489204,7631772,0.5297195315361023
19610,489204,4222521,0.5296790599822998
19611,489204,416864,0.5294914245605469
19612,489204,6736995,0.5294264554977417
19613,489204,2525903,0.5293896198272705
19614,489204,7601374,0.5293172597885132
19615,489204,8055350,0.5292196273803711
19616,489204,5410477,0.5291137099266052
19617,489204,8651080,0.5289810299873352
19618,489204,2798568,0.5288853645324707
19619,489204,5342135,0.5288598537445068
19620,489204,4425430,0.5287624597549438
19621,489204,7116511,0.5284410119056702
19622,489204,7228604,0.5284122824668884
19623,489204,6629393,0.5284000635147095
19624,489204,1383252,0.5283457636833191
19625,489204,8405771,0.5283246040344238
19626,489204,4892626,0.5282562375068665
19627,489204,861241,0.5281052589416504
19628,489204,5156386,0.5279740691184998
19629,489204,481479,0.5279449224472046
19630,489204,825953,0.5277575850486755
19631,489204,7242820,0.5277497172355652
19632,489204,725832,0.5276968479156494
19633,489204,2838103,0.5276471376419067
19634,489204,6443528,0.5275094509124756
19635,489204,7435026,0.5275072455406189
19636,489204,4141033,0.5273863077163696
19637,489204,8444340,0.5272894501686096
19638,489204,3504596,0.5272133350372314
19639,489204,827173,0.5269910097122192
19640,489204,524294,0.52651447057724
19641,489204,4279453,0.5264058113098145
19642,489204,2140884,0.5263071656227112
19643,489204,4285775,0.5262868404388428
19644,489204,2397815,0.5261075496673584
19645,489204,481484,0.5260769128799438
19646,489204,2203706,0.5259118676185608
19647,489204,8164640,0.5257294178009033
19648,489204,5815951,0.5256806015968323
19649,489204,634780,0.5255790948867798
19650,489204,4691306,0.5254524946212769
19651,489204,4483218,0.5253328084945679
19652,489204,109653,0.5249571800231934
19653,489204,8077396,0.5249406695365906
19654,489204,4333942,0.524922251701355
19655,489204,5550611,0.5248854160308838
19656,489204,305713,0.5248724222183228
19657,489204,1362179,0.5247447490692139
19658,489204,1609128,0.5247193574905396
19659,489204,3694476,0.5245264768600464
19660,489204,5709655,0.5245024561882019
19661,489204,481478,0.5245020389556885
19662,489204,415423,0.5244669318199158
19663,489204,2065259,0.5244314670562744
19664,489204,3884264,0.524282693862915
19665,489204,3694473,0.5241594314575195
19666,489204,5713296,0.5241512060165405
19667,489204,385451,0.5241324305534363
19668,489204,1362177,0.5241222977638245
19669,489204,3289171,0.5240761041641235
19670,489204,6884423,0.5240497589111328
19671,489204,5505329,0.524043083190918
19672,489204,6752680,0.5240387916564941
19673,489204,1726673,0.5240136384963989
19674,489204,8376909,0.5239561796188354
19675,489204,1151954,0.5239118337631226
19676,489204,320077,0.523812472820282
19677,489204,2134099,0.523758053779602
19678,489204,4425425,0.5237414836883545
19679,489204,6754958,0.523655354976654
19680,489204,7815340,0.5236356258392334
19681,489204,5817967,0.5235891342163086
19682,489204,1705031,0.5230782628059387
19683,489204,855971,0.5230752229690552
19684,489204,6869049,0.5229785442352295
19685,489204,5005606,0.5227913856506348
19686,489204,2595794,0.5226588845252991
19687,489204,1040451,0.5225448608398438
19688,489204,827180,0.5223309397697449
19689,489204,8376906,0.5221905708312988
19690,489204,7054795,0.5221723318099976
19691,489204,7274066,0.5218648314476013
19692,489204,8083618,0.5217382907867432
19693,489204,1958133,0.5217291116714478
19694,489204,1971802,0.5216504335403442
19695,489204,7886569,0.5216375589370728
19696,489204,3325976,0.5215493440628052
19697,489204,8463821,0.5214924812316895
19698,489204,3694475,0.5213711857795715
19699,489204,4926226,0.5213499069213867
19700,489204,34400,0.5213021636009216
19701,489204,8185923,0.5209937691688538
19702,489204,3053138,0.5208869576454163
19703,489204,8465132,0.5208794474601746
19704,489204,46498,0.520752489566803
19705,489204,6661536,0.5206972360610962
19706,489204,3417892,0.5206609964370728
19707,489204,6327178,0.5203948616981506
19708,489204,120136,0.520354151725769
19709,489204,7767295,0.5203452110290527
19710,489204,3417891,0.5200767517089844
19711,489204,4300713,0.5200188159942627
19712,489204,3759164,0.519941508769989
19713,489204,1299225,0.5199120044708252
19714,489204,4425424,0.5198068022727966
19715,489204,3665912,0.5196828842163086
19716,489204,4669688,0.5196065902709961
19717,489204,4633819,0.5193737745285034
19718,489204,1756598,0.5193706750869751
19719,489204,8651079,0.519059956073761
19720,489204,4159099,0.518957257270813
19721,489204,2620650,0.5189270973205566
19722,489204,5505330,0.5188812017440796
19723,489204,3500358,0.5187552571296692
19724,489204,7886568,0.5187322497367859
19725,489204,3945857,0.5186618566513062
19726,489204,750071,0.5186034440994263
19727,489204,1162995,0.518532395362854
19728,489204,6869048,0.5184485912322998
19729,489204,7995323,0.5182631611824036
19730,489204,6731555,0.5182536244392395
19731,489204,7432762,0.5181536674499512
19732,489204,8633473,0.5179102420806885
19733,489204,3140835,0.5178905129432678
19734,489204,6642571,0.5178589820861816
19735,489204,4929958,0.5178554654121399
19736,489204,5700872,0.5177842378616333
19737,489204,4057833,0.5177358984947205
19738,489204,1362183,0.5177185535430908
19739,489204,415420,0.5177021622657776
19740,489204,6379164,0.5177009105682373
19741,489204,7556261,0.5176992416381836
19742,489204,2298659,0.5173249244689941
19743,489204,4174215,0.5172615051269531
19744,489204,6871207,0.5171583890914917
19745,489204,5505328,0.517037034034729
19746,489204,5022412,0.5168740153312683
19747,489204,57429,0.5168218612670898
19748,489204,1783170,0.5167731046676636
19749,489204,4699758,0.5166608095169067
19750,489204,5426557,0.5166247487068176
19751,489204,1789226,0.5165234804153442
19752,489204,4472540,0.5162986516952515
19753,489204,827178,0.5162632465362549
19754,489204,1736546,0.5162456035614014
19755,489204,139997,0.5160300731658936
19756,489204,634785,0.5159213542938232
19757,489204,742732,0.5159114599227905
19758,489204,4903501,0.5159072875976562
19759,489204,3751351,0.5158696174621582
19760,489204,2099876,0.5156631469726562
19761,489204,5143976,0.5154667496681213
19762,489204,6847141,0.5153281092643738
19763,489204,7037604,0.5153015851974487
19764,489204,1493930,0.5152851939201355
19765,489204,3353685,0.515160858631134
19766,489204,7228606,0.5150257349014282
19767,489204,62408,0.514977216720581
19768,489204,6661538,0.51456218957901
19769,489204,2604995,0.5145131945610046
19770,489204,4106154,0.5144363045692444
19771,489204,6045422,0.5144363045692444
19772,489204,1495975,0.514345109462738
19773,489204,8394951,0.5143411159515381
19774,489204,6663336,0.5143075585365295
19775,489204,6672435,0.5142968893051147
19776,489204,8092581,0.5142752528190613
19777,489204,7815339,0.5142604112625122
19778,489204,4931313,0.5141308903694153
19779,489204,2484332,0.5141294598579407
19780,489204,210571,0.5137177109718323
19781,489204,4637194,0.5135679244995117
19782,489204,606204,0.5134966373443604
19783,489204,314818,0.5134308934211731
19784,489204,6363659,0.5134140253067017
19785,489204,8085188,0.5134059190750122
19786,489204,90556,0.5133275985717773
19787,489204,7103709,0.5132228136062622
19788,489204,4106152,0.5130957365036011
19789,489204,855965,0.5130698680877686
19790,489204,2627257,0.5130242705345154
19791,489204,6079148,0.5128946900367737
19792,489204,4574508,0.5128641128540039
19793,489204,2445205,0.5128133296966553
19794,489204,5505326,0.5127842426300049
19795,489204,542504,0.5127497315406799
19796,489204,3285102,0.512718915939331
19797,489204,5081341,0.51265549659729
19798,489204,4980839,0.5126405954360962
19799,489204,6301569,0.512600302696228
19800,489204,1961213,0.5124990940093994
19801,489204,5342138,0.5124797821044922
19802,489204,6727272,0.512467622756958
19803,489204,6442366,0.5124430656433105
19804,489204,2070959,0.5122876167297363
19805,489204,1685362,0.51213538646698
19806,489204,2899721,0.5119869112968445
19807,489204,4901414,0.5119640827178955
19808,489204,7948147,0.5117827653884888
19809,489204,3717113,0.5117287635803223
19810,489204,4931310,0.511594295501709
19811,489204,5501462,0.5115082859992981
19812,489204,7684532,0.5114492177963257
19813,489204,415419,0.5113263130187988
19814,489204,322525,0.5113008618354797
19815,489204,8304668,0.5112664699554443
19816,489204,4142343,0.5112577676773071
19817,489204,2372815,0.5112015008926392
19818,489204,3317008,0.5110416412353516
19819,489204,3991584,0.5110375881195068
19820,489204,1950274,0.5107086300849915
19821,489204,5432706,0.5106056332588196
19822,489204,2443639,0.5105262994766235
19823,489204,2645311,0.5104743242263794
19824,489204,113914,0.5104223489761353
19825,489204,1051500,0.5102225542068481
19826,489204,207851,0.5102077722549438
19827,489204,7183029,0.5101217031478882
19828,489204,2865873,0.5101048946380615
19829,489204,8629641,0.5098600387573242
19830,489204,7170103,0.5098344087600708
19831,489204,5590163,0.5097759962081909
19832,489204,665592,0.5097053050994873
19833,489204,6798857,0.509670615196228
19834,489204,1633621,0.5095117092132568
19835,489204,3053134,0.509406328201294
19836,489204,376768,0.5093900561332703
19837,489204,7064814,0.5093687772750854
19838,489204,6167367,0.5092914700508118
19839,489204,1723509,0.5092225074768066
19840,489204,665598,0.5092117786407471
19841,489204,1825454,0.5091872215270996
19842,489204,4918001,0.5091671347618103
19843,489204,519001,0.5090532302856445
19844,489204,6223211,0.5089629888534546
19845,489204,120130,0.50888991355896
19846,489204,859315,0.5086225271224976
19847,489204,8185810,0.5085488557815552
19848,489204,7005681,0.5084156394004822
19849,489204,1225587,0.5082979202270508
19850,489204,189091,0.5082653760910034
19851,489204,6000851,0.5081994533538818
19852,489204,6900111,0.5081902742385864
19853,489204,1328637,0.5081308484077454
19854,489204,481476,0.5080839991569519
19855,489204,8590499,0.5080776214599609
19856,489204,518995,0.5080506801605225
19857,489204,8055356,0.5080388784408569
19858,489204,4538296,0.5079934597015381
19859,489204,6029721,0.5079752206802368
19860,489204,6123416,0.5079710483551025
19861,489204,430274,0.507669985294342
19862,489204,6849781,0.507656455039978
19863,489204,6115192,0.5076360106468201
19864,489204,3807428,0.5075682401657104
19865,489204,5107824,0.507523238658905
19866,489204,892882,0.5074983835220337
19867,489204,4057834,0.5074173212051392
19868,489204,473859,0.5072951316833496
19869,489204,6224053,0.5072671175003052
19870,489204,7358634,0.5071583986282349
19871,489204,8185919,0.5071276426315308
19872,489204,5583225,0.5070635080337524
19873,489204,7886573,0.5069288611412048
19874,489204,8185806,0.506843090057373
19875,489204,1430268,0.5067591071128845
19876,489204,6044880,0.506756067276001
19877,489204,4218634,0.506700873374939
19878,489204,3466731,0.5066637396812439
19879,489204,5164564,0.5065661668777466
19880,489204,2268655,0.5065484046936035
19881,489204,5920731,0.5064842104911804
19882,489204,7436762,0.506441056728363
19883,489204,1491049,0.5064340829849243
19884,489204,5365399,0.5062655210494995
19885,489204,5488619,0.5062063932418823
19886,489204,7183024,0.5060439705848694
19887,489204,3481114,0.5058907270431519
19888,489204,246326,0.5058131814002991
19889,489204,1111635,0.5057862401008606
19890,489204,3225252,0.5057016611099243
19891,489204,1554747,0.505679726600647
19892,489204,4376432,0.5055294036865234
19893,489204,6029718,0.5053550004959106
19894,489204,5479552,0.5053293108940125
19895,489204,6792894,0.5052993297576904
19896,489204,6920209,0.5052505135536194
19897,489204,1207003,0.5051925778388977
19898,489204,4892624,0.504985511302948
19899,489204,6864421,0.5049470067024231
19900,489204,1961207,0.5047897100448608
19901,489204,571686,0.5047391653060913
19902,489204,7228605,0.5046982169151306
19903,489204,5505327,0.5046850442886353
19904,489204,6661537,0.5046316981315613
19905,489204,5008297,0.5046275854110718
19906,489204,2484335,0.5045745968818665
19907,489204,751855,0.5044187307357788
19908,489204,353840,0.5043940544128418
19909,489204,1571450,0.5043225884437561
19910,489204,4939043,0.5042969584465027
19911,489204,5531129,0.504294753074646
19912,489204,7234747,0.5041942000389099
19913,489204,5402269,0.5041065812110901
19914,489204,275280,0.5039039850234985
19915,489204,1225586,0.5037751197814941
19916,489204,942466,0.503736138343811
19917,489204,4917999,0.5036736726760864
19918,489204,307128,0.5036283135414124
19919,489204,3665914,0.5035520792007446
19920,489204,5402270,0.5034670233726501
19921,489204,6629395,0.5033784508705139
19922,489204,5085879,0.503339946269989
19923,489204,528348,0.5032535791397095
19924,489204,1692986,0.5031964778900146
19925,489204,1881492,0.5030437111854553
19926,489204,4389065,0.5029749870300293
19927,489204,863581,0.5029283165931702
19928,489204,4653905,0.5028879642486572
19929,489204,6581771,0.5028660297393799
19930,489204,6210768,0.5028518438339233
19931,489204,7575564,0.5027157664299011
19932,489204,3021044,0.5026785135269165
19933,489204,3728441,0.5026256442070007
19934,489204,8746072,0.5025843381881714
19935,489204,6301014,0.5024952292442322
19936,489204,1328679,0.5024542808532715
19937,489204,7228609,0.5023819208145142
19938,489204,5817969,0.5022791028022766
19939,489204,320074,0.5021649599075317
19940,489204,8601419,0.5021477937698364
19941,489204,7444660,0.5021072626113892
19942,489204,5505331,0.5020735263824463
19943,489204,1664642,0.5020055174827576
19944,489204,603253,0.5019901394844055
19945,489204,1431274,0.5018908977508545
19946,489204,2990408,0.5018724203109741
19947,489204,2016399,0.5017843842506409
19948,489204,7259008,0.5017377138137817
19949,489204,4183867,0.5014994740486145
19950,489204,4287864,0.5014710426330566
19951,489204,4122474,0.5014410018920898
19952,489204,556282,0.5013800859451294
19953,489204,4917996,0.5013272762298584
19954,489204,5895921,0.5013018846511841
19955,489204,759508,0.5012890696525574
19956,489204,6193991,0.5012598037719727
19957,489204,1318802,0.5012391805648804
19958,489204,1642416,0.5011916756629944
19959,489204,634786,0.5011544227600098
19960,489204,518994,0.5011390447616577
19961,489204,8208679,0.5010800361633301
19962,489204,6672439,0.5009918212890625
19963,489204,5590158,0.5009293556213379
19964,489204,635592,0.500919759273529
19965,489204,4586569,0.5007871985435486
19966,489204,3957672,0.500511884689331
19967,489204,8143854,0.500490665435791
19968,489204,2602741,0.5003284215927124
19969,489204,2734905,0.5002028942108154
19970,489204,6910984,0.5001927614212036
19971,489204,6584312,0.5000417232513428
19972,489204,272670,0.4999801516532898
19973,489204,110937,0.4999276101589203
19974,489204,698256,0.49991610646247864
19975,489204,6362647,0.4998573064804077
19976,489204,883657,0.49978137016296387
19977,489204,4751339,0.49978137016296387
19978,489204,2412300,0.49968576431274414
19979,489204,4843025,0.4996494948863983
19980,489204,7002526,0.49964141845703125
19981,489204,634782,0.49963921308517456
19982,489204,2534791,0.4995821714401245
19983,489204,5713292,0.499545156955719
19984,489204,4172246,0.4994519054889679
19985,489204,6555275,0.49943917989730835
19986,489204,615105,0.4993458390235901
19987,489204,4552401,0.4992150366306305
19988,489204,7678136,0.4992135465145111
19989,489204,310357,0.4992048740386963
19990,489204,2118436,0.4991617202758789
19991,489204,855964,0.49901658296585083
19992,489204,2308550,0.49897152185440063
19993,489204,6327180,0.4988403618335724
19994,489204,3438218,0.49876487255096436
19995,489204,109646,0.49865850806236267
19996,489204,7545782,0.49860095977783203
19997,489204,6531569,0.49859410524368286
19998,489204,1629582,0.49855199456214905
19999,489204,7660274,0.49851834774017334
20000,490595,1929910,0.7243749499320984
20001,490595,805051,0.6908550262451172
20002,490595,549465,0.6905344724655151
20003,490595,5247999,0.6525301933288574
20004,490595,8485141,0.6520742177963257
20005,490595,4842896,0.6407161951065063
20006,490595,8485139,0.6374547481536865
20007,490595,5248000,0.6339840888977051
20008,490595,4842890,0.6336165070533752
20009,490595,3937196,0.6298577785491943
20010,490595,1929911,0.6268152594566345
20011,490595,4842897,0.6225924491882324
20012,490595,805046,0.6220064163208008
20013,490595,3833407,0.6147509813308716
20014,490595,4842889,0.6061700582504272
20015,490595,4737059,0.6026483774185181
20016,490595,1160847,0.5909485816955566
20017,490595,1473259,0.5865079164505005
20018,490595,4842891,0.5845134258270264
20019,490595,6742119,0.5827425122261047
20020,490595,549466,0.5809122323989868
20021,490595,3937195,0.5798953771591187
20022,490595,5359213,0.5696340799331665
20023,490595,4737060,0.5671510696411133
20024,490595,7065739,0.5653470754623413
20025,490595,5112294,0.5649393796920776
20026,490595,1288943,0.5582062602043152
20027,490595,3497876,0.5558525323867798
20028,490595,3937200,0.5535420775413513
20029,490595,3937203,0.5528496503829956
20030,490595,1288942,0.5513114929199219
20031,490595,4842895,0.5490359663963318
20032,490595,4737068,0.5443182587623596
20033,490595,4737066,0.5378501415252686
20034,490595,5128293,0.5330997705459595
20035,490595,1288938,0.530271053314209
20036,490595,3937202,0.5291732549667358
20037,490595,1652460,0.5251691341400146
20038,490595,6976961,0.5248839855194092
20039,490595,7065743,0.5209802985191345
20040,490595,7839908,0.518600583076477
20041,490595,3937197,0.5163100361824036
20042,490595,3833413,0.5140929818153381
20043,490595,3949179,0.5136138796806335
20044,490595,3497870,0.5121350288391113
20045,490595,4842894,0.5102158188819885
20046,490595,6976960,0.4991517663002014
20047,490595,4737061,0.4969629943370819
20048,490595,4287035,0.4958382844924927
20049,490595,4737063,0.49569398164749146
20050,490595,3730446,0.4941730797290802
20051,490595,7045861,0.49096620082855225
20052,490595,6686784,0.48910415172576904
20053,490595,526093,0.48788124322891235
20054,490595,4737065,0.4855342507362366
20055,490595,4287033,0.4819525182247162
20056,490595,5633627,0.4816879630088806
20057,490595,6066626,0.48168012499809265
20058,490595,7422680,0.4781128168106079
20059,490595,5247992,0.47696536779403687
20060,490595,7137202,0.4767173230648041
20061,490595,7340532,0.47601667046546936
20062,490595,3971259,0.47582805156707764
20063,490595,2433509,0.4745956361293793
20064,490595,4737067,0.46880286931991577
20065,490595,805052,0.46871286630630493
20066,490595,4737064,0.46853384375572205
20067,490595,8485140,0.4677530527114868
20068,490595,3497872,0.4677022099494934
20069,490595,4763066,0.46685081720352173
20070,490595,6192935,0.4663677215576172
20071,490595,3833414,0.4663357734680176
20072,490595,4082319,0.4638219475746155
20073,490595,7858091,0.46172136068344116
20074,490595,7839903,0.46137115359306335
20075,490595,1921219,0.4611690044403076
20076,490595,7839904,0.4609006941318512
20077,490595,7773229,0.46025651693344116
20078,490595,1194060,0.4585869014263153
20079,490595,8105185,0.45856142044067383
20080,490595,1707412,0.4570167064666748
20081,490595,805048,0.45694416761398315
20082,490595,7839907,0.45612624287605286
20083,490595,3937204,0.456088125705719
20084,490595,7340529,0.4559139609336853
20085,490595,4082315,0.4554142653942108
20086,490595,8105182,0.45531442761421204
20087,490595,5633631,0.4536418616771698
20088,490595,5359212,0.45272931456565857
20089,490595,6976956,0.45210137963294983
20090,490595,1194055,0.4518459439277649
20091,490595,1349695,0.45054304599761963
20092,490595,1781203,0.4498905539512634
20093,490595,1288940,0.4490211009979248
20094,490595,7994361,0.44840919971466064
20095,490595,4905043,0.44785037636756897
20096,490595,1929915,0.44754672050476074
20097,490595,7132376,0.44743743538856506
20098,490595,526092,0.44655895233154297
20099,490595,3572698,0.4464395344257355
20100,490595,70460,0.44642406702041626
20101,490595,4604269,0.4463721215724945
20102,490595,7844479,0.44596242904663086
20103,490595,7773230,0.44556206464767456
20104,490595,2696177,0.4454997181892395
20105,490595,7065740,0.4454807937145233
20106,490595,3174934,0.4441857933998108
20107,490595,7494038,0.44401150941848755
20108,490595,2705539,0.4438037872314453
20109,490595,5112297,0.4413944482803345
20110,490595,1853476,0.4412142038345337
20111,490595,3497877,0.44092801213264465
20112,490595,4740773,0.43953683972358704
20113,490595,3175975,0.4389251470565796
20114,490595,2255054,0.43846437335014343
20115,490595,2255055,0.43813803791999817
20116,490595,4918909,0.43808236718177795
20117,490595,1704606,0.4373096227645874
20118,490595,7587033,0.43696749210357666
20119,490595,4082316,0.4367673397064209
20120,490595,2662602,0.4356748163700104
20121,490595,6999347,0.43553972244262695
20122,490595,4082318,0.43505194783210754
20123,490595,6582334,0.43484818935394287
20124,490595,805047,0.43474477529525757
20125,490595,3833409,0.4331749379634857
20126,490595,1288946,0.43203938007354736
20127,490595,8128942,0.4309253990650177
20128,490595,1576310,0.43072348833084106
20129,490595,6971306,0.43069225549697876
20130,490595,7839906,0.43060487508773804
20131,490595,7839905,0.4304913580417633
20132,490595,2662603,0.4301627278327942
20133,490595,4292796,0.4300876557826996
20134,490595,3083014,0.43006202578544617
20135,490595,3572695,0.42985472083091736
20136,490595,3174935,0.4292866885662079
20137,490595,1175382,0.4287739396095276
20138,490595,1254548,0.4287072420120239
20139,490595,4737062,0.42846691608428955
20140,490595,903932,0.42812448740005493
20141,490595,6976957,0.4280048608779907
20142,490595,5033267,0.42735356092453003
20143,490595,7173452,0.42733481526374817
20144,490595,3497871,0.42684513330459595
20145,490595,4771671,0.4265304207801819
20146,490595,1477819,0.42617490887641907
20147,490595,2433079,0.4260490834712982
20148,490595,2893863,0.4253801703453064
20149,490595,6742115,0.4250611662864685
20150,490595,5052326,0.42483532428741455
20151,490595,7028031,0.4245425760746002
20152,490595,4763070,0.4243895411491394
20153,490595,2788470,0.4243357181549072
20154,490595,4082317,0.42408645153045654
20155,490595,4287038,0.42408591508865356
20156,490595,7140822,0.42402732372283936
20157,490595,3572701,0.4239853620529175
20158,490595,437893,0.4238526225090027
20159,490595,5033266,0.4232358932495117
20160,490595,5806153,0.423173725605011
20161,490595,1314071,0.42316555976867676
20162,490595,8171061,0.4223497211933136
20163,490595,8709994,0.42193031311035156
20164,490595,3833408,0.42169106006622314
20165,490595,7800211,0.42136478424072266
20166,490595,4585853,0.42136260867118835
20167,490595,1664311,0.421298623085022
20168,490595,8081758,0.42085838317871094
20169,490595,7087963,0.4202556014060974
20170,490595,6976959,0.41979652643203735
20171,490595,470748,0.41970860958099365
20172,490595,8105180,0.41969698667526245
20173,490595,469668,0.4193349778652191
20174,490595,3730439,0.4191395044326782
20175,490595,6088098,0.41868242621421814
20176,490595,7666093,0.41815710067749023
20177,490595,8082271,0.41811105608940125
20178,490595,8082277,0.4180734157562256
20179,490595,3937201,0.41769149899482727
20180,490595,3427784,0.4170030355453491
20181,490595,7204669,0.41700103878974915
20182,490595,6151202,0.4166666269302368
20183,490595,2705536,0.4166608154773712
20184,490595,1781208,0.4165661931037903
20185,490595,910253,0.4155757427215576
20186,490595,2893865,0.41533398628234863
20187,490595,7244631,0.41530171036720276
20188,490595,5907101,0.4152858853340149
20189,490595,2507926,0.4146755635738373
20190,490595,7192859,0.4146454334259033
20191,490595,7844480,0.414637953042984
20192,490595,6873612,0.4144858717918396
20193,490595,8780089,0.41400715708732605
20194,490595,1577428,0.4135059118270874
20195,490595,1570314,0.4132459759712219
20196,490595,7192856,0.41318726539611816
20197,490595,2988097,0.41311115026474
20198,490595,3730445,0.4129709303379059
20199,490595,4741167,0.4128134846687317
20200,490595,1577426,0.41238683462142944
20201,490595,4946135,0.4122418165206909
20202,490595,2433086,0.4118313789367676
20203,490595,6107674,0.4117986559867859
20204,490595,540664,0.411716103553772
20205,490595,7666097,0.4107227921485901
20206,490595,48492,0.4104032516479492
20207,490595,5753121,0.41004085540771484
20208,490595,8087256,0.4099021553993225
20209,490595,5806154,0.4096614420413971
20210,490595,70465,0.40897929668426514
20211,490595,4741173,0.4087086021900177
20212,490595,3948079,0.4086564779281616
20213,490595,805050,0.40856048464775085
20214,490595,3837431,0.40821388363838196
20215,490595,3544211,0.4075523912906647
20216,490595,3595606,0.40742942690849304
20217,490595,1711299,0.407045841217041
20218,490595,6954220,0.4069957435131073
20219,490595,7192862,0.4069620668888092
20220,490595,2824555,0.40659385919570923
20221,490595,2421957,0.4065409302711487
20222,490595,6969128,0.4063929319381714
20223,490595,7608632,0.406216025352478
20224,490595,1194059,0.4059414267539978
20225,490595,6088104,0.4057995676994324
20226,490595,8128941,0.4054163098335266
20227,490595,7724273,0.40533435344696045
20228,490595,8081753,0.40531325340270996
20229,490595,412914,0.40488505363464355
20230,490595,7141428,0.4046992063522339
20231,490595,7141434,0.40383273363113403
20232,490595,7174984,0.4035819172859192
20233,490595,6808261,0.4027130603790283
20234,490595,1845423,0.40252965688705444
20235,490595,2586069,0.40234729647636414
20236,490595,1104292,0.4020439386367798
20237,490595,4269627,0.40170225501060486
20238,490595,7192287,0.40120044350624084
20239,490595,2112855,0.40115201473236084
20240,490595,7153750,0.4011315703392029
20241,490595,3994913,0.400776207447052
20242,490595,1044147,0.4005417823791504
20243,490595,540660,0.4001609683036804
20244,490595,1620438,0.40006223320961
20245,490595,6681691,0.39997607469558716
20246,490595,1501931,0.39991113543510437
20247,490595,2705535,0.3994241952896118
20248,490595,3730447,0.3993608057498932
20249,490595,2850740,0.3992817997932434
20250,490595,2255058,0.3990362286567688
20251,490595,70459,0.39902830123901367
20252,490595,1870962,0.3988460600376129
20253,490595,4292800,0.39884132146835327
20254,490595,6976955,0.3986607789993286
20255,490595,7631009,0.3985193371772766
20256,490595,6667293,0.398377001285553
20257,490595,6246500,0.3982536792755127
20258,490595,7172551,0.39816907048225403
20259,490595,8554364,0.3979814350605011
20260,490595,7756523,0.3976428508758545
20261,490595,1929914,0.39761820435523987
20262,490595,7648172,0.3971216380596161
20263,490595,1921383,0.3969823122024536
20264,490595,5612100,0.3968048095703125
20265,490595,7156984,0.3966204524040222
20266,490595,8406244,0.39656129479408264
20267,490595,4197337,0.3964247703552246
20268,490595,5947653,0.39619988203048706
20269,490595,194512,0.3961958885192871
20270,490595,2991891,0.39599886536598206
20271,490595,5488896,0.395969033241272
20272,490595,1458446,0.39569753408432007
20273,490595,8630393,0.3954290449619293
20274,490595,4287039,0.3953489661216736
20275,490595,3487837,0.3950713276863098
20276,490595,8081756,0.394987553358078
20277,490595,2766450,0.39438992738723755
20278,490595,6246502,0.3941519856452942
20279,490595,2255053,0.393962562084198
20280,490595,6246501,0.39352890849113464
20281,490595,7904891,0.39317071437835693
20282,490595,6045596,0.39274168014526367
20283,490595,6686794,0.3924991488456726
20284,490595,533985,0.3923152685165405
20285,490595,4503613,0.3922860026359558
20286,490595,1104294,0.39213594794273376
20287,490595,5890539,0.3921252489089966
20288,490595,6489498,0.39203596115112305
20289,490595,594801,0.39189407229423523
20290,490595,6825165,0.3918604254722595
20291,490595,6246504,0.3918466866016388
20292,490595,4053466,0.39136773347854614
20293,490595,8551104,0.3912109434604645
20294,490595,3881839,0.3911324739456177
20295,490595,178471,0.3911033272743225
20296,490595,8742636,0.3910059928894043
20297,490595,5234894,0.3900582194328308
20298,490595,7136314,0.389897882938385
20299,490595,506461,0.389651358127594
20300,490595,5008206,0.38954123854637146
20301,490595,6393644,0.3892396092414856
20302,490595,6066623,0.3890244662761688
20303,490595,3182946,0.3886950612068176
20304,490595,1104297,0.38861632347106934
20305,490595,7340533,0.38834720849990845
20306,490595,7141089,0.38830769062042236
20307,490595,672574,0.3880927562713623
20308,490595,2824438,0.3879687190055847
20309,490595,2956691,0.3879171311855316
20310,490595,2788496,0.3876485824584961
20311,490595,5556628,0.3876405656337738
20312,490595,635997,0.38757073879241943
20313,490595,8473054,0.38740819692611694
20314,490595,8025991,0.38733237981796265
20315,490595,2324666,0.3870905339717865
20316,490595,3833284,0.38681262731552124
20317,490595,8082256,0.3867843747138977
20318,490595,768429,0.3866729736328125
20319,490595,506463,0.386631041765213
20320,490595,6077172,0.38647598028182983
20321,490595,6294771,0.3860975503921509
20322,490595,3976786,0.386068731546402
20323,490595,5597755,0.38590481877326965
20324,490595,7099892,0.3858862519264221
20325,490595,7480578,0.38566499948501587
20326,490595,3497879,0.38553735613822937
20327,490595,1829619,0.3855234682559967
20328,490595,1704609,0.3855169415473938
20329,490595,8828278,0.38542991876602173
20330,490595,499135,0.38510245084762573
20331,490595,3257169,0.3850741982460022
20332,490595,2023046,0.3847575783729553
20333,490595,4053472,0.3847540616989136
20334,490595,2236533,0.38473209738731384
20335,490595,5871597,0.3846595287322998
20336,490595,4954285,0.38463878631591797
20337,490595,5349563,0.3843940496444702
20338,490595,4773683,0.38415294885635376
20339,490595,4298791,0.38388514518737793
20340,490595,2433085,0.3837067484855652
20341,490595,7045860,0.38367021083831787
20342,490595,2150243,0.3835533857345581
20343,490595,2956694,0.3833006024360657
20344,490595,5237396,0.383084774017334
20345,490595,6673299,0.38289690017700195
20346,490595,5330603,0.38285043835639954
20347,490595,5052328,0.3828060030937195
20348,490595,3934420,0.3825637698173523
20349,490595,5571811,0.3824252486228943
20350,490595,3083009,0.3824034333229065
20351,490595,6976954,0.3822172284126282
20352,490595,4763068,0.3819456100463867
20353,490595,8176925,0.38177725672721863
20354,490595,2369586,0.381746768951416
20355,490595,5633628,0.38162678480148315
20356,490595,6326170,0.38160955905914307
20357,490595,7836185,0.38129258155822754
20358,490595,1635918,0.38120773434638977
20359,490595,5756400,0.38117480278015137
20360,490595,1043287,0.3809487521648407
20361,490595,8630223,0.3806297481060028
20362,490595,1655494,0.3805771470069885
20363,490595,6954224,0.38056033849716187
20364,490595,6246505,0.38050055503845215
20365,490595,1870961,0.38025426864624023
20366,490595,3819884,0.38020193576812744
20367,490595,7945971,0.38008013367652893
20368,490595,4278380,0.3800192177295685
20369,490595,6455761,0.37977463006973267
20370,490595,4071845,0.3796769380569458
20371,490595,2999763,0.37941908836364746
20372,490595,2536367,0.3793085813522339
20373,490595,457332,0.3791368901729584
20374,490595,4053469,0.37902766466140747
20375,490595,3941358,0.3789922595024109
20376,490595,1524228,0.378927618265152
20377,490595,3908809,0.3787084221839905
20378,490595,163782,0.37863895297050476
20379,490595,8022644,0.37854957580566406
20380,490595,5554556,0.3783589005470276
20381,490595,7553265,0.3782428205013275
20382,490595,648839,0.37819159030914307
20383,490595,8653723,0.3781322240829468
20384,490595,6971303,0.3780421316623688
20385,490595,7404639,0.37795448303222656
20386,490595,7174986,0.3779221475124359
20387,490595,2433082,0.37790095806121826
20388,490595,1339279,0.3777840733528137
20389,490595,1774968,0.377615749835968
20390,490595,736028,0.3774833679199219
20391,490595,7205083,0.3773347735404968
20392,490595,540663,0.3772055208683014
20393,490595,6371806,0.37717461585998535
20394,490595,2586076,0.3771362900733948
20395,490595,2956689,0.37705111503601074
20396,490595,5249931,0.37683427333831787
20397,490595,1501927,0.3768225908279419
20398,490595,7280857,0.37670350074768066
20399,490595,239363,0.3765159845352173
20400,490595,4763067,0.37641340494155884
20401,490595,589806,0.37610507011413574
20402,490595,512702,0.37595146894454956
20403,490595,7127677,0.3757794201374054
20404,490595,6868796,0.3757287263870239
20405,490595,2568420,0.37572038173675537
20406,490595,4734350,0.3756382465362549
20407,490595,5401482,0.3755537271499634
20408,490595,7170616,0.3753647208213806
20409,490595,6954217,0.3750079870223999
20410,490595,1104293,0.37492692470550537
20411,490595,8318055,0.37489205598831177
20412,490595,6578379,0.374630868434906
20413,490595,7419494,0.3745737671852112
20414,490595,580733,0.3745368719100952
20415,490595,1929912,0.37435293197631836
20416,490595,7937628,0.3739071190357208
20417,490595,6270796,0.37357115745544434
20418,490595,5940721,0.37351980805397034
20419,490595,3690897,0.37303072214126587
20420,490595,7140827,0.372783362865448
20421,490595,3971258,0.37260937690734863
20422,490595,2150249,0.372599720954895
20423,490595,1791295,0.37244272232055664
20424,490595,7875615,0.37216097116470337
20425,490595,6399668,0.3720352053642273
20426,490595,3487840,0.3719225525856018
20427,490595,700254,0.3718773424625397
20428,490595,559485,0.37170952558517456
20429,490595,7587034,0.3716563582420349
20430,490595,4954289,0.37156426906585693
20431,490595,6235323,0.371340274810791
20432,490595,3959563,0.37132155895233154
20433,490595,2385275,0.3713080883026123
20434,490595,2733314,0.37123310565948486
20435,490595,3845163,0.3710399270057678
20436,490595,7031197,0.3708494305610657
20437,490595,7631011,0.3708280324935913
20438,490595,7250555,0.37060821056365967
20439,490595,7132135,0.37035682797431946
20440,490595,2433510,0.3703274130821228
20441,490595,2549633,0.3703239858150482
20442,490595,5180463,0.3702439069747925
20443,490595,7437955,0.3702133595943451
20444,490595,1870966,0.3700699806213379
20445,490595,1701632,0.36993342638015747
20446,490595,108404,0.3693811893463135
20447,490595,2019610,0.3693627715110779
20448,490595,7244634,0.3688840866088867
20449,490595,6437839,0.36861783266067505
20450,490595,6698138,0.3683200180530548
20451,490595,5554559,0.3681935667991638
20452,490595,2507917,0.3681810796260834
20453,490595,786041,0.36795517802238464
20454,490595,5904480,0.3676186203956604
20455,490595,2357116,0.3675558567047119
20456,490595,6543903,0.3675084114074707
20457,490595,7205077,0.3673713803291321
20458,490595,1639613,0.3672558069229126
20459,490595,8690883,0.3671336770057678
20460,490595,1543790,0.36712658405303955
20461,490595,1859631,0.36707431077957153
20462,490595,2661183,0.367063045501709
20463,490595,8082275,0.3670331537723541
20464,490595,2433083,0.3669317066669464
20465,490595,6951499,0.3668687045574188
20466,490595,2223414,0.3668561279773712
20467,490595,7099890,0.3666880428791046
20468,490595,8076511,0.36630839109420776
20469,490595,6376604,0.36624035239219666
20470,490595,5782361,0.36621373891830444
20471,490595,506457,0.36609452962875366
20472,490595,4408667,0.36569422483444214
20473,490595,910252,0.3656470775604248
20474,490595,3595607,0.36533212661743164
20475,490595,7244630,0.36531466245651245
20476,490595,33716,0.365220844745636
20477,490595,1524222,0.36503130197525024
20478,490595,5512526,0.3649950921535492
20479,490595,6868793,0.3648090362548828
20480,490595,8082243,0.3647657632827759
20481,490595,5782363,0.36474090814590454
20482,490595,2741332,0.36470910906791687
20483,490595,5401485,0.3646978735923767
20484,490595,5359208,0.3646230697631836
20485,490595,2255050,0.3642299771308899
20486,490595,7170618,0.36418417096138
20487,490595,1524226,0.36418262124061584
20488,490595,1921218,0.36404067277908325
20489,490595,917431,0.36380764842033386
20490,490595,1732606,0.36376065015792847
20491,490595,8211220,0.3637569844722748
20492,490595,1613211,0.36374664306640625
20493,490595,5437288,0.3636389374732971
20494,490595,2824551,0.36363881826400757
20495,490595,3403268,0.36342525482177734
20496,490595,1568059,0.36340439319610596
20497,490595,3818796,0.3633982837200165
20498,490595,6033937,0.36331817507743835
20499,490595,5756405,0.363275408744812
20500,490595,1079326,0.3632553517818451
20501,490595,5096034,0.36322247982025146
20502,490595,346711,0.3632204532623291
20503,490595,895896,0.36313456296920776
20504,490595,7140819,0.3630417585372925
20505,490595,5249933,0.3630267381668091
20506,490595,2810940,0.3630051612854004
20507,490595,3061484,0.362981915473938
20508,490595,3755443,0.36285489797592163
20509,490595,768427,0.3628440201282501
20510,490595,3280897,0.3628028333187103
20511,490595,4763065,0.3627920150756836
20512,490595,1185887,0.3627889156341553
20513,490595,386775,0.36256155371665955
20514,490595,8250960,0.3625246286392212
20515,490595,3857778,0.36250898241996765
20516,490595,499907,0.36240354180336
20517,490595,4273002,0.3622903823852539
20518,490595,1921214,0.3622850179672241
20519,490595,2928820,0.36221742630004883
20520,490595,2223416,0.3621213138103485
20521,490595,1730454,0.36175665259361267
20522,490595,320786,0.3616759479045868
20523,490595,1845424,0.3616378903388977
20524,490595,1017226,0.36162999272346497
20525,490595,8266447,0.36156338453292847
20526,490595,1288945,0.3615497946739197
20527,490595,1452707,0.36127492785453796
20528,490595,3971260,0.360927551984787
20529,490595,7463675,0.36085498332977295
20530,490595,5624158,0.36067670583724976
20531,490595,1774964,0.36066102981567383
20532,490595,3785599,0.36050841212272644
20533,490595,8649072,0.3604182004928589
20534,490595,6415408,0.36036166548728943
20535,490595,589802,0.3603278696537018
20536,490595,5288152,0.3602760136127472
20537,490595,2534001,0.3601614534854889
20538,490595,5890535,0.36006903648376465
20539,490595,4520109,0.360004186630249
20540,490595,1507564,0.3598130941390991
20541,490595,70462,0.3597550392150879
20542,490595,7028029,0.35975080728530884
20543,490595,2329622,0.35969817638397217
20544,490595,55668,0.35969725251197815
20545,490595,2824440,0.3596256375312805
20546,490595,6045591,0.35958635807037354
20547,490595,5612094,0.35953789949417114
20548,490595,7767485,0.35951709747314453
20549,490595,1790275,0.35951125621795654
20550,490595,7858087,0.3594095706939697
20551,490595,506464,0.3594028055667877
20552,490595,2880294,0.35934680700302124
20553,490595,4778966,0.359077125787735
20554,490595,1711298,0.35903242230415344
20555,490595,5128292,0.35896730422973633
20556,490595,3819183,0.3586703836917877
20557,490595,1034626,0.3584451377391815
20558,490595,2399924,0.35842835903167725
20559,490595,5980548,0.35832667350769043
20560,490595,2023273,0.35813677310943604
20561,490595,6885658,0.35797804594039917
20562,490595,768952,0.3579463064670563
20563,490595,8067930,0.3578944206237793
20564,490595,3174933,0.3578377068042755
20565,490595,3609461,0.35760611295700073
20566,490595,6140361,0.3574635684490204
20567,490595,7270988,0.35740816593170166
20568,490595,683654,0.35737180709838867
20569,490595,1500501,0.3573303520679474
20570,490595,6393647,0.3572695553302765
20571,490595,2135793,0.35725975036621094
20572,490595,238005,0.35719019174575806
20573,490595,3956004,0.3570372462272644
20574,490595,1637087,0.35698574781417847
20575,490595,1768340,0.35696059465408325
20576,490595,1853474,0.35694798827171326
20577,490595,768424,0.356877863407135
20578,490595,5694529,0.3568711280822754
20579,490595,3948080,0.35685837268829346
20580,490595,6728136,0.35680535435676575
20581,490595,70889,0.356772243976593
20582,490595,1512813,0.356697142124176
20583,490595,6543901,0.3566116690635681
20584,490595,2177191,0.35656777024269104
20585,490595,3954427,0.3565422296524048
20586,490595,594800,0.3565313220024109
20587,490595,3959796,0.3565121293067932
20588,490595,6037406,0.35646283626556396
20589,490595,6954221,0.35615676641464233
20590,490595,2357117,0.3560994267463684
20591,490595,3159021,0.35599660873413086
20592,490595,7028035,0.3558722734451294
20593,490595,6101485,0.355848491191864
20594,490595,2647337,0.3558012843132019
20595,490595,7642561,0.35577133297920227
20596,490595,1554695,0.35561826825141907
20597,490595,415798,0.35554859042167664
20598,490595,1655223,0.35552823543548584
20599,490595,2824439,0.355440229177475
20600,490595,3077528,0.35537219047546387
20601,490595,482157,0.3553517758846283
20602,490595,3857786,0.35526835918426514
20603,490595,2563582,0.3552357256412506
20604,490595,1524220,0.3550536036491394
20605,490595,7631005,0.3550376892089844
20606,490595,7061030,0.35499414801597595
20607,490595,2370390,0.35490143299102783
20608,490595,8116077,0.3548527956008911
20609,490595,1781211,0.3548226058483124
20610,490595,5667522,0.3547781705856323
20611,490595,8649075,0.35471317172050476
20612,490595,274267,0.3547082841396332
20613,490595,1901050,0.35470259189605713
20614,490595,423682,0.3546801805496216
20615,490595,3175127,0.354439377784729
20616,490595,1540837,0.35438501834869385
20617,490595,1941494,0.35435912013053894
20618,490595,7156985,0.3542572557926178
20619,490595,8828283,0.3539580702781677
20620,490595,671387,0.3538895845413208
20621,490595,3994915,0.3538680374622345
20622,490595,3124905,0.35381966829299927
20623,490595,320785,0.35374686121940613
20624,490595,2574297,0.3537156581878662
20625,490595,1569393,0.35371309518814087
20626,490595,2051833,0.35365530848503113
20627,490595,1044151,0.35364580154418945
20628,490595,6935325,0.35349124670028687
20629,490595,3025463,0.3534800410270691
20630,490595,6796454,0.35346606373786926
20631,490595,8318053,0.35338300466537476
20632,490595,82101,0.35335201025009155
20633,490595,1637191,0.3531967103481293
20634,490595,4071848,0.3531402349472046
20635,490595,7698191,0.3530537784099579
20636,490595,4449030,0.3530222475528717
20637,490595,7137819,0.35296183824539185
20638,490595,1540829,0.352847158908844
20639,490595,8496351,0.35275623202323914
20640,490595,4643855,0.35275107622146606
20641,490595,8496355,0.3527204394340515
20642,490595,7706504,0.35264497995376587
20643,490595,2185351,0.3526187241077423
20644,490595,1654076,0.35261791944503784
20645,490595,402009,0.3526032567024231
20646,490595,1635911,0.3526032567024231
20647,490595,1768343,0.35256457328796387
20648,490595,8828279,0.35249215364456177
20649,490595,2697475,0.35242724418640137
20650,490595,5845067,0.3522258996963501
20651,490595,6007316,0.3522220253944397
20652,490595,3068341,0.35216546058654785
20653,490595,2337792,0.3521643877029419
20654,490595,1639619,0.35216033458709717
20655,490595,8649078,0.35197705030441284
20656,490595,6246503,0.3518750071525574
20657,490595,5356575,0.3518681228160858
20658,490595,6066622,0.35159409046173096
20659,490595,1889817,0.3515702188014984
20660,490595,4771675,0.351537823677063
20661,490595,234584,0.3515052795410156
20662,490595,8535120,0.35144832730293274
20663,490595,5237392,0.3514264225959778
20664,490595,6673300,0.35140976309776306
20665,490595,2395645,0.35130035877227783
20666,490595,539311,0.3512684106826782
20667,490595,1927475,0.35121533274650574
20668,490595,8819926,0.35119420289993286
20669,490595,3971265,0.35090577602386475
20670,490595,6412650,0.3508734107017517
20671,490595,5247994,0.350689560174942
20672,490595,7839911,0.35057997703552246
20673,490595,512706,0.3505361080169678
20674,490595,2893864,0.35043370723724365
20675,490595,2255057,0.3504066467285156
20676,490595,5781463,0.35029059648513794
20677,490595,1985971,0.35028761625289917
20678,490595,4458476,0.35024893283843994
20679,490595,625226,0.35024213790893555
20680,490595,5312487,0.3502149283885956
20681,490595,7061029,0.34991055727005005
20682,490595,7844477,0.3498538136482239
20683,490595,2885719,0.3498480021953583
20684,490595,5973082,0.3497783839702606
20685,490595,7065742,0.3497220277786255
20686,490595,7536179,0.3496963083744049
20687,490595,979509,0.34961384534835815
20688,490595,1732612,0.3495943546295166
20689,490595,4327929,0.3495878577232361
20690,490595,6313760,0.34958615899086
20691,490595,8569930,0.34956157207489014
20692,490595,7473999,0.34948134422302246
20693,490595,2433508,0.3494265079498291
20694,490595,2605915,0.34935450553894043
20695,490595,5237394,0.34932947158813477
20696,490595,6825170,0.34927940368652344
20697,490595,341044,0.3492485284805298
20698,490595,8775438,0.34923428297042847
20699,490595,7982705,0.3491721451282501
20700,490595,8082276,0.34907659888267517
20701,490595,7659564,0.3490579426288605
20702,490595,1886899,0.3489236533641815
20703,490595,7698193,0.34883153438568115
20704,490595,4807860,0.3487517535686493
20705,490595,13634,0.3487167954444885
20706,490595,1997589,0.34844449162483215
20707,490595,1254546,0.34840238094329834
20708,490595,6852464,0.34832173585891724
20709,490595,6415407,0.3482285439968109
20710,490595,423684,0.3482022285461426
20711,490595,4082321,0.3481846749782562
20712,490595,4040497,0.3481822609901428
20713,490595,1838874,0.348134845495224
20714,490595,2331250,0.3481144905090332
20715,490595,8171059,0.3480977416038513
20716,490595,4366050,0.34804415702819824
20717,490595,8128940,0.34796831011772156
20718,490595,3410177,0.3479257822036743
20719,490595,1622679,0.34789392352104187
20720,490595,7553272,0.3478936553001404
20721,490595,526091,0.3477212190628052
20722,490595,1045943,0.3477209508419037
20723,490595,7385093,0.3477039933204651
20724,490595,6180653,0.3476715683937073
20725,490595,8488722,0.3476334810256958
20726,490595,8096149,0.34756290912628174
20727,490595,7474000,0.3474966287612915
20728,490595,5180459,0.34748387336730957
20729,490595,3833984,0.34746432304382324
20730,490595,7045868,0.3473023772239685
20731,490595,2990421,0.347286581993103
20732,490595,4740771,0.3472785949707031
20733,490595,8408148,0.3472289741039276
20734,490595,2031793,0.34716033935546875
20735,490595,5304884,0.3471226096153259
20736,490595,6910190,0.3469669818878174
20737,490595,1170441,0.3469097316265106
20738,490595,3463343,0.3468467891216278
20739,490595,1856014,0.34684064984321594
20740,490595,5356577,0.3467358350753784
20741,490595,7046920,0.34671682119369507
20742,490595,7419502,0.3466798663139343
20743,490595,6954223,0.34643056988716125
20744,490595,6205458,0.34624555706977844
20745,490595,3225287,0.34620970487594604
20746,490595,4980485,0.3461460769176483
20747,490595,6914544,0.34614020586013794
20748,490595,2990419,0.3461019992828369
20749,490595,2178570,0.3458787798881531
20750,490595,6867307,0.34575873613357544
20751,490595,2813412,0.3456053137779236
20752,490595,510360,0.3455309271812439
20753,490595,3959566,0.34548306465148926
20754,490595,6088107,0.34548187255859375
20755,490595,2874370,0.3454272449016571
20756,490595,1093019,0.34541410207748413
20757,490595,6388800,0.3452106714248657
20758,490595,3776272,0.3451372981071472
20759,490595,8742642,0.34505173563957214
20760,490595,1325306,0.3450348675251007
20761,490595,510356,0.3450315296649933
20762,490595,6056715,0.34470289945602417
20763,490595,2880300,0.34468430280685425
20764,490595,1974882,0.3446526527404785
20765,490595,2023465,0.34463998675346375
20766,490595,2268740,0.3446388244628906
20767,490595,6088105,0.3445985019207001
20768,490595,6469943,0.344480961561203
20769,490595,5275140,0.3444671034812927
20770,490595,738001,0.34444671869277954
20771,490595,5556631,0.3444277048110962
20772,490595,6851888,0.3443593978881836
20773,490595,7031195,0.3443232476711273
20774,490595,2253270,0.344292551279068
20775,490595,7320320,0.344188392162323
20776,490595,3776269,0.3441793918609619
20777,490595,2586068,0.34416404366493225
20778,490595,1325305,0.34415358304977417
20779,490595,7429776,0.34411799907684326
20780,490595,8023730,0.3439434766769409
20781,490595,4638345,0.3437887132167816
20782,490595,7192283,0.3437221348285675
20783,490595,1707415,0.34367743134498596
20784,490595,3326263,0.3436412215232849
20785,490595,510354,0.34362971782684326
20786,490595,5943752,0.3436199426651001
20787,490595,2904384,0.343599796295166
20788,490595,5815917,0.34358036518096924
20789,490595,8434749,0.3435760736465454
20790,490595,8122482,0.34351646900177
20791,490595,1023118,0.3434162735939026
20792,490595,6825171,0.34326088428497314
20793,490595,5969203,0.34325313568115234
20794,490595,2982004,0.34316784143447876
20795,490595,287252,0.3431355953216553
20796,490595,3004857,0.3431119918823242
20797,490595,2517490,0.34307587146759033
20798,490595,2983604,0.342875599861145
20799,490595,5508646,0.3427286744117737
20800,490595,7528547,0.34270942211151123
20801,490595,1018191,0.34264880418777466
20802,490595,2605913,0.34263819456100464
20803,490595,979513,0.34263426065444946
20804,490595,6469940,0.34255659580230713
20805,490595,3907360,0.3425052762031555
20806,490595,8418549,0.3423388600349426
20807,490595,1170438,0.34230121970176697
20808,490595,423685,0.3422863781452179
20809,490595,5882112,0.3422786295413971
20810,490595,4227271,0.3422316908836365
20811,490595,510358,0.3421950042247772
20812,490595,3934413,0.3421894907951355
20813,490595,1908866,0.3421601355075836
20814,490595,402006,0.34214454889297485
20815,490595,8016559,0.3421386778354645
20816,490595,3776275,0.3421363830566406
20817,490595,4380394,0.34204769134521484
20818,490595,6033048,0.34201496839523315
20819,490595,2310442,0.3419538736343384
20820,490595,8630217,0.3419515788555145
20821,490595,6064753,0.3419490158557892
20822,490595,7065741,0.34192806482315063
20823,490595,6969125,0.34190189838409424
20824,490595,526088,0.34182208776474
20825,490595,2124392,0.34181857109069824
20826,490595,7058988,0.3416815400123596
20827,490595,7111433,0.3416779637336731
20828,490595,6066651,0.34165552258491516
20829,490595,1012914,0.3416491150856018
20830,490595,8710029,0.34157830476760864
20831,490595,7421493,0.3415040075778961
20832,490595,8711099,0.34140217304229736
20833,490595,7326044,0.34130966663360596
20834,490595,7286235,0.34129011631011963
20835,490595,8081484,0.34121036529541016
20836,490595,6064754,0.34117746353149414
20837,490595,2331251,0.3409077525138855
20838,490595,1486956,0.3408612608909607
20839,490595,3487839,0.3408201336860657
20840,490595,1604090,0.3408142924308777
20841,490595,5993619,0.3405960500240326
20842,490595,5058347,0.34055253863334656
20843,490595,8607389,0.34051254391670227
20844,490595,7439229,0.34039098024368286
20845,490595,7280856,0.3403638005256653
20846,490595,2549634,0.34032171964645386
20847,490595,6686793,0.34030741453170776
20848,490595,1635914,0.3401748836040497
20849,490595,8095598,0.34012556076049805
20850,490595,8418544,0.3401224613189697
20851,490595,5088318,0.3401184678077698
20852,490595,777201,0.3400895595550537
20853,490595,444234,0.34007471799850464
20854,490595,2043337,0.3400733172893524
20855,490595,393909,0.34006643295288086
20856,490595,1886898,0.3400081992149353
20857,490595,7804105,0.3399691581726074
20858,490595,540539,0.3399287164211273
20859,490595,8146651,0.339832603931427
20860,490595,3901904,0.3398140072822571
20861,490595,7983148,0.33976778388023376
20862,490595,5782357,0.3396938443183899
20863,490595,1500270,0.3396565318107605
20864,490595,5140804,0.3395531177520752
20865,490595,2081349,0.3395210802555084
20866,490595,2185353,0.33949702978134155
20867,490595,4690098,0.33948519825935364
20868,490595,2374190,0.3393672704696655
20869,490595,6180652,0.339357852935791
20870,490595,6519886,0.3393510580062866
20871,490595,6664606,0.3393028974533081
20872,490595,7698199,0.33924832940101624
20873,490595,2988096,0.33921825885772705
20874,490595,6543904,0.33917173743247986
20875,490595,8630219,0.339088499546051
20876,490595,3416829,0.3390671908855438
20877,490595,5208989,0.33906447887420654
20878,490595,3785595,0.3390413522720337
20879,490595,2342895,0.3390142321586609
20880,490595,4350096,0.3390119671821594
20881,490595,3570882,0.33894261717796326
20882,490595,8630220,0.33892908692359924
20883,490595,7858093,0.3388316035270691
20884,490595,8418542,0.3388267457485199
20885,490595,3809926,0.3387446105480194
20886,490595,4369901,0.33870434761047363
20887,490595,1946337,0.33857691287994385
20888,490595,589133,0.33857327699661255
20889,490595,1796958,0.3382894992828369
20890,490595,159180,0.3382720351219177
20891,490595,4292443,0.33820876479148865
20892,490595,1353172,0.3381351828575134
20893,490595,499143,0.3381323218345642
20894,490595,5517091,0.3380756378173828
20895,490595,8391587,0.3380540609359741
20896,490595,767946,0.33787888288497925
20897,490595,3240044,0.33787786960601807
20898,490595,7516869,0.33786702156066895
20899,490595,2664688,0.33783474564552307
20900,490595,5045194,0.337658166885376
20901,490595,3780923,0.3376131057739258
20902,490595,271120,0.3375658392906189
20903,490595,5633625,0.3375371992588043
20904,490595,8396958,0.3374786972999573
20905,490595,4063203,0.3374106287956238
20906,490595,894364,0.33738940954208374
20907,490595,1895849,0.3373691439628601
20908,490595,8416115,0.337352454662323
20909,490595,3975487,0.33734601736068726
20910,490595,5744826,0.33734196424484253
20911,490595,2473619,0.3373332619667053
20912,490595,18613,0.3372957110404968
20913,490595,3934422,0.33727312088012695
20914,490595,2324665,0.33719927072525024
20915,490595,1455205,0.3371949791908264
20916,490595,8772848,0.3371763229370117
20917,490595,2633096,0.3371738791465759
20918,490595,8460197,0.33704718947410583
20919,490595,8266444,0.33699432015419006
20920,490595,6909824,0.33697015047073364
20921,490595,8083775,0.33696216344833374
20922,490595,5612095,0.33694392442703247
20923,490595,2433081,0.3368968367576599
20924,490595,3976783,0.33683493733406067
20925,490595,2949922,0.3368334174156189
20926,490595,5988230,0.3368287682533264
20927,490595,5868400,0.3367200493812561
20928,490595,1033830,0.3366924822330475
20929,490595,8664062,0.3366752564907074
20930,490595,3817807,0.33646219968795776
20931,490595,8130269,0.3364303708076477
20932,490595,5096032,0.3362763524055481
20933,490595,6867305,0.33627283573150635
20934,490595,8736399,0.336255818605423
20935,490595,6981235,0.33625108003616333
20936,490595,4653472,0.3361702859401703
20937,490595,6313758,0.336169958114624
20938,490595,7131098,0.3360743820667267
20939,490595,7422677,0.3360305726528168
20940,490595,1848406,0.3359362483024597
20941,490595,2294122,0.33589309453964233
20942,490595,3680674,0.33584582805633545
20943,490595,6534358,0.3357417583465576
20944,490595,2565162,0.33568933606147766
20945,490595,6088102,0.33568495512008667
20946,490595,367935,0.33566778898239136
20947,490595,6383108,0.3356289267539978
20948,490595,341540,0.3356247842311859
20949,490595,7166791,0.3355575203895569
20950,490595,8512636,0.33552253246307373
20951,490595,2539256,0.33541110157966614
20952,490595,2342891,0.33536916971206665
20953,490595,1946341,0.33534348011016846
20954,490595,5806151,0.3353160619735718
20955,490595,2893869,0.33531153202056885
20956,490595,428209,0.3353087604045868
20957,490595,1130507,0.3352801203727722
20958,490595,8113336,0.3352471590042114
20959,490595,2788491,0.33520784974098206
20960,490595,5806147,0.3351293206214905
20961,490595,4946140,0.33512169122695923
20962,490595,4468635,0.3351104259490967
20963,490595,2893870,0.33508890867233276
20964,490595,5818218,0.33502113819122314
20965,490595,437900,0.3350047171115875
20966,490595,2605151,0.3350032866001129
20967,490595,7411142,0.33494263887405396
20968,490595,8498528,0.3348793387413025
20969,490595,8083772,0.33477622270584106
20970,490595,4077483,0.33473461866378784
20971,490595,2509973,0.33472785353660583
20972,490595,6233443,0.3346480131149292
20973,490595,6033045,0.33464545011520386
20974,490595,2133943,0.33463045954704285
20975,490595,5349566,0.3346071243286133
20976,490595,7564904,0.334605872631073
20977,490595,2433506,0.33457303047180176
20978,490595,1676936,0.3345678448677063
20979,490595,7141124,0.33451685309410095
20980,490595,3823356,0.33451053500175476
20981,490595,4660198,0.33449476957321167
20982,490595,4103331,0.3344491124153137
20983,490595,3622480,0.33441048860549927
20984,490595,6357980,0.33438006043434143
20985,490595,913744,0.3343346416950226
20986,490595,6064756,0.3343341052532196
20987,490595,6063993,0.33431121706962585
20988,490595,7983150,0.33429962396621704
20989,490595,3338191,0.3342752456665039
20990,490595,6287153,0.33427512645721436
20991,490595,6295584,0.3342023491859436
20992,490595,8080873,0.33412909507751465
20993,490595,8511042,0.33399853110313416
20994,490595,7205081,0.33396098017692566
20995,490595,940539,0.33384451270103455
20996,490595,6063991,0.3338305354118347
20997,490595,7248805,0.3335959017276764
20998,490595,4180659,0.33358579874038696
20999,490595,1045523,0.33357352018356323
21000,527433,8617271,0.717411458492279
21001,527433,6186391,0.59765625
21002,527433,8306451,0.580073356628418
21003,527433,269426,0.5760874152183533
21004,527433,269428,0.5721849203109741
21005,527433,269423,0.5636811852455139
21006,527433,3124961,0.561489462852478
21007,527433,5466810,0.5607960224151611
21008,527433,269425,0.5478447079658508
21009,527433,6214995,0.5405685901641846
21010,527433,2649533,0.5265248417854309
21011,527433,2649525,0.517460823059082
21012,527433,3774360,0.5161845684051514
21013,527433,2496224,0.5134117007255554
21014,527433,1379245,0.5125757455825806
21015,527433,3224400,0.5108637809753418
21016,527433,5466807,0.5107172727584839
21017,527433,1721936,0.5077585577964783
21018,527433,6398043,0.5032881498336792
21019,527433,4402992,0.5018124580383301
21020,527433,3835735,0.4954785704612732
21021,527433,3835729,0.4953441321849823
21022,527433,6186395,0.4946187138557434
21023,527433,269430,0.49263688921928406
21024,527433,7514089,0.49227142333984375
21025,527433,467601,0.48930954933166504
21026,527433,4351171,0.48657482862472534
21027,527433,8371764,0.4864603281021118
21028,527433,1158580,0.4857173562049866
21029,527433,6186393,0.4845210015773773
21030,527433,6186394,0.4838426113128662
21031,527433,4402991,0.48383674025535583
21032,527433,1212783,0.4837145209312439
21033,527433,4402995,0.4831954836845398
21034,527433,1212787,0.4829469919204712
21035,527433,1379240,0.48288172483444214
21036,527433,6038397,0.48192906379699707
21037,527433,3425595,0.47829756140708923
21038,527433,3774357,0.47824668884277344
21039,527433,5466805,0.4766544997692108
21040,527433,5034544,0.4762519299983978
21041,527433,269424,0.47618740797042847
21042,527433,7887794,0.47587937116622925
21043,527433,4351179,0.47475990653038025
21044,527433,5690947,0.4740375876426697
21045,527433,3827084,0.47302448749542236
21046,527433,4064457,0.4712046980857849
21047,527433,542044,0.4711498022079468
21048,527433,8617274,0.4710841476917267
21049,527433,5466811,0.47091037034988403
21050,527433,4351170,0.4702700972557068
21051,527433,5603305,0.46899205446243286
21052,527433,6015377,0.46869096159935
21053,527433,4903731,0.46854692697525024
21054,527433,1721940,0.46819865703582764
21055,527433,1187918,0.46784573793411255
21056,527433,2496227,0.46680617332458496
21057,527433,1317224,0.46644076704978943
21058,527433,3973285,0.4663531482219696
21059,527433,3973284,0.46620282530784607
21060,527433,2722036,0.46580231189727783
21061,527433,5603306,0.46534013748168945
21062,527433,8338588,0.46475452184677124
21063,527433,1379237,0.46466171741485596
21064,527433,1251473,0.4630923867225647
21065,527433,467606,0.46247589588165283
21066,527433,5690943,0.46131283044815063
21067,527433,6214994,0.4612571895122528
21068,527433,6215001,0.4611775577068329
21069,527433,452707,0.460411012172699
21070,527433,286501,0.46012118458747864
21071,527433,286505,0.45973291993141174
21072,527433,1251475,0.4594331681728363
21073,527433,1511549,0.4593923091888428
21074,527433,269422,0.45913153886795044
21075,527433,6065681,0.45884016156196594
21076,527433,452708,0.45863819122314453
21077,527433,452709,0.4580123722553253
21078,527433,975967,0.45661461353302
21079,527433,7063147,0.4562680125236511
21080,527433,7514088,0.4553215801715851
21081,527433,1317225,0.4551785886287689
21082,527433,635380,0.4550022482872009
21083,527433,1664518,0.45491576194763184
21084,527433,3835736,0.45407402515411377
21085,527433,8700133,0.4535788595676422
21086,527433,1101458,0.45290279388427734
21087,527433,8306449,0.452862024307251
21088,527433,8617267,0.45285850763320923
21089,527433,1511548,0.4526600241661072
21090,527433,422236,0.4523181915283203
21091,527433,5466812,0.45130443572998047
21092,527433,561682,0.4511023163795471
21093,527433,6832897,0.4510113596916199
21094,527433,3835732,0.4503183364868164
21095,527433,6815531,0.4498302936553955
21096,527433,7607669,0.44977980852127075
21097,527433,3774355,0.4496799111366272
21098,527433,4990159,0.44928160309791565
21099,527433,653101,0.4489365816116333
21100,527433,422228,0.44860297441482544
21101,527433,1379242,0.44761043787002563
21102,527433,5690938,0.44757795333862305
21103,527433,6045939,0.44741979241371155
21104,527433,1212785,0.447181761264801
21105,527433,2331982,0.44681209325790405
21106,527433,6743093,0.44666123390197754
21107,527433,301247,0.4461756646633148
21108,527433,8617272,0.44544661045074463
21109,527433,2045580,0.4453684687614441
21110,527433,4958697,0.44479045271873474
21111,527433,8617269,0.4444001615047455
21112,527433,6394981,0.444015771150589
21113,527433,8199403,0.44388341903686523
21114,527433,3294599,0.443787544965744
21115,527433,4247837,0.4436834454536438
21116,527433,8617270,0.4426434338092804
21117,527433,4958696,0.44221311807632446
21118,527433,1511556,0.44180405139923096
21119,527433,5466806,0.44151896238327026
21120,527433,1753610,0.4411567747592926
21121,527433,3835730,0.43967291712760925
21122,527433,3973286,0.4395391047000885
21123,527433,1101462,0.43951141834259033
21124,527433,7357591,0.43949344754219055
21125,527433,1753604,0.43933579325675964
21126,527433,5878263,0.43880611658096313
21127,527433,337537,0.4384777843952179
21128,527433,542049,0.4374770522117615
21129,527433,1079071,0.4372011423110962
21130,527433,6307563,0.43708598613739014
21131,527433,6407836,0.43707209825515747
21132,527433,1101457,0.4368517994880676
21133,527433,1448083,0.43667978048324585
21134,527433,1379238,0.43532222509384155
21135,527433,8362259,0.434654176235199
21136,527433,8617273,0.4341965913772583
21137,527433,6928817,0.43205446004867554
21138,527433,7887796,0.4319726228713989
21139,527433,3835731,0.4312758445739746
21140,527433,4164074,0.431046724319458
21141,527433,1511552,0.43098732829093933
21142,527433,7610986,0.4305357336997986
21143,527433,3973290,0.4301612377166748
21144,527433,1212780,0.42973339557647705
21145,527433,3786813,0.42916351556777954
21146,527433,1753605,0.4288899004459381
21147,527433,5489913,0.42884454131126404
21148,527433,7347246,0.4286734461784363
21149,527433,6398041,0.42849019169807434
21150,527433,6065674,0.42836371064186096
21151,527433,1664523,0.4283464252948761
21152,527433,8377598,0.4280344843864441
21153,527433,6928822,0.4277145266532898
21154,527433,2433442,0.42684870958328247
21155,527433,6264508,0.4266975522041321
21156,527433,2018344,0.4262852668762207
21157,527433,1125933,0.42439138889312744
21158,527433,8178983,0.4238898456096649
21159,527433,2815267,0.42374396324157715
21160,527433,7375039,0.4236861765384674
21161,527433,1212781,0.42286768555641174
21162,527433,4903730,0.4227693974971771
21163,527433,542041,0.42274874448776245
21164,527433,6928820,0.42203184962272644
21165,527433,8617275,0.4212040305137634
21166,527433,5501452,0.42096471786499023
21167,527433,5501456,0.42074936628341675
21168,527433,6394980,0.42057979106903076
21169,527433,422229,0.42047664523124695
21170,527433,8761461,0.41961389780044556
21171,527433,6214997,0.4195208251476288
21172,527433,729489,0.41930636763572693
21173,527433,3093190,0.4191640019416809
21174,527433,542043,0.418565958738327
21175,527433,7201212,0.4185587763786316
21176,527433,3225312,0.4185140132904053
21177,527433,2204096,0.41833704710006714
21178,527433,4958695,0.4181104898452759
21179,527433,301243,0.4174228608608246
21180,527433,6950957,0.4171978533267975
21181,527433,319842,0.4170767664909363
21182,527433,3610979,0.416892945766449
21183,527433,3973287,0.4168206453323364
21184,527433,6215002,0.41674643754959106
21185,527433,1493402,0.416528582572937
21186,527433,6065678,0.41606026887893677
21187,527433,6928819,0.41593441367149353
21188,527433,8306448,0.41519176959991455
21189,527433,1101466,0.41503387689590454
21190,527433,5546305,0.4150184392929077
21191,527433,4450274,0.4149492084980011
21192,527433,6075068,0.4149084985256195
21193,527433,5885795,0.414731502532959
21194,527433,1664521,0.4138176441192627
21195,527433,6038404,0.41380250453948975
21196,527433,5331572,0.4136473536491394
21197,527433,5331576,0.4136320948600769
21198,527433,1404580,0.4135003089904785
21199,527433,1101460,0.41340532898902893
21200,527433,1569713,0.41322141885757446
21201,527433,653103,0.41317570209503174
21202,527433,4164077,0.4129425585269928
21203,527433,1993699,0.4123149514198303
21204,527433,2565413,0.4122277796268463
21205,527433,5331577,0.41221103072166443
21206,527433,6950955,0.41200071573257446
21207,527433,525983,0.4119877815246582
21208,527433,8761458,0.41180768609046936
21209,527433,4999257,0.4114249050617218
21210,527433,2214729,0.4110621511936188
21211,527433,291606,0.41094112396240234
21212,527433,2193553,0.410504013299942
21213,527433,3774358,0.41024577617645264
21214,527433,5276661,0.4101611077785492
21215,527433,1379236,0.4101305603981018
21216,527433,7121922,0.40970468521118164
21217,527433,3224403,0.4094851315021515
21218,527433,1317217,0.4094570577144623
21219,527433,5063897,0.4089437425136566
21220,527433,1493400,0.40880003571510315
21221,527433,1251480,0.40876442193984985
21222,527433,8737880,0.408682644367218
21223,527433,1212784,0.4084662199020386
21224,527433,7110558,0.40838706493377686
21225,527433,7893076,0.40780311822891235
21226,527433,2234251,0.4074553847312927
21227,527433,1187920,0.40701451897621155
21228,527433,1317222,0.40685662627220154
21229,527433,7425318,0.4068232774734497
21230,527433,3973283,0.40667253732681274
21231,527433,1753603,0.4066208600997925
21232,527433,6038403,0.40640586614608765
21233,527433,4620559,0.4063604772090912
21234,527433,2331984,0.40633824467658997
21235,527433,7105526,0.4062546491622925
21236,527433,1591972,0.4060758948326111
21237,527433,3430048,0.4060426354408264
21238,527433,2757534,0.40571677684783936
21239,527433,2496222,0.4056786000728607
21240,527433,416701,0.40539389848709106
21241,527433,5629887,0.40535563230514526
21242,527433,1125939,0.40529966354370117
21243,527433,8619489,0.4047914147377014
21244,527433,4351175,0.4043320417404175
21245,527433,3835728,0.4042953848838806
21246,527433,6398045,0.40418487787246704
21247,527433,4903733,0.40408754348754883
21248,527433,5479497,0.404035747051239
21249,527433,5479498,0.40393736958503723
21250,527433,8306447,0.4035513699054718
21251,527433,8816348,0.40355080366134644
21252,527433,7666834,0.40314429998397827
21253,527433,2496226,0.4028016924858093
21254,527433,7748145,0.4025372862815857
21255,527433,7508362,0.4025369882583618
21256,527433,2802426,0.4024854302406311
21257,527433,2567328,0.40214917063713074
21258,527433,269429,0.40194135904312134
21259,527433,4046869,0.40191733837127686
21260,527433,8377594,0.40189051628112793
21261,527433,1975922,0.4017508625984192
21262,527433,890536,0.401444673538208
21263,527433,6743089,0.40136289596557617
21264,527433,1379239,0.4011377990245819
21265,527433,6708088,0.40093865990638733
21266,527433,8178981,0.40070903301239014
21267,527433,6667277,0.4006788730621338
21268,527433,4046876,0.4005924165248871
21269,527433,1882965,0.40058502554893494
21270,527433,5603301,0.4004647731781006
21271,527433,3841707,0.4003167152404785
21272,527433,2018342,0.40031492710113525
21273,527433,3268864,0.3999539017677307
21274,527433,10179,0.39988622069358826
21275,527433,5629886,0.3997800350189209
21276,527433,1101465,0.39904648065567017
21277,527433,4331594,0.3990374207496643
21278,527433,6743092,0.3987284004688263
21279,527433,6015376,0.3985547423362732
21280,527433,3610972,0.3984706401824951
21281,527433,5017022,0.3981161117553711
21282,527433,2845327,0.39809709787368774
21283,527433,2834354,0.39780759811401367
21284,527433,7344179,0.39773884415626526
21285,527433,4620562,0.39769819378852844
21286,527433,4903736,0.3976590037345886
21287,527433,653097,0.39714378118515015
21288,527433,2565417,0.396887868642807
21289,527433,1317221,0.39678657054901123
21290,527433,930277,0.39678341150283813
21291,527433,7347247,0.3967481851577759
21292,527433,5402583,0.3963855504989624
21293,527433,4064459,0.3963305354118347
21294,527433,6047519,0.39618760347366333
21295,527433,260304,0.39578714966773987
21296,527433,8377592,0.39569544792175293
21297,527433,5466809,0.3956926465034485
21298,527433,1511551,0.3953782320022583
21299,527433,2208289,0.3953203558921814
21300,527433,4832092,0.3953019678592682
21301,527433,158356,0.39526429772377014
21302,527433,5672166,0.39517155289649963
21303,527433,5501450,0.3950843811035156
21304,527433,8801670,0.3950115442276001
21305,527433,5479502,0.3948763608932495
21306,527433,6186396,0.39487171173095703
21307,527433,422233,0.3946352005004883
21308,527433,3505531,0.3946090340614319
21309,527433,4021179,0.3946065604686737
21310,527433,2559204,0.3945792317390442
21311,527433,1379243,0.3945486545562744
21312,527433,3973282,0.39418113231658936
21313,527433,4064455,0.39417922496795654
21314,527433,5466808,0.3940972685813904
21315,527433,3425597,0.39391010999679565
21316,527433,3193143,0.393894225358963
21317,527433,1753609,0.39382103085517883
21318,527433,8617276,0.39374399185180664
21319,527433,1734773,0.39370667934417725
21320,527433,4999256,0.39350610971450806
21321,527433,1317218,0.39338740706443787
21322,527433,1212786,0.393088161945343
21323,527433,1212778,0.39300352334976196
21324,527433,2433447,0.39300215244293213
21325,527433,7150505,0.3929750919342041
21326,527433,3252503,0.3929293751716614
21327,527433,8827928,0.39285868406295776
21328,527433,5603298,0.3926991820335388
21329,527433,1212779,0.3926313519477844
21330,527433,7121927,0.39260756969451904
21331,527433,1542072,0.3925139605998993
21332,527433,7394546,0.39246445894241333
21333,527433,681030,0.3919872045516968
21334,527433,4046871,0.3919064402580261
21335,527433,8050786,0.3918286859989166
21336,527433,8506253,0.391690194606781
21337,527433,1628132,0.39141637086868286
21338,527433,7304637,0.39138785004615784
21339,527433,5394596,0.39111900329589844
21340,527433,2392019,0.39110884070396423
21341,527433,7942524,0.39096885919570923
21342,527433,422232,0.39087092876434326
21343,527433,1251478,0.39084678888320923
21344,527433,5603302,0.39060720801353455
21345,527433,953162,0.38995203375816345
21346,527433,301922,0.3894994854927063
21347,527433,5672164,0.38947251439094543
21348,527433,1000485,0.3893677592277527
21349,527433,542047,0.3893255591392517
21350,527433,5603300,0.38905858993530273
21351,527433,6065683,0.38892796635627747
21352,527433,7394549,0.38881874084472656
21353,527433,7347504,0.3886425197124481
21354,527433,6398047,0.3886324465274811
21355,527433,4402993,0.3884531855583191
21356,527433,7298263,0.3882925510406494
21357,527433,7239953,0.388285368680954
21358,527433,7158687,0.38817763328552246
21359,527433,1867818,0.3881603479385376
21360,527433,7631169,0.38812872767448425
21361,527433,4998550,0.3881028890609741
21362,527433,5603299,0.38797929883003235
21363,527433,7552779,0.3879725933074951
21364,527433,301245,0.3878254294395447
21365,527433,301244,0.38776451349258423
21366,527433,6264512,0.38769811391830444
21367,527433,1501375,0.38747239112854004
21368,527433,5793901,0.3873414397239685
21369,527433,6038411,0.3872455954551697
21370,527433,8712703,0.3871583044528961
21371,527433,3430045,0.38709622621536255
21372,527433,1993696,0.3866735100746155
21373,527433,7242288,0.38665997982025146
21374,527433,745858,0.3866558074951172
21375,527433,2331989,0.3862780034542084
21376,527433,5269823,0.38621166348457336
21377,527433,2567334,0.38617706298828125
21378,527433,7105529,0.38611042499542236
21379,527433,2550310,0.3858385682106018
21380,527433,5538970,0.38549214601516724
21381,527433,5227471,0.38538259267807007
21382,527433,1094008,0.38518083095550537
21383,527433,457423,0.38504651188850403
21384,527433,3534238,0.3848411440849304
21385,527433,6897129,0.3847309947013855
21386,527433,681026,0.3846319913864136
21387,527433,3430046,0.3846128284931183
21388,527433,260305,0.38449734449386597
21389,527433,3425600,0.38432633876800537
21390,527433,4207214,0.38423311710357666
21391,527433,2387908,0.3840290307998657
21392,527433,7687263,0.3838590383529663
21393,527433,3466787,0.38376566767692566
21394,527433,6885294,0.38356906175613403
21395,527433,7735301,0.38354727625846863
21396,527433,6928824,0.383536159992218
21397,527433,3228607,0.3835047483444214
21398,527433,1511553,0.38348299264907837
21399,527433,3193145,0.38338378071784973
21400,527433,7748146,0.38332659006118774
21401,527433,3894458,0.38332056999206543
21402,527433,8334529,0.3832490146160126
21403,527433,1511550,0.38317155838012695
21404,527433,534767,0.38295936584472656
21405,527433,8266363,0.3828994333744049
21406,527433,1417532,0.3825133442878723
21407,527433,6094326,0.3825008273124695
21408,527433,8761463,0.38232725858688354
21409,527433,286674,0.3822602331638336
21410,527433,4604702,0.3822401762008667
21411,527433,4164073,0.38216879963874817
21412,527433,1753602,0.3818470239639282
21413,527433,127361,0.38151735067367554
21414,527433,4999254,0.3813035190105438
21415,527433,6329419,0.3812887668609619
21416,527433,1181270,0.38115042448043823
21417,527433,2565414,0.38095328211784363
21418,527433,2018343,0.38087284564971924
21419,527433,5331574,0.38072001934051514
21420,527433,4045827,0.3803784251213074
21421,527433,1007732,0.3803154230117798
21422,527433,2018339,0.3802735209465027
21423,527433,8766722,0.38021859526634216
21424,527433,5885797,0.3801605701446533
21425,527433,3124963,0.3797265291213989
21426,527433,422230,0.37962785363197327
21427,527433,2496229,0.37961065769195557
21428,527433,457424,0.3796057105064392
21429,527433,1101463,0.37958425283432007
21430,527433,542045,0.37947407364845276
21431,527433,2649530,0.37940025329589844
21432,527433,3009879,0.37918245792388916
21433,527433,2022767,0.3790225088596344
21434,527433,4108245,0.3789164423942566
21435,527433,525978,0.37887758016586304
21436,527433,422235,0.37873032689094543
21437,527433,2208288,0.37867122888565063
21438,527433,8479425,0.37866055965423584
21439,527433,314456,0.37850362062454224
21440,527433,8055561,0.37829017639160156
21441,527433,4207212,0.3782849907875061
21442,527433,2439967,0.37824422121047974
21443,527433,930344,0.37806573510169983
21444,527433,5673376,0.3778683543205261
21445,527433,7278656,0.37782347202301025
21446,527433,3266069,0.377774178981781
21447,527433,542050,0.37757015228271484
21448,527433,8761456,0.37737566232681274
21449,527433,319845,0.3773632049560547
21450,527433,7075854,0.37720581889152527
21451,527433,8716540,0.37708765268325806
21452,527433,2421132,0.377022385597229
21453,527433,8801665,0.37688982486724854
21454,527433,6264513,0.3768201172351837
21455,527433,1664517,0.3767629861831665
21456,527433,4046877,0.3767152428627014
21457,527433,6667275,0.3766992390155792
21458,527433,8827925,0.3766871690750122
21459,527433,7887792,0.37661123275756836
21460,527433,6897131,0.3766005039215088
21461,527433,2467702,0.37647736072540283
21462,527433,4958694,0.376305490732193
21463,527433,8338582,0.3761487901210785
21464,527433,2018341,0.375888466835022
21465,527433,135084,0.37537315487861633
21466,527433,7590623,0.3753599524497986
21467,527433,538445,0.37535417079925537
21468,527433,5077812,0.37526026368141174
21469,527433,5923632,0.37518784403800964
21470,527433,314447,0.3750418424606323
21471,527433,314455,0.37499088048934937
21472,527433,6277879,0.3749706745147705
21473,527433,1268440,0.3748932480812073
21474,527433,7887798,0.374790221452713
21475,527433,314448,0.374790221452713
21476,527433,4402994,0.3747222423553467
21477,527433,6110969,0.3747217357158661
21478,527433,6137256,0.3745957911014557
21479,527433,6496045,0.37453705072402954
21480,527433,1251474,0.37449342012405396
21481,527433,6735245,0.3744235634803772
21482,527433,3841705,0.3744102716445923
21483,527433,4903727,0.37424689531326294
21484,527433,3430047,0.3739755153656006
21485,527433,5787479,0.37380218505859375
21486,527433,6038410,0.3737878203392029
21487,527433,5295980,0.3736925721168518
21488,527433,6394978,0.37360161542892456
21489,527433,6422492,0.37356704473495483
21490,527433,2565410,0.37349531054496765
21491,527433,2395933,0.37348854541778564
21492,527433,319844,0.37345314025878906
21493,527433,5466804,0.37340372800827026
21494,527433,4590361,0.37340056896209717
21495,527433,6708087,0.3733792006969452
21496,527433,1778248,0.3733157217502594
21497,527433,3208451,0.3732604384422302
21498,527433,1015105,0.37320205569267273
21499,527433,3973288,0.37285733222961426
21500,527433,2190698,0.37283968925476074
21501,527433,8483865,0.37281376123428345
21502,527433,8123875,0.3726181983947754
21503,527433,5331575,0.3726145625114441
21504,527433,6624613,0.37232574820518494
21505,527433,6921143,0.37223944067955017
21506,527433,7887795,0.3721098005771637
21507,527433,1941233,0.37208807468414307
21508,527433,6708085,0.3720684051513672
21509,527433,2208293,0.3720549941062927
21510,527433,2004910,0.3717878758907318
21511,527433,238808,0.3717428147792816
21512,527433,3226068,0.3716527819633484
21513,527433,3430050,0.37165218591690063
21514,527433,50671,0.37163299322128296
21515,527433,3249664,0.3716323971748352
21516,527433,2571714,0.37157148122787476
21517,527433,7395609,0.37151357531547546
21518,527433,2132015,0.3713178038597107
21519,527433,7150498,0.37121644616127014
21520,527433,3193142,0.37117600440979004
21521,527433,8826996,0.37106895446777344
21522,527433,2722041,0.3709111213684082
21523,527433,6461027,0.3708721995353699
21524,527433,291602,0.37086158990859985
21525,527433,2197014,0.3705899715423584
21526,527433,5501457,0.3705899715423584
21527,527433,2548532,0.3705359101295471
21528,527433,5153388,0.37048619985580444
21529,527433,2132020,0.37047427892684937
21530,527433,8533761,0.3703288435935974
21531,527433,4351173,0.37031716108322144
21532,527433,4903734,0.3702593743801117
21533,527433,560131,0.37022870779037476
21534,527433,3841708,0.3700878322124481
21535,527433,5878267,0.37008368968963623
21536,527433,412069,0.37008094787597656
21537,527433,3425601,0.36998409032821655
21538,527433,7932208,0.369972288608551
21539,527433,7415601,0.3699512779712677
21540,527433,7488194,0.36992496252059937
21541,527433,1548412,0.3698427081108093
21542,527433,7504423,0.3698020577430725
21543,527433,1493405,0.36972299218177795
21544,527433,8722482,0.36969709396362305
21545,527433,2565412,0.36960533261299133
21546,527433,6038398,0.36958950757980347
21547,527433,7110556,0.36935845017433167
21548,527433,5203392,0.36924871802330017
21549,527433,8483861,0.3691369295120239
21550,527433,4998547,0.3690553307533264
21551,527433,5018559,0.3689427971839905
21552,527433,2855403,0.3689401149749756
21553,527433,8272016,0.3686646521091461
21554,527433,422231,0.3686431050300598
21555,527433,3826575,0.368557870388031
21556,527433,8266197,0.36853426694869995
21557,527433,6349008,0.3684539794921875
21558,527433,2801761,0.3683650493621826
21559,527433,1664659,0.36835360527038574
21560,527433,8759679,0.3681524693965912
21561,527433,6264504,0.36813369393348694
21562,527433,3368121,0.3680540919303894
21563,527433,2166342,0.36802589893341064
21564,527433,1181477,0.36791935563087463
21565,527433,7347249,0.36787331104278564
21566,527433,6708732,0.36774420738220215
21567,527433,3136482,0.3677191138267517
21568,527433,3458338,0.3677074909210205
21569,527433,6569685,0.3676469624042511
21570,527433,6281895,0.36743026971817017
21571,527433,4903732,0.3673594295978546
21572,527433,976086,0.36725354194641113
21573,527433,7598203,0.36720308661460876
21574,527433,6667279,0.3670898377895355
21575,527433,2981251,0.366671085357666
21576,527433,278402,0.3666326403617859
21577,527433,7095243,0.3663942813873291
21578,527433,1753608,0.36633843183517456
21579,527433,842763,0.3662241995334625
21580,527433,821476,0.3661966323852539
21581,527433,7991767,0.3661511540412903
21582,527433,542046,0.3661045432090759
21583,527433,136706,0.36608511209487915
21584,527433,4253606,0.36603230237960815
21585,527433,1249839,0.3659420609474182
21586,527433,3119642,0.365870863199234
21587,527433,4998549,0.36585089564323425
21588,527433,4046874,0.3657381534576416
21589,527433,319847,0.3657280504703522
21590,527433,1618007,0.36568373441696167
21591,527433,319838,0.36566126346588135
21592,527433,8773698,0.36556318402290344
21593,527433,7849188,0.36542367935180664
21594,527433,8506255,0.3654020130634308
21595,527433,3339572,0.36538150906562805
21596,527433,3534241,0.3653383255004883
21597,527433,7922050,0.3652811646461487
21598,527433,3835734,0.3651861250400543
21599,527433,2115120,0.3651546835899353
21600,527433,6047518,0.3651546835899353
21601,527433,561676,0.36498406529426575
21602,527433,2649528,0.3647923767566681
21603,527433,648464,0.36472243070602417
21604,527433,2234244,0.3647148013114929
21605,527433,5746345,0.3646858334541321
21606,527433,6038407,0.36449727416038513
21607,527433,6394976,0.36446112394332886
21608,527433,2767587,0.36440736055374146
21609,527433,1761187,0.3643699288368225
21610,527433,1158581,0.36426210403442383
21611,527433,301241,0.3642295002937317
21612,527433,3610973,0.36421701312065125
21613,527433,5062727,0.36407721042633057
21614,527433,3751936,0.36368685960769653
21615,527433,2491655,0.3636815547943115
21616,527433,6624609,0.3636758029460907
21617,527433,1537729,0.36356475949287415
21618,527433,4998546,0.36345067620277405
21619,527433,783414,0.36343732476234436
21620,527433,8666436,0.3634369969367981
21621,527433,8051745,0.36343055963516235
21622,527433,7347831,0.3633788824081421
21623,527433,5090103,0.36333465576171875
21624,527433,1251481,0.3633330464363098
21625,527433,5479496,0.3633001446723938
21626,527433,5839263,0.3632323741912842
21627,527433,3674937,0.36307770013809204
21628,527433,2065873,0.3628996014595032
21629,527433,1753607,0.3628779351711273
21630,527433,7347244,0.36286988854408264
21631,527433,7172007,0.36275145411491394
21632,527433,7168843,0.36231452226638794
21633,527433,34429,0.36227333545684814
21634,527433,1976967,0.36221814155578613
21635,527433,1198548,0.36217668652534485
21636,527433,2018337,0.36200278997421265
21637,527433,94703,0.3619236946105957
21638,527433,5918127,0.3619101643562317
21639,527433,5839266,0.3618518114089966
21640,527433,7986576,0.36183446645736694
21641,527433,6703597,0.36176833510398865
21642,527433,7010460,0.36162495613098145
21643,527433,1519693,0.3615714907646179
21644,527433,799275,0.36153799295425415
21645,527433,2727509,0.36143434047698975
21646,527433,6670503,0.36131736636161804
21647,527433,7873761,0.3613029718399048
21648,527433,542042,0.3611563444137573
21649,527433,799497,0.36098116636276245
21650,527433,6889394,0.3608859181404114
21651,527433,1152903,0.36077985167503357
21652,527433,7336435,0.36057740449905396
21653,527433,1172874,0.3604753315448761
21654,527433,6394982,0.3604452311992645
21655,527433,4164080,0.3602110743522644
21656,527433,6667679,0.3600567877292633
21657,527433,5583806,0.3600064516067505
21658,527433,8031343,0.3598949909210205
21659,527433,7504427,0.35985487699508667
21660,527433,8165666,0.35984623432159424
21661,527433,6279113,0.35983169078826904
21662,527433,1251472,0.35971465706825256
21663,527433,7956474,0.3596264123916626
21664,527433,4005773,0.3594802916049957
21665,527433,6038399,0.35941073298454285
21666,527433,412070,0.3593679666519165
21667,527433,6059616,0.3593030571937561
21668,527433,1734775,0.3592674732208252
21669,527433,7932207,0.359218955039978
21670,527433,1217016,0.3590254485607147
21671,527433,1753981,0.35902416706085205
21672,527433,3786806,0.3589946925640106
21673,527433,7112461,0.35896652936935425
21674,527433,4464509,0.3589257001876831
21675,527433,6075067,0.35880720615386963
21676,527433,7079568,0.35872316360473633
21677,527433,5599427,0.35871005058288574
21678,527433,8721323,0.35870134830474854
21679,527433,1493406,0.3584511876106262
21680,527433,7316059,0.35844534635543823
21681,527433,644559,0.35837888717651367
21682,527433,8410846,0.35827767848968506
21683,527433,4911520,0.35816287994384766
21684,527433,6009008,0.3580915331840515
21685,527433,2845332,0.35808056592941284
21686,527433,2649529,0.35805922746658325
21687,527433,3676532,0.3579895496368408
21688,527433,5786261,0.3579348921775818
21689,527433,452712,0.357893168926239
21690,527433,6851470,0.3578701317310333
21691,527433,8506252,0.35783350467681885
21692,527433,578114,0.3578170835971832
21693,527433,5672167,0.35776835680007935
21694,527433,4539164,0.35764917731285095
21695,527433,2981253,0.3575451374053955
21696,527433,6667276,0.35747256875038147
21697,527433,1515318,0.3574596643447876
21698,527433,5012355,0.3573996126651764
21699,527433,288154,0.3573588728904724
21700,527433,3841709,0.3572804927825928
21701,527433,6176209,0.3572724163532257
21702,527433,978163,0.357252299785614
21703,527433,7242289,0.357196569442749
21704,527433,7593635,0.3571110963821411
21705,527433,278405,0.3570955991744995
21706,527433,4195891,0.35701167583465576
21707,527433,7158688,0.3569640517234802
21708,527433,7735298,0.3568428158760071
21709,527433,5629889,0.35674330592155457
21710,527433,590471,0.3567039966583252
21711,527433,292531,0.3565865159034729
21712,527433,1917909,0.3565530776977539
21713,527433,191655,0.3564389646053314
21714,527433,7415610,0.3563896417617798
21715,527433,1015113,0.3563796281814575
21716,527433,319839,0.3563183546066284
21717,527433,8040935,0.3562711477279663
21718,527433,8816344,0.3561822175979614
21719,527433,3721201,0.35615378618240356
21720,527433,6364235,0.3561490476131439
21721,527433,1251476,0.35612818598747253
21722,527433,1887325,0.35592007637023926
21723,527433,8247276,0.3557925522327423
21724,527433,879615,0.35576555132865906
21725,527433,3430052,0.35576319694519043
21726,527433,6075064,0.3557218313217163
21727,527433,1723426,0.3556811511516571
21728,527433,3210466,0.355494886636734
21729,527433,6667278,0.35548079013824463
21730,527433,2421130,0.3554670810699463
21731,527433,6281900,0.3554390072822571
21732,527433,6735132,0.35524576902389526
21733,527433,2630477,0.3551841676235199
21734,527433,8266364,0.35507065057754517
21735,527433,6486610,0.35506537556648254
21736,527433,4501480,0.35503119230270386
21737,527433,1754676,0.35496652126312256
21738,527433,5989651,0.3549046516418457
21739,527433,7552780,0.3548538088798523
21740,527433,8509657,0.35484015941619873
21741,527433,7425321,0.3548371493816376
21742,527433,2565415,0.3548206388950348
21743,527433,2732519,0.35476619005203247
21744,527433,1615456,0.35465556383132935
21745,527433,7710740,0.3545979857444763
21746,527433,3948870,0.3545922636985779
21747,527433,1101464,0.3545508086681366
21748,527433,8479421,0.3544786274433136
21749,527433,7150501,0.35446858406066895
21750,527433,3980909,0.35438621044158936
21751,527433,3894454,0.35438358783721924
21752,527433,7095240,0.3543563485145569
21753,527433,7375034,0.3543563485145569
21754,527433,3344757,0.3543083667755127
21755,527433,6931581,0.3542662560939789
21756,527433,7897968,0.35424941778182983
21757,527433,3158830,0.3542425334453583
21758,527433,8266198,0.3541948199272156
21759,527433,1623576,0.35416826605796814
21760,527433,3142400,0.3540954887866974
21761,527433,2931558,0.35399335622787476
21762,527433,1548414,0.3538949489593506
21763,527433,5908500,0.35388416051864624
21764,527433,7658857,0.35388249158859253
21765,527433,3884613,0.35387080907821655
21766,527433,8058126,0.3537781238555908
21767,527433,7075852,0.35369759798049927
21768,527433,6349009,0.35367414355278015
21769,527433,1548408,0.35367175936698914
21770,527433,8755214,0.353617787361145
21771,527433,2048983,0.3535897135734558
21772,527433,2974025,0.353548526763916
21773,527433,7138548,0.35353729128837585
21774,527433,6468044,0.35351085662841797
21775,527433,1881188,0.3535057604312897
21776,527433,3430051,0.35349124670028687
21777,527433,2737089,0.35339683294296265
21778,527433,7777668,0.3533044159412384
21779,527433,7203013,0.35329669713974
21780,527433,7748142,0.3532494902610779
21781,527433,2204097,0.35320931673049927
21782,527433,3423888,0.3531985878944397
21783,527433,4681519,0.3531402349472046
21784,527433,7735299,0.3529370427131653
21785,527433,6314192,0.3529044985771179
21786,527433,4127688,0.3528836667537689
21787,527433,7444799,0.3527269959449768
21788,527433,8030977,0.3527263402938843
21789,527433,592543,0.3524318039417267
21790,527433,452715,0.35240286588668823
21791,527433,467604,0.35239309072494507
21792,527433,4046875,0.3523104190826416
21793,527433,4358357,0.35212570428848267
21794,527433,3772740,0.3520946800708771
21795,527433,2386469,0.3520761728286743
21796,527433,6708004,0.35199519991874695
21797,527433,8338583,0.35199305415153503
21798,527433,1993698,0.35194212198257446
21799,527433,8031337,0.3518819510936737
21800,527433,6171034,0.35185396671295166
21801,527433,2044161,0.35185351967811584
21802,527433,4801802,0.35184812545776367
21803,527433,3680749,0.3517526388168335
21804,527433,1387481,0.3515501022338867
21805,527433,371178,0.3515406548976898
21806,527433,4741982,0.35149988532066345
21807,527433,1917904,0.3514586389064789
21808,527433,6009006,0.35142046213150024
21809,527433,5049403,0.3513958752155304
21810,527433,2144301,0.35139450430870056
21811,527433,8759904,0.3513597249984741
21812,527433,7598201,0.35127368569374084
21813,527433,5275811,0.3512541651725769
21814,527433,8255003,0.3512120246887207
21815,527433,6631999,0.35117602348327637
21816,527433,2408668,0.3511590361595154
21817,527433,8533759,0.3511448800563812
21818,527433,6110967,0.3510606288909912
21819,527433,199250,0.35105255246162415
21820,527433,150522,0.3508322834968567
21821,527433,6982194,0.35056769847869873
21822,527433,4854563,0.35056427121162415
21823,527433,8457861,0.35055404901504517
21824,527433,4402990,0.3505512773990631
21825,527433,6394977,0.3504672348499298
21826,527433,1104582,0.35042014718055725
21827,527433,635384,0.3504195809364319
21828,527433,1597933,0.35036492347717285
21829,527433,5932890,0.3503454625606537
21830,527433,269431,0.3502039611339569
21831,527433,4351178,0.35019761323928833
21832,527433,830501,0.35018306970596313
21833,527433,6743090,0.35018283128738403
21834,527433,6799176,0.35017985105514526
21835,527433,1993694,0.35014966130256653
21836,527433,8815124,0.34999892115592957
21837,527433,8407106,0.3499689996242523
21838,527433,1387478,0.3499482274055481
21839,527433,3266070,0.34991782903671265
21840,527433,7474586,0.3498149514198303
21841,527433,8712700,0.34978923201560974
21842,527433,3466793,0.3497747480869293
21843,527433,3294601,0.3497578501701355
21844,527433,1125937,0.349746972322464
21845,527433,2132014,0.34973782300949097
21846,527433,3088486,0.34972599148750305
21847,527433,7407990,0.34972429275512695
21848,527433,4958693,0.3496701717376709
21849,527433,1542071,0.34965652227401733
21850,527433,7095237,0.34962019324302673
21851,527433,3948867,0.34957823157310486
21852,527433,7168849,0.34954044222831726
21853,527433,5489626,0.34948208928108215
21854,527433,3341612,0.34943971037864685
21855,527433,5064274,0.3494243323802948
21856,527433,2204095,0.34941309690475464
21857,527433,3430049,0.3494081497192383
21858,527433,6179637,0.3493725657463074
21859,527433,4517035,0.3492756485939026
21860,527433,2972546,0.34926268458366394
21861,527433,3368126,0.3492615818977356
21862,527433,379002,0.3492230474948883
21863,527433,431301,0.3492177426815033
21864,527433,4630748,0.34919273853302
21865,527433,8754264,0.34908056259155273
21866,527433,4560256,0.34906089305877686
21867,527433,3067158,0.34903207421302795
21868,527433,3340244,0.3489588499069214
21869,527433,8490669,0.3489534854888916
21870,527433,8801667,0.348933607339859
21871,527433,4261630,0.34891223907470703
21872,527433,1457523,0.3488852381706238
21873,527433,8465066,0.34883835911750793
21874,527433,7099153,0.3488185405731201
21875,527433,1950289,0.3488066494464874
21876,527433,2235421,0.34877809882164
21877,527433,3580667,0.34877559542655945
21878,527433,7075853,0.34870439767837524
21879,527433,6024099,0.3487016558647156
21880,527433,1742018,0.3486720323562622
21881,527433,6037747,0.3484891355037689
21882,527433,5652284,0.34846779704093933
21883,527433,416223,0.3484589457511902
21884,527433,7813227,0.34836387634277344
21885,527433,6216780,0.3483026623725891
21886,527433,1644942,0.34828343987464905
21887,527433,7829422,0.3482123911380768
21888,527433,1634412,0.34821218252182007
21889,527433,7112459,0.34818631410598755
21890,527433,8055275,0.3481789827346802
21891,527433,5501454,0.3480926752090454
21892,527433,1512251,0.3479469418525696
21893,527433,3280293,0.34788084030151367
21894,527433,1164203,0.34785065054893494
21895,527433,6075066,0.3478246331214905
21896,527433,6689821,0.34781888127326965
21897,527433,1317223,0.34777945280075073
21898,527433,5472631,0.34773921966552734
21899,527433,729570,0.34773778915405273
21900,527433,926127,0.34768933057785034
21901,527433,6734700,0.3476076126098633
21902,527433,7298268,0.347595751285553
21903,527433,8679457,0.3475242853164673
21904,527433,7105531,0.34750130772590637
21905,527433,7168844,0.34745973348617554
21906,527433,314453,0.3473880887031555
21907,527433,6173373,0.3473600745201111
21908,527433,3035173,0.3473483920097351
21909,527433,5908498,0.3473318815231323
21910,527433,834710,0.34724581241607666
21911,527433,2409584,0.3472355604171753
21912,527433,5878269,0.34721899032592773
21913,527433,7547451,0.34721118211746216
21914,527433,5183536,0.3470880389213562
21915,527433,830503,0.34707850217819214
21916,527433,4653838,0.3470526933670044
21917,527433,5338239,0.3469082713127136
21918,527433,8816604,0.34681475162506104
21919,527433,6708081,0.3467823266983032
21920,527433,2259171,0.3467503488063812
21921,527433,1605146,0.3467472791671753
21922,527433,3032159,0.3467163145542145
21923,527433,2855629,0.3467155992984772
21924,527433,3046986,0.3466734290122986
21925,527433,7914589,0.3466709852218628
21926,527433,8247271,0.3466157019138336
21927,527433,2421125,0.3466140031814575
21928,527433,2120601,0.3464869260787964
21929,527433,6753083,0.346465528011322
21930,527433,8836776,0.3463991582393646
21931,527433,5505907,0.3463824689388275
21932,527433,3507982,0.34636345505714417
21933,527433,3429870,0.3463507890701294
21934,527433,2974026,0.34627023339271545
21935,527433,7807304,0.34622472524642944
21936,527433,7632769,0.346108078956604
21937,527433,5628167,0.3460918664932251
21938,527433,3401256,0.34609007835388184
21939,527433,1472707,0.3460800051689148
21940,527433,6498113,0.3460785150527954
21941,527433,4464507,0.3460407257080078
21942,527433,7490697,0.3458751142024994
21943,527433,7636935,0.3458709716796875
21944,527433,992974,0.34568893909454346
21945,527433,1835850,0.34565529227256775
21946,527433,6993565,0.34556782245635986
21947,527433,8721324,0.345486581325531
21948,527433,5347708,0.3454645872116089
21949,527433,4108251,0.3454389274120331
21950,527433,7347241,0.3453928828239441
21951,527433,4952829,0.34535661339759827
21952,527433,2150188,0.34522774815559387
21953,527433,3894459,0.34522271156311035
21954,527433,291611,0.34521278738975525
21955,527433,2651095,0.3451998829841614
21956,527433,4108250,0.3451414108276367
21957,527433,877663,0.3450186848640442
21958,527433,2331981,0.3449823558330536
21959,527433,8617268,0.3449667692184448
21960,527433,4538167,0.34493792057037354
21961,527433,5049399,0.3449089229106903
21962,527433,8705350,0.34490767121315
21963,527433,8076755,0.34488990902900696
21964,527433,5609865,0.3448154330253601
21965,527433,2214732,0.34481021761894226
21966,527433,992971,0.34478282928466797
21967,527433,8712704,0.3446820378303528
21968,527433,4351174,0.34463730454444885
21969,527433,7631165,0.34448862075805664
21970,527433,8441427,0.3444863557815552
21971,527433,1867815,0.3444719910621643
21972,527433,5717685,0.34446531534194946
21973,527433,2383911,0.3444482088088989
21974,527433,6245508,0.34444141387939453
21975,527433,6889387,0.3443590998649597
21976,527433,7167938,0.34432023763656616
21977,527433,8359722,0.34431540966033936
21978,527433,648462,0.3443090319633484
21979,527433,5827229,0.3442577123641968
21980,527433,8046182,0.34424591064453125
21981,527433,1265902,0.3442046642303467
21982,527433,971361,0.3441848158836365
21983,527433,1703179,0.34417325258255005
21984,527433,787092,0.344140887260437
21985,527433,4402997,0.34409046173095703
21986,527433,4351177,0.34408843517303467
21987,527433,7931782,0.34408843517303467
21988,527433,203404,0.34408038854599
21989,527433,7591397,0.3440595269203186
21990,527433,7486094,0.3440067768096924
21991,527433,3676533,0.3440035283565521
21992,527433,4143996,0.3439912497997284
21993,527433,7922051,0.3438938856124878
21994,527433,6344703,0.34384894371032715
21995,527433,4903728,0.343709260225296
21996,527433,6852219,0.3437069058418274
21997,527433,7347242,0.34360864758491516
21998,527433,3942083,0.343580961227417
21999,527433,1251479,0.34351521730422974
22000,573724,5339620,0.8720683455467224
22001,573724,6776717,0.8294389247894287
22002,573724,7384331,0.8183090686798096
22003,573724,394136,0.8144565224647522
22004,573724,87405,0.8104495406150818
22005,573724,7384332,0.8099308609962463
22006,573724,3365633,0.8088914155960083
22007,573724,1165129,0.8072047233581543
22008,573724,3365638,0.8062794208526611
22009,573724,5721829,0.8035444617271423
22010,573724,3146238,0.8020294904708862
22011,573724,7199669,0.7982909679412842
22012,573724,7964601,0.7982863187789917
22013,573724,8833194,0.7959458827972412
22014,573724,1509940,0.793344259262085
22015,573724,7199673,0.7894052267074585
22016,573724,1816038,0.7867864370346069
22017,573724,7674859,0.7736204266548157
22018,573724,8441642,0.7722888588905334
22019,573724,1509942,0.7688115835189819
22020,573724,162151,0.766334056854248
22021,573724,7104825,0.7660056948661804
22022,573724,7609928,0.7602046728134155
22023,573724,394138,0.7564808130264282
22024,573724,394142,0.7515223026275635
22025,573724,7199672,0.7474098205566406
22026,573724,7609926,0.747251033782959
22027,573724,8833192,0.7418539524078369
22028,573724,7104827,0.7306159734725952
22029,573724,5310530,0.7250958681106567
22030,573724,3365636,0.706960141658783
22031,573724,3365631,0.7066094875335693
22032,573724,394139,0.6969201564788818
22033,573724,5962423,0.6930816173553467
22034,573724,5721831,0.6910750865936279
22035,573724,5962428,0.6887354254722595
22036,573724,2417985,0.6865499019622803
22037,573724,5962426,0.6761329174041748
22038,573724,8441637,0.6752086877822876
22039,573724,7384329,0.6600807905197144
22040,573724,7199675,0.6530452966690063
22041,573724,3617636,0.6500307321548462
22042,573724,7609930,0.648654043674469
22043,573724,1165128,0.6401423811912537
22044,573724,3365635,0.6397083401679993
22045,573724,7384333,0.6335466504096985
22046,573724,2635262,0.6334040760993958
22047,573724,2133806,0.6230860352516174
22048,573724,5047796,0.6189514994621277
22049,573724,4360246,0.6087470650672913
22050,573724,87400,0.6078623533248901
22051,573724,7609929,0.6062191724777222
22052,573724,87404,0.6017987728118896
22053,573724,8833199,0.6013069152832031
22054,573724,7609932,0.5996768474578857
22055,573724,3059593,0.5983020067214966
22056,573724,3365639,0.5976464748382568
22057,573724,87409,0.593334436416626
22058,573724,3365634,0.5921860337257385
22059,573724,3059590,0.5879146456718445
22060,573724,7199674,0.5877898335456848
22061,573724,1509944,0.5839083790779114
22062,573724,8047166,0.5738257169723511
22063,573724,3009390,0.5628991723060608
22064,573724,3365632,0.5560569763183594
22065,573724,5185664,0.5539510250091553
22066,573724,3595409,0.5537779331207275
22067,573724,7609933,0.5535545349121094
22068,573724,7609927,0.5522508025169373
22069,573724,3146236,0.5511512160301208
22070,573724,3937080,0.5474643707275391
22071,573724,4795488,0.5403281450271606
22072,573724,104856,0.5378112196922302
22073,573724,3762309,0.5371212363243103
22074,573724,3535239,0.5349006652832031
22075,573724,5907959,0.5343808531761169
22076,573724,394141,0.5339276194572449
22077,573724,8444728,0.5338975191116333
22078,573724,1509939,0.5309851765632629
22079,573724,5185671,0.5298483371734619
22080,573724,2591844,0.5179063677787781
22081,573724,3365637,0.5176287293434143
22082,573724,4088533,0.5141407251358032
22083,573724,1509943,0.5119897127151489
22084,573724,8092774,0.5073254108428955
22085,573724,3059589,0.5065232515335083
22086,573724,5785717,0.506027102470398
22087,573724,8092771,0.5031602382659912
22088,573724,5962420,0.5028947591781616
22089,573724,3492364,0.4985211491584778
22090,573724,5293510,0.4968833327293396
22091,573724,1568702,0.49358588457107544
22092,573724,4017883,0.48904746770858765
22093,573724,7520672,0.488782674074173
22094,573724,3146240,0.48634016513824463
22095,573724,5384308,0.48536622524261475
22096,573724,3762308,0.48460572957992554
22097,573724,4088531,0.4835694432258606
22098,573724,5678421,0.4827897548675537
22099,573724,5962425,0.480643093585968
22100,573724,2417987,0.4789643883705139
22101,573724,3059586,0.4785580337047577
22102,573724,7275118,0.478426992893219
22103,573724,5694507,0.47716012597084045
22104,573724,8249619,0.47689616680145264
22105,573724,1005335,0.4763038754463196
22106,573724,16849,0.4762861430644989
22107,573724,8488411,0.4757201075553894
22108,573724,8190016,0.4747380018234253
22109,573724,7674858,0.4743402898311615
22110,573724,4360252,0.472950279712677
22111,573724,1293333,0.4726064205169678
22112,573724,1005338,0.47175365686416626
22113,573724,6984055,0.4711149334907532
22114,573724,471147,0.4706770181655884
22115,573724,3059585,0.47014856338500977
22116,573724,162145,0.46997660398483276
22117,573724,6488267,0.46965426206588745
22118,573724,8190014,0.4696171283721924
22119,573724,2071040,0.469233900308609
22120,573724,7134411,0.4686903953552246
22121,573724,6496777,0.4682146906852722
22122,573724,84173,0.4673454165458679
22123,573724,6304871,0.46719157695770264
22124,573724,2133807,0.4660462439060211
22125,573724,3492362,0.4655422270298004
22126,573724,3674282,0.4652746915817261
22127,573724,8444727,0.4652465581893921
22128,573724,7709475,0.46369221806526184
22129,573724,807097,0.4614088535308838
22130,573724,1458772,0.4611847400665283
22131,573724,7963088,0.46039244532585144
22132,573724,4088535,0.4600887894630432
22133,573724,8168657,0.45990049839019775
22134,573724,6984049,0.4589872360229492
22135,573724,7199671,0.45817694067955017
22136,573724,5911836,0.45795097947120667
22137,573724,2417984,0.45753252506256104
22138,573724,1037259,0.45519012212753296
22139,573724,995763,0.45459237694740295
22140,573724,6792411,0.45448029041290283
22141,573724,5785714,0.45421701669692993
22142,573724,5907963,0.4541705250740051
22143,573724,87402,0.45313531160354614
22144,573724,8626956,0.45257216691970825
22145,573724,4866858,0.45252835750579834
22146,573724,6530072,0.4522545337677002
22147,573724,8318905,0.4517480432987213
22148,573724,8190013,0.45081472396850586
22149,573724,1037260,0.45055466890335083
22150,573724,394135,0.44985395669937134
22151,573724,8530902,0.4495334327220917
22152,573724,1466059,0.44943028688430786
22153,573724,6789025,0.44912129640579224
22154,573724,2071041,0.4490882456302643
22155,573724,8008173,0.4485078752040863
22156,573724,5911838,0.44765588641166687
22157,573724,7589690,0.44688737392425537
22158,573724,7449764,0.4457823634147644
22159,573724,5117460,0.44561445713043213
22160,573724,6677432,0.44538992643356323
22161,573724,3365640,0.44537118077278137
22162,573724,305009,0.44506943225860596
22163,573724,5907958,0.4447098970413208
22164,573724,8341393,0.4445059299468994
22165,573724,8728790,0.44427818059921265
22166,573724,7609931,0.44350194931030273
22167,573724,5962427,0.44226986169815063
22168,573724,4582399,0.4415813684463501
22169,573724,3059592,0.44066038727760315
22170,573724,6751901,0.440578430891037
22171,573724,5785715,0.4405132234096527
22172,573724,2002448,0.4399351179599762
22173,573724,5962424,0.43948712944984436
22174,573724,3762305,0.4394198954105377
22175,573724,8190015,0.43913519382476807
22176,573724,1021036,0.43892550468444824
22177,573724,7384326,0.4385910630226135
22178,573724,950147,0.4385760426521301
22179,573724,8047172,0.4385240972042084
22180,573724,1862688,0.4376160800457001
22181,573724,7530702,0.4371652603149414
22182,573724,8626962,0.43690919876098633
22183,573724,162153,0.4365500211715698
22184,573724,2595553,0.4362958073616028
22185,573724,8626957,0.43541455268859863
22186,573724,8579347,0.4349833130836487
22187,573724,6342031,0.434966504573822
22188,573724,961101,0.43474456667900085
22189,573724,1648007,0.43312740325927734
22190,573724,1005341,0.43271082639694214
22191,573724,7834589,0.43174803256988525
22192,573724,5006368,0.43146300315856934
22193,573724,5785712,0.43141448497772217
22194,573724,1726624,0.4313845634460449
22195,573724,7459131,0.4313466548919678
22196,573724,961100,0.43134641647338867
22197,573724,1293338,0.4306674599647522
22198,573724,6113247,0.42860206961631775
22199,573724,3492359,0.4275074005126953
22200,573724,5865182,0.4275004267692566
22201,573724,8076823,0.426805317401886
22202,573724,4246214,0.42559272050857544
22203,573724,8092770,0.42541179060935974
22204,573724,438776,0.42481815814971924
22205,573724,7990069,0.4247191548347473
22206,573724,4841891,0.4246573746204376
22207,573724,6425570,0.42451438307762146
22208,573724,5134624,0.42399561405181885
22209,573724,6614300,0.4239645004272461
22210,573724,8217863,0.423810750246048
22211,573724,5516331,0.4230116009712219
22212,573724,536079,0.42247289419174194
22213,573724,7199667,0.42226123809814453
22214,573724,1862679,0.4222189784049988
22215,573724,5865178,0.4221991300582886
22216,573724,6304877,0.4221784472465515
22217,573724,4686514,0.4218512177467346
22218,573724,2296117,0.42106813192367554
22219,573724,8217162,0.42099428176879883
22220,573724,7382097,0.4200959801673889
22221,573724,6530954,0.4191819727420807
22222,573724,6436948,0.4191097915172577
22223,573724,5383116,0.41893792152404785
22224,573724,3624461,0.4189119040966034
22225,573724,1641960,0.4180743098258972
22226,573724,6677976,0.41776204109191895
22227,573724,3492358,0.4174377918243408
22228,573724,8047170,0.4173022210597992
22229,573724,7541022,0.4172595739364624
22230,573724,2164524,0.4166753888130188
22231,573724,8076827,0.41663694381713867
22232,573724,8223961,0.4163509011268616
22233,573724,3487764,0.416168212890625
22234,573724,7091696,0.4159596264362335
22235,573724,340026,0.4158835709095001
22236,573724,8510630,0.4157521724700928
22237,573724,2525714,0.41572028398513794
22238,573724,4376603,0.4151686131954193
22239,573724,4872395,0.4146248698234558
22240,573724,8626958,0.41433635354042053
22241,573724,6598747,0.41349512338638306
22242,573724,4616552,0.41325023770332336
22243,573724,2659985,0.41315460205078125
22244,573724,551911,0.4126873016357422
22245,573724,7674854,0.41229909658432007
22246,573724,5507363,0.4119548201560974
22247,573724,1509937,0.41171714663505554
22248,573724,5021305,0.41169115900993347
22249,573724,6130590,0.41167744994163513
22250,573724,1361263,0.41090571880340576
22251,573724,4488345,0.41084572672843933
22252,573724,1466055,0.410715788602829
22253,573724,5293513,0.4105483293533325
22254,573724,7460742,0.410459041595459
22255,573724,4532899,0.4103952646255493
22256,573724,2021252,0.410067081451416
22257,573724,791153,0.4098496437072754
22258,573724,1388968,0.40982478857040405
22259,573724,8444730,0.4097519814968109
22260,573724,307314,0.4092414379119873
22261,573724,8365123,0.4090425968170166
22262,573724,3093608,0.4089467227458954
22263,573724,5785718,0.4088788628578186
22264,573724,7705417,0.40868085622787476
22265,573724,4283846,0.40828901529312134
22266,573724,3453677,0.40811920166015625
22267,573724,227729,0.4080006182193756
22268,573724,7560555,0.4076377749443054
22269,573724,8158853,0.4073053300380707
22270,573724,6811529,0.40677523612976074
22271,573724,1636651,0.4066179692745209
22272,573724,8272974,0.4065970182418823
22273,573724,8124857,0.4063720405101776
22274,573724,5418162,0.4055127203464508
22275,573724,7848004,0.4054085612297058
22276,573724,5083063,0.40505820512771606
22277,573724,3078401,0.4049484431743622
22278,573724,551917,0.40452107787132263
22279,573724,2686436,0.40447932481765747
22280,573724,1073651,0.4044778645038605
22281,573724,6776715,0.4044393301010132
22282,573724,3125322,0.4044085443019867
22283,573724,3135338,0.4042883515357971
22284,573724,1702879,0.40428656339645386
22285,573724,4115425,0.4039855897426605
22286,573724,675337,0.4038811922073364
22287,573724,7674861,0.40380656719207764
22288,573724,473629,0.40374240279197693
22289,573724,5962422,0.4037303924560547
22290,573724,7956955,0.4034912586212158
22291,573724,1726622,0.403289258480072
22292,573724,4949466,0.40314286947250366
22293,573724,3335375,0.40276139974594116
22294,573724,8757419,0.402569055557251
22295,573724,5283661,0.40251976251602173
22296,573724,6769380,0.4024914801120758
22297,573724,2195078,0.4020872116088867
22298,573724,1914769,0.401894748210907
22299,573724,379799,0.40176039934158325
22300,573724,6370533,0.40143245458602905
22301,573724,4336237,0.4011792242527008
22302,573724,2473498,0.40117424726486206
22303,573724,7091693,0.4008987843990326
22304,573724,4775114,0.4006898105144501
22305,573724,5516424,0.400553822517395
22306,573724,5778954,0.40048274397850037
22307,573724,4578279,0.4004652500152588
22308,573724,129128,0.4004497528076172
22309,573724,3180502,0.4003671705722809
22310,573724,4041520,0.4001834988594055
22311,573724,1445618,0.39978110790252686
22312,573724,2686438,0.3997550904750824
22313,573724,4146063,0.39974531531333923
22314,573724,3842316,0.3996630907058716
22315,573724,1388965,0.39965343475341797
22316,573724,2592639,0.39956048130989075
22317,573724,3117775,0.39942026138305664
22318,573724,8353140,0.39925748109817505
22319,573724,7417233,0.3989943265914917
22320,573724,6585036,0.3982236981391907
22321,573724,305011,0.3979884386062622
22322,573724,3769878,0.39777684211730957
22323,573724,986228,0.3975674510002136
22324,573724,5117459,0.39708390831947327
22325,573724,4853172,0.39700084924697876
22326,573724,7963084,0.3968914747238159
22327,573724,7397368,0.3961171507835388
22328,573724,1594254,0.3959079086780548
22329,573724,531401,0.39586615562438965
22330,573724,4402691,0.3957591652870178
22331,573724,5511502,0.3956195116043091
22332,573724,893007,0.3955268859863281
22333,573724,203700,0.3953535556793213
22334,573724,7091698,0.3953319191932678
22335,573724,7772008,0.39528852701187134
22336,573724,7344087,0.3952186703681946
22337,573724,8731184,0.39517033100128174
22338,573724,8114919,0.39505237340927124
22339,573724,8813345,0.39496636390686035
22340,573724,3769875,0.3949289321899414
22341,573724,134276,0.39485639333724976
22342,573724,5048624,0.3948090672492981
22343,573724,45248,0.39467740058898926
22344,573724,3653169,0.3943650722503662
22345,573724,6845275,0.39413052797317505
22346,573724,2584090,0.3940948247909546
22347,573724,6467103,0.39382147789001465
22348,573724,7990068,0.39380425214767456
22349,573724,6489830,0.39352288842201233
22350,573724,1144136,0.39352014660835266
22351,573724,4277211,0.393515408039093
22352,573724,8110336,0.3933805823326111
22353,573724,7589697,0.3933759331703186
22354,573724,6776714,0.39325231313705444
22355,573724,1541435,0.393057644367218
22356,573724,4817279,0.39289242029190063
22357,573724,6691447,0.39266476035118103
22358,573724,546542,0.39264971017837524
22359,573724,6462957,0.39249616861343384
22360,573724,8436799,0.39210623502731323
22361,573724,4306509,0.39209872484207153
22362,573724,2213652,0.3920256495475769
22363,573724,2133808,0.3918076753616333
22364,573724,4771522,0.39154917001724243
22365,573724,4026483,0.39117592573165894
22366,573724,7725444,0.39117416739463806
22367,573724,6902946,0.3911179006099701
22368,573724,8223958,0.39111727476119995
22369,573724,1730862,0.39099568128585815
22370,573724,5246583,0.3908955454826355
22371,573724,7589691,0.3908953070640564
22372,573724,6425571,0.390781432390213
22373,573724,3331649,0.3906879425048828
22374,573724,27706,0.3904239535331726
22375,573724,6692719,0.39018046855926514
22376,573724,6776713,0.3901662230491638
22377,573724,2296500,0.3901602625846863
22378,573724,3392758,0.39013540744781494
22379,573724,6973622,0.39002302289009094
22380,573724,3999709,0.38988587260246277
22381,573724,3763743,0.3898709714412689
22382,573724,1784713,0.3898283839225769
22383,573724,3769880,0.38968420028686523
22384,573724,1869605,0.38968318700790405
22385,573724,8092769,0.3895038962364197
22386,573724,7584741,0.3894701600074768
22387,573724,7407188,0.3893871009349823
22388,573724,1546577,0.3893457055091858
22389,573724,6780849,0.38929590582847595
22390,573724,4599707,0.3892621397972107
22391,573724,4336232,0.38925594091415405
22392,573724,3116732,0.388913094997406
22393,573724,386625,0.38890552520751953
22394,573724,921520,0.3886352777481079
22395,573724,4175024,0.38836824893951416
22396,573724,1775200,0.3882850408554077
22397,573724,1297117,0.38808584213256836
22398,573724,4091401,0.388026624917984
22399,573724,2892230,0.3877827525138855
22400,573724,508584,0.38768747448921204
22401,573724,2441901,0.3876868188381195
22402,573724,635297,0.3876826763153076
22403,573724,4630293,0.38736993074417114
22404,573724,3318559,0.38714954257011414
22405,573724,1876868,0.38709110021591187
22406,573724,1790193,0.38707876205444336
22407,573724,7382103,0.38681408762931824
22408,573724,3160120,0.3868029713630676
22409,573724,1778213,0.3867313265800476
22410,573724,3412325,0.3866479694843292
22411,573724,7849879,0.38649678230285645
22412,573724,6399570,0.3864949345588684
22413,573724,1594786,0.3863832652568817
22414,573724,5185669,0.38631606101989746
22415,573724,1294122,0.386292040348053
22416,573724,1073326,0.3861475884914398
22417,573724,5222527,0.38611915707588196
22418,573724,2986939,0.3857996463775635
22419,573724,8044911,0.3856019377708435
22420,573724,7518032,0.38548192381858826
22421,573724,4489151,0.38516226410865784
22422,573724,6197081,0.3850116729736328
22423,573724,7880280,0.3849901556968689
22424,573724,6783689,0.3849881887435913
22425,573724,6530073,0.3847942352294922
22426,573724,1775199,0.3846770226955414
22427,573724,7963085,0.38450729846954346
22428,573724,5345914,0.38450348377227783
22429,573724,2226675,0.3840184509754181
22430,573724,4541743,0.38397109508514404
22431,573724,8387999,0.38394129276275635
22432,573724,3701497,0.38383185863494873
22433,573724,8223965,0.38371872901916504
22434,573724,2646260,0.3834373354911804
22435,573724,136360,0.3834373354911804
22436,573724,5418168,0.3834112882614136
22437,573724,7518027,0.38339269161224365
22438,573724,3492363,0.38332700729370117
22439,573724,1466056,0.3833208680152893
22440,573724,7666062,0.38317444920539856
22441,573724,1374912,0.38311538100242615
22442,573724,7961070,0.38308417797088623
22443,573724,414161,0.38303589820861816
22444,573724,961093,0.3829582929611206
22445,573724,5615472,0.3827507495880127
22446,573724,5345916,0.38254162669181824
22447,573724,3624464,0.382181853055954
22448,573724,678742,0.3820907473564148
22449,573724,1023829,0.38208359479904175
22450,573724,8092768,0.3816024661064148
22451,573724,1108075,0.38154658675193787
22452,573724,7579682,0.3811039328575134
22453,573724,6984053,0.38103654980659485
22454,573724,3795335,0.38102859258651733
22455,573724,2186132,0.38085097074508667
22456,573724,8539971,0.38083258271217346
22457,573724,2589507,0.38080281019210815
22458,573724,3674285,0.38072481751441956
22459,573724,4740362,0.3806368112564087
22460,573724,4336236,0.3806363344192505
22461,573724,4362704,0.3805404305458069
22462,573724,1276698,0.3805263936519623
22463,573724,7183488,0.3805239200592041
22464,573724,180898,0.38051092624664307
22465,573724,5721827,0.38046562671661377
22466,573724,1037258,0.3804173767566681
22467,573724,4283854,0.3803302049636841
22468,573724,521569,0.380276083946228
22469,573724,1005334,0.38025474548339844
22470,573724,1373616,0.38005542755126953
22471,573724,1842995,0.3797345757484436
22472,573724,7114310,0.37973278760910034
22473,573724,8704900,0.3797298073768616
22474,573724,6304875,0.3797265887260437
22475,573724,1702887,0.3796861171722412
22476,573724,7772010,0.3796515166759491
22477,573724,4771518,0.3794224262237549
22478,573724,7674860,0.37941789627075195
22479,573724,4949459,0.37908226251602173
22480,573724,8167076,0.37906527519226074
22481,573724,190365,0.3790155053138733
22482,573724,8409314,0.37882083654403687
22483,573724,1487594,0.3787498474121094
22484,573724,2540222,0.3785203695297241
22485,573724,4684036,0.37848034501075745
22486,573724,8626959,0.37821903824806213
22487,573724,8008182,0.3781101107597351
22488,573724,5902580,0.3780762851238251
22489,573724,537219,0.37796318531036377
22490,573724,713112,0.37795937061309814
22491,573724,3227866,0.37792521715164185
22492,573724,2769448,0.3778018653392792
22493,573724,3109271,0.37775343656539917
22494,573724,6032486,0.37766629457473755
22495,573724,4474740,0.3776622712612152
22496,573724,7101462,0.37764596939086914
22497,573724,3999714,0.3775953948497772
22498,573724,3009385,0.37747061252593994
22499,573724,3982807,0.3773650527000427
22500,573724,8301495,0.3772662878036499
22501,573724,4369607,0.3772117495536804
22502,573724,5418161,0.3772028684616089
22503,573724,2886620,0.3768894672393799
22504,573724,7782120,0.37684309482574463
22505,573724,3561783,0.37682098150253296
22506,573724,8740830,0.3768116235733032
22507,573724,8622054,0.3767679035663605
22508,573724,1733423,0.3765961825847626
22509,573724,387251,0.3765106201171875
22510,573724,5741558,0.37647882103919983
22511,573724,8047165,0.3764704167842865
22512,573724,6304878,0.37642189860343933
22513,573724,7199816,0.37616902589797974
22514,573724,832304,0.3758854269981384
22515,573724,1594256,0.3757956624031067
22516,573724,6151045,0.37579065561294556
22517,573724,44151,0.3756701350212097
22518,573724,226243,0.37565726041793823
22519,573724,2297213,0.3755888342857361
22520,573724,5418164,0.37550076842308044
22521,573724,7449765,0.3753015398979187
22522,573724,2986944,0.3752461373806
22523,573724,7419828,0.37524402141571045
22524,573724,6282530,0.37511295080184937
22525,573724,1445617,0.37510567903518677
22526,573724,8723388,0.3750264644622803
22527,573724,5861279,0.3750024437904358
22528,573724,5303597,0.37493085861206055
22529,573724,8740831,0.3748927116394043
22530,573724,4574632,0.37485235929489136
22531,573724,6186387,0.374773234128952
22532,573724,4949468,0.3747023046016693
22533,573724,6342034,0.37455207109451294
22534,573724,8825860,0.3745236396789551
22535,573724,6599068,0.3744719624519348
22536,573724,5246584,0.3744257688522339
22537,573724,757518,0.3744257688522339
22538,573724,8447020,0.3743301033973694
22539,573724,1374917,0.3742254972457886
22540,573724,8393905,0.3741976022720337
22541,573724,5345911,0.3738918900489807
22542,573724,5718372,0.37366774678230286
22543,573724,7054936,0.3735111653804779
22544,573724,4083487,0.37350374460220337
22545,573724,7006805,0.3734338581562042
22546,573724,7104826,0.37340784072875977
22547,573724,3014965,0.3733733594417572
22548,573724,7657604,0.3733593225479126
22549,573724,7906517,0.37325698137283325
22550,573724,1246667,0.3731302320957184
22551,573724,4130564,0.3730323612689972
22552,573724,2493162,0.3730296492576599
22553,573724,959733,0.3728436827659607
22554,573724,4287023,0.37284159660339355
22555,573724,3846676,0.37268730998039246
22556,573724,3795243,0.3724350929260254
22557,573724,5047797,0.3723103702068329
22558,573724,900354,0.3721971809864044
22559,573724,6776718,0.37206530570983887
22560,573724,7087037,0.37204885482788086
22561,573724,1487597,0.3719726800918579
22562,573724,2917010,0.37180376052856445
22563,573724,4490168,0.3717430830001831
22564,573724,2024755,0.3715543746948242
22565,573724,8362282,0.3714883327484131
22566,573724,44155,0.3713686466217041
22567,573724,5345910,0.37114548683166504
22568,573724,8306046,0.3711261749267578
22569,573724,5383118,0.37109726667404175
22570,573724,1689124,0.3709418773651123
22571,573724,5655149,0.3708606958389282
22572,573724,8561869,0.3707943558692932
22573,573724,1026166,0.37077850103378296
22574,573724,4393420,0.37068772315979004
22575,573724,6860937,0.3705808222293854
22576,573724,2296113,0.3705151677131653
22577,573724,7421018,0.37046003341674805
22578,573724,8076830,0.3704075217247009
22579,573724,1147237,0.3703644275665283
22580,573724,1367332,0.370297908782959
22581,573724,5429945,0.37019622325897217
22582,573724,4268758,0.3701591491699219
22583,573724,4566912,0.3700129985809326
22584,573724,4283850,0.3699484169483185
22585,573724,8192408,0.36952707171440125
22586,573724,8047169,0.36946579813957214
22587,573724,6500851,0.3693600594997406
22588,573724,257914,0.3693053126335144
22589,573724,360648,0.3692288398742676
22590,573724,1544170,0.36920130252838135
22591,573724,1376760,0.36917048692703247
22592,573724,3560051,0.3690977990627289
22593,573724,2417978,0.36906135082244873
22594,573724,2756678,0.36887723207473755
22595,573724,4771516,0.36887213587760925
22596,573724,7685280,0.368825227022171
22597,573724,8076824,0.36880213022232056
22598,573724,5700425,0.3687664568424225
22599,573724,6304873,0.3687494993209839
22600,573724,3111932,0.36873847246170044
22601,573724,7091702,0.3687095046043396
22602,573724,7992474,0.3686482906341553
22603,573724,7992477,0.3686482906341553
22604,573724,5642996,0.36864715814590454
22605,573724,1367329,0.36858999729156494
22606,573724,5953979,0.368547260761261
22607,573724,3323527,0.3684949278831482
22608,573724,7906438,0.3684605658054352
22609,573724,7990067,0.368424654006958
22610,573724,7102835,0.3683658540248871
22611,573724,4283847,0.3682492971420288
22612,573724,1805638,0.36797672510147095
22613,573724,7790235,0.36784157156944275
22614,573724,131760,0.3677924871444702
22615,573724,3644816,0.36777621507644653
22616,573724,7674855,0.36767154932022095
22617,573724,1871483,0.36765211820602417
22618,573724,2565329,0.3676489591598511
22619,573724,5242691,0.36754703521728516
22620,573724,1994945,0.3673984408378601
22621,573724,3593241,0.36727067828178406
22622,573724,855581,0.3670814335346222
22623,573724,2454774,0.3670498728752136
22624,573724,4986504,0.367040753364563
22625,573724,1912839,0.36698204278945923
22626,573724,84575,0.3669763207435608
22627,573724,436521,0.3669684827327728
22628,573724,112581,0.3666715621948242
22629,573724,6860680,0.3666185736656189
22630,573724,7674857,0.36661574244499207
22631,573724,7992473,0.36655959486961365
22632,573724,1733422,0.3663918375968933
22633,573724,1862686,0.36630716919898987
22634,573724,6686643,0.366244375705719
22635,573724,8522982,0.3661777079105377
22636,573724,1285971,0.3661344647407532
22637,573724,3644818,0.36604219675064087
22638,573724,1862687,0.36594945192337036
22639,573724,776583,0.36590859293937683
22640,573724,977014,0.3658851385116577
22641,573724,2186125,0.3657092750072479
22642,573724,5134627,0.3656875789165497
22643,573724,4040018,0.3656187653541565
22644,573724,6919623,0.36553728580474854
22645,573724,4897069,0.3653211295604706
22646,573724,6823995,0.3651374578475952
22647,573724,5083067,0.36502158641815186
22648,573724,104847,0.3649941384792328
22649,573724,5691760,0.3649713397026062
22650,573724,1328750,0.36496514081954956
22651,573724,8441644,0.3649381101131439
22652,573724,4090504,0.3646252751350403
22653,573724,2077127,0.36456406116485596
22654,573724,8341389,0.3645519018173218
22655,573724,1946676,0.3644179105758667
22656,573724,3253337,0.3643626272678375
22657,573724,4973314,0.3643156886100769
22658,573724,2364859,0.3640472888946533
22659,573724,4813296,0.36403515934944153
22660,573724,3335374,0.3640066385269165
22661,573724,3464028,0.36399126052856445
22662,573724,8369181,0.36398932337760925
22663,573724,8663328,0.3639703691005707
22664,573724,7106677,0.36395883560180664
22665,573724,475694,0.36375460028648376
22666,573724,4169529,0.3637082576751709
22667,573724,5795670,0.3636089861392975
22668,573724,736012,0.36360761523246765
22669,573724,7772012,0.36360153555870056
22670,573724,8341394,0.36358460783958435
22671,573724,8306047,0.3635469675064087
22672,573724,1775201,0.3635338544845581
22673,573724,549172,0.3634786009788513
22674,573724,2740141,0.3634151220321655
22675,573724,3535233,0.36339449882507324
22676,573724,112008,0.363287091255188
22677,573724,1054430,0.36322376132011414
22678,573724,6488270,0.36322081089019775
22679,573724,3401400,0.3631497621536255
22680,573724,5328689,0.3631495237350464
22681,573724,8650914,0.3631494641304016
22682,573724,2592636,0.3631244897842407
22683,573724,5242694,0.3630743622779846
22684,573724,746554,0.36301183700561523
22685,573724,4657059,0.36300551891326904
22686,573724,8790418,0.36299458146095276
22687,573724,7749397,0.36294683814048767
22688,573724,1050281,0.36281919479370117
22689,573724,8509686,0.3627896308898926
22690,573724,7006811,0.36277490854263306
22691,573724,1336287,0.36271965503692627
22692,573724,5299400,0.36268895864486694
22693,573724,4242273,0.36260777711868286
22694,573724,1026161,0.36260759830474854
22695,573724,7343498,0.36257070302963257
22696,573724,937289,0.3625072240829468
22697,573724,8690214,0.3624951243400574
22698,573724,3007720,0.3623892366886139
22699,573724,6487175,0.3623647689819336
22700,573724,7961068,0.3623591363430023
22701,573724,8110328,0.36235541105270386
22702,573724,3942752,0.3622937500476837
22703,573724,2769876,0.3621784746646881
22704,573724,6436947,0.36214107275009155
22705,573724,3991113,0.3621159493923187
22706,573724,7649349,0.36210086941719055
22707,573724,1793815,0.3620908856391907
22708,573724,7787625,0.3620733916759491
22709,573724,3844673,0.36205214262008667
22710,573724,1073330,0.3620172142982483
22711,573724,2943760,0.3619867265224457
22712,573724,7321362,0.36194896697998047
22713,573724,7422488,0.36191171407699585
22714,573724,3798465,0.3618815541267395
22715,573724,4516016,0.3617599606513977
22716,573724,6585472,0.36175036430358887
22717,573724,3762307,0.3617164194583893
22718,573724,5258691,0.36169177293777466
22719,573724,6448234,0.3616776764392853
22720,573724,7438343,0.3616074025630951
22721,573724,495950,0.36158305406570435
22722,573724,1276699,0.36157310009002686
22723,573724,2405311,0.3615453243255615
22724,573724,4978268,0.36145859956741333
22725,573724,1990390,0.36137089133262634
22726,573724,243801,0.36136332154273987
22727,573724,4821833,0.36130115389823914
22728,573724,7433497,0.36127912998199463
22729,573724,4630521,0.36125874519348145
22730,573724,4630027,0.361220121383667
22731,573724,6891819,0.36121731996536255
22732,573724,6685468,0.361188679933548
22733,573724,8492174,0.36115527153015137
22734,573724,4207392,0.3611128628253937
22735,573724,368901,0.3610359728336334
22736,573724,3334148,0.36095231771469116
22737,573724,773709,0.3609381318092346
22738,573724,1784706,0.3609161972999573
22739,573724,2449116,0.3608042895793915
22740,573724,7897150,0.36080217361450195
22741,573724,2133805,0.36077940464019775
22742,573724,343944,0.36072683334350586
22743,573724,6953542,0.3606908321380615
22744,573724,3492045,0.360675573348999
22745,573724,937292,0.36062076687812805
22746,573724,2067710,0.36061426997184753
22747,573724,3805002,0.36056721210479736
22748,573724,2024750,0.36052048206329346
22749,573724,4081107,0.3605068325996399
22750,573724,3323528,0.36043041944503784
22751,573724,7880282,0.360262393951416
22752,573724,444148,0.36024904251098633
22753,573724,4290100,0.36024370789527893
22754,573724,2104613,0.36023151874542236
22755,573724,3691609,0.36022132635116577
22756,573724,4574635,0.3601318597793579
22757,573724,5624960,0.3601117730140686
22758,573724,1705819,0.35997849702835083
22759,573724,8829710,0.35991382598876953
22760,573724,2986940,0.35988497734069824
22761,573724,6076315,0.35985177755355835
22762,573724,7248824,0.3597720265388489
22763,573724,7280298,0.3597415089607239
22764,573724,6801893,0.3595370948314667
22765,573724,3688411,0.3595251441001892
22766,573724,3765364,0.359497606754303
22767,573724,3109276,0.3594217300415039
22768,573724,6462955,0.35939550399780273
22769,573724,6860687,0.35938340425491333
22770,573724,3016664,0.359378457069397
22771,573724,3131743,0.3592810034751892
22772,573724,8353754,0.3592803478240967
22773,573724,1294124,0.35919004678726196
22774,573724,7892327,0.35915499925613403
22775,573724,562414,0.3591369390487671
22776,573724,8269764,0.35906821489334106
22777,573724,6950370,0.35906079411506653
22778,573724,6743271,0.35905516147613525
22779,573724,67622,0.35901159048080444
22780,573724,1004322,0.3589535653591156
22781,573724,3482884,0.3588559031486511
22782,573724,1696436,0.35880786180496216
22783,573724,6032481,0.3588069677352905
22784,573724,8830185,0.3587397634983063
22785,573724,1696442,0.35863542556762695
22786,573724,8146569,0.3582998812198639
22787,573724,4616554,0.35813912749290466
22788,573724,4414009,0.3581389784812927
22789,573724,7980044,0.3581017255783081
22790,573724,8395519,0.35801562666893005
22791,573724,5817010,0.3578253388404846
22792,573724,3793822,0.3578154742717743
22793,573724,1026159,0.35780954360961914
22794,573724,6821607,0.35772067308425903
22795,573724,4450868,0.3576832413673401
22796,573724,1730863,0.35756832361221313
22797,573724,4700445,0.35750114917755127
22798,573724,1281687,0.35747650265693665
22799,573724,685019,0.35743385553359985
22800,573724,4195857,0.35743147134780884
22801,573724,4462748,0.3573889136314392
22802,573724,6017073,0.35738563537597656
22803,573724,898698,0.3573848605155945
22804,573724,202538,0.3573510944843292
22805,573724,39108,0.35730627179145813
22806,573724,202536,0.3572373688220978
22807,573724,6467109,0.3571283519268036
22808,573724,2222074,0.3569563329219818
22809,573724,6823988,0.35686761140823364
22810,573724,2766584,0.356819748878479
22811,573724,350471,0.35671573877334595
22812,573724,1014743,0.3566053509712219
22813,573724,5721329,0.35657134652137756
22814,573724,8485452,0.35650530457496643
22815,573724,8076829,0.3564487397670746
22816,573724,780937,0.35644298791885376
22817,573724,8530894,0.3564191460609436
22818,573724,8045331,0.3564063310623169
22819,573724,7657603,0.35630592703819275
22820,573724,8830805,0.3562452793121338
22821,573724,6585474,0.3561761975288391
22822,573724,4922400,0.35599252581596375
22823,573724,1995004,0.35598498582839966
22824,573724,139379,0.35588979721069336
22825,573724,5877185,0.3558724522590637
22826,573724,444154,0.3558521866798401
22827,573724,8212302,0.35576677322387695
22828,573724,8249623,0.3557164669036865
22829,573724,221609,0.3557072579860687
22830,573724,4592880,0.3556273281574249
22831,573724,1144139,0.35562658309936523
22832,573724,5962548,0.35560905933380127
22833,573724,4593201,0.3555835783481598
22834,573724,1988873,0.3555722236633301
22835,573724,5303591,0.35553881525993347
22836,573724,1819570,0.3554646074771881
22837,573724,1537639,0.355460524559021
22838,573724,1775207,0.35539621114730835
22839,573724,2186124,0.355366051197052
22840,573724,8068147,0.3553425073623657
22841,573724,6026189,0.355307936668396
22842,573724,7584582,0.35526037216186523
22843,573724,1608204,0.355228453874588
22844,573724,6762792,0.3552124500274658
22845,573724,3078405,0.3552038371562958
22846,573724,1342936,0.3551090359687805
22847,573724,6304736,0.35509371757507324
22848,573724,818692,0.35503870248794556
22849,573724,8389737,0.3549855053424835
22850,573724,2705696,0.35496610403060913
22851,573724,2816067,0.3549039363861084
22852,573724,4265468,0.35490113496780396
22853,573724,5293511,0.35489559173583984
22854,573724,3487761,0.354809433221817
22855,573724,1107206,0.35478439927101135
22856,573724,5850553,0.35473698377609253
22857,573724,379576,0.35465750098228455
22858,573724,6439848,0.35462260246276855
22859,573724,4981728,0.35457515716552734
22860,573724,2756679,0.35456180572509766
22861,573724,1793811,0.3545518219470978
22862,573724,979351,0.354519248008728
22863,573724,3918562,0.35447627305984497
22864,573724,4023756,0.35438817739486694
22865,573724,7392863,0.35438817739486694
22866,573724,8296854,0.35437440872192383
22867,573724,41670,0.3543463349342346
22868,573724,5953975,0.3541548252105713
22869,573724,4402697,0.3540840744972229
22870,573724,8068973,0.3540467619895935
22871,573724,3261469,0.3539503216743469
22872,573724,6304735,0.35394978523254395
22873,573724,1005339,0.35393238067626953
22874,573724,6503179,0.35389095544815063
22875,573724,2389601,0.3538894057273865
22876,573724,4574637,0.3538166284561157
22877,573724,6632077,0.3538159430027008
22878,573724,2546713,0.3537923991680145
22879,573724,6904337,0.35372745990753174
22880,573724,2326785,0.35371333360671997
22881,573724,340031,0.3536616563796997
22882,573724,4277212,0.35365429520606995
22883,573724,5308664,0.35359540581703186
22884,573724,4283852,0.3535875082015991
22885,573724,1803860,0.3535783290863037
22886,573724,4060147,0.3535543382167816
22887,573724,7278348,0.353551983833313
22888,573724,5215076,0.3535318374633789
22889,573724,4359469,0.3535259962081909
22890,573724,3546092,0.3535037040710449
22891,573724,379574,0.3534727692604065
22892,573724,5522165,0.3534383177757263
22893,573724,8532725,0.3534332513809204
22894,573724,6011355,0.3533644676208496
22895,573724,5962551,0.3533638119697571
22896,573724,2769445,0.3533223569393158
22897,573724,5162857,0.3532988727092743
22898,573724,4265466,0.35323113203048706
22899,573724,1951325,0.3531918227672577
22900,573724,7295219,0.35317403078079224
22901,573724,8457792,0.35316646099090576
22902,573724,5785716,0.3531635105609894
22903,573724,3546094,0.3531275987625122
22904,573724,1122321,0.353119432926178
22905,573724,3745896,0.35305505990982056
22906,573724,4327082,0.35300692915916443
22907,573724,2592633,0.35298952460289
22908,573724,3009389,0.3529689908027649
22909,573724,2458608,0.3529667258262634
22910,573724,7561536,0.3528897762298584
22911,573724,689324,0.3528783917427063
22912,573724,5265921,0.35284993052482605
22913,573724,1445288,0.3528008759021759
22914,573724,5555890,0.352758526802063
22915,573724,6256860,0.35267865657806396
22916,573724,5003274,0.3526048958301544
22917,573724,3180505,0.35259920358657837
22918,573724,3453676,0.3525770306587219
22919,573724,2198949,0.3525526523590088
22920,573724,4599713,0.3525235950946808
22921,573724,1073333,0.3525160849094391
22922,573724,6331445,0.35248440504074097
22923,573724,8555685,0.35239654779434204
22924,573724,2458615,0.35239389538764954
22925,573724,1236248,0.3523460626602173
22926,573724,7659395,0.35224464535713196
22927,573724,8690218,0.3522392511367798
22928,573724,5293507,0.35220611095428467
22929,573724,473979,0.352203905582428
22930,573724,8694449,0.35219597816467285
22931,573724,5397085,0.35215598344802856
22932,573724,340028,0.35212934017181396
22933,573724,4154808,0.35209065675735474
22934,573724,4246188,0.35209065675735474
22935,573724,4909769,0.35208213329315186
22936,573724,2859212,0.35200655460357666
22937,573724,5171664,0.35199642181396484
22938,573724,8574665,0.35194846987724304
22939,573724,807102,0.35194796323776245
22940,573724,677937,0.3518276810646057
22941,573724,893006,0.35175156593322754
22942,573724,8098036,0.3517281413078308
22943,573724,1466054,0.3517135679721832
22944,573724,3093609,0.35164058208465576
22945,573724,7518031,0.3515789210796356
22946,573724,7382096,0.3515588939189911
22947,573724,3654580,0.3515263795852661
22948,573724,3892089,0.35147345066070557
22949,573724,8081339,0.35142046213150024
22950,573724,2733051,0.3513583540916443
22951,573724,6845273,0.3513484299182892
22952,573724,6853133,0.35127076506614685
22953,573724,1900170,0.35126733779907227
22954,573724,2024759,0.3512396812438965
22955,573724,7559619,0.3512023985385895
22956,573724,6800567,0.35116490721702576
22957,573724,2819390,0.3510633707046509
22958,573724,3103577,0.35105621814727783
22959,573724,139380,0.3510352373123169
22960,573724,1130727,0.351012259721756
22961,573724,2363728,0.3509734869003296
22962,573724,8116406,0.350790411233902
22963,573724,41433,0.35070309042930603
22964,573724,1180293,0.35069477558135986
22965,573724,7397373,0.3506876230239868
22966,573724,8176045,0.35065197944641113
22967,573724,7603040,0.3506280183792114
22968,573724,770480,0.3505752980709076
22969,573724,4423733,0.35056111216545105
22970,573724,1197510,0.350545197725296
22971,573724,7191027,0.35052621364593506
22972,573724,3308722,0.350513756275177
22973,573724,8605032,0.3504675626754761
22974,573724,1775203,0.3504146933555603
22975,573724,5764358,0.35039597749710083
22976,573724,1990392,0.3503134846687317
22977,573724,3842828,0.3503001630306244
22978,573724,4493208,0.3502960503101349
22979,573724,8163895,0.3502800464630127
22980,573724,51951,0.3501652479171753
22981,573724,3719765,0.35016384720802307
22982,573724,1665125,0.3501240909099579
22983,573724,4541741,0.35004645586013794
22984,573724,5379492,0.34999996423721313
22985,573724,4028905,0.34998345375061035
22986,573724,1803866,0.3498848080635071
22987,573724,708884,0.34983962774276733
22988,573724,1094482,0.3498368561267853
22989,573724,839796,0.34983518719673157
22990,573724,8083124,0.34969043731689453
22991,573724,3788109,0.3496854901313782
22992,573724,3011646,0.3496476113796234
22993,573724,7275354,0.3495658040046692
22994,573724,1766161,0.34954744577407837
22995,573724,675732,0.3495405614376068
22996,573724,5345912,0.34952110052108765
22997,573724,6342032,0.34944209456443787
22998,573724,2077128,0.3494250178337097
22999,573724,6516935,0.34939977526664734
23000,833860,6230229,0.7127149701118469
23001,833860,6230226,0.6984331011772156
23002,833860,6230227,0.6877256035804749
23003,833860,6230221,0.6699199676513672
23004,833860,6230220,0.6629726886749268
23005,833860,4881965,0.661249577999115
23006,833860,6230222,0.6552304625511169
23007,833860,1889863,0.6456077098846436
23008,833860,2206197,0.6453607082366943
23009,833860,2206194,0.644298791885376
23010,833860,3087481,0.6421917676925659
23011,833860,5167510,0.6361865997314453
23012,833860,8833502,0.635866641998291
23013,833860,8833509,0.6351082921028137
23014,833860,5167512,0.6269116401672363
23015,833860,3437288,0.6237361431121826
23016,833860,3437284,0.6190985441207886
23017,833860,5167513,0.6190809011459351
23018,833860,6218032,0.6050268411636353
23019,833860,8697642,0.5832688808441162
23020,833860,3437281,0.582936704158783
23021,833860,6083487,0.5804170370101929
23022,833860,8833506,0.5788429379463196
23023,833860,6230224,0.5779416561126709
23024,833860,3437290,0.575771689414978
23025,833860,3437286,0.5705467462539673
23026,833860,2206196,0.5685632228851318
23027,833860,8344031,0.5674251914024353
23028,833860,4046129,0.5638322830200195
23029,833860,115142,0.5421040058135986
23030,833860,2206195,0.539397656917572
23031,833860,6230225,0.5384965538978577
23032,833860,596153,0.5382164716720581
23033,833860,5167518,0.538204550743103
23034,833860,7038170,0.5361621379852295
23035,833860,7944293,0.5339935421943665
23036,833860,2206200,0.533087968826294
23037,833860,2206199,0.532112717628479
23038,833860,6218036,0.5291017889976501
23039,833860,3437285,0.5284607410430908
23040,833860,8833504,0.5269560813903809
23041,833860,6230228,0.5230887532234192
23042,833860,3087479,0.5224723815917969
23043,833860,8833507,0.5224723815917969
23044,833860,7826521,0.52224200963974
23045,833860,2206198,0.5209782719612122
23046,833860,456068,0.5209072828292847
23047,833860,1524399,0.5193833112716675
23048,833860,1361867,0.5190740823745728
23049,833860,6218035,0.5190471410751343
23050,833860,1733841,0.5163184404373169
23051,833860,2626242,0.515457272529602
23052,833860,767542,0.5147048234939575
23053,833860,6230223,0.5081890821456909
23054,833860,4020162,0.5068806409835815
23055,833860,4610453,0.5052366852760315
23056,833860,6083481,0.5049698352813721
23057,833860,2037474,0.5046262741088867
23058,833860,1501736,0.5044553279876709
23059,833860,4046122,0.5043575763702393
23060,833860,5897836,0.5034654140472412
23061,833860,8594585,0.5012261271476746
23062,833860,5973999,0.5006504654884338
23063,833860,2022688,0.5001176595687866
23064,833860,4897785,0.5000088214874268
23065,833860,1290165,0.49911773204803467
23066,833860,5167514,0.49907687306404114
23067,833860,4898669,0.49882909655570984
23068,833860,2868687,0.49845144152641296
23069,833860,7706738,0.49845120310783386
23070,833860,7435480,0.4950878918170929
23071,833860,3437283,0.49326491355895996
23072,833860,2654110,0.4924364686012268
23073,833860,1160967,0.49233800172805786
23074,833860,729171,0.4920402765274048
23075,833860,8346260,0.4914655089378357
23076,833860,3087483,0.49075114727020264
23077,833860,7712692,0.4881628155708313
23078,833860,8346259,0.4880046844482422
23079,833860,4046123,0.4878847002983093
23080,833860,1799623,0.486420214176178
23081,833860,5417403,0.486188143491745
23082,833860,1799624,0.486188143491745
23083,833860,921798,0.4850538969039917
23084,833860,861000,0.4849061965942383
23085,833860,3437289,0.4848520755767822
23086,833860,4460348,0.48407626152038574
23087,833860,7038169,0.4838087260723114
23088,833860,2950381,0.48054152727127075
23089,833860,4857585,0.4798230528831482
23090,833860,2764662,0.479451060295105
23091,833860,5652528,0.47900915145874023
23092,833860,5652520,0.4751300811767578
23093,833860,7061642,0.4747886657714844
23094,833860,3026605,0.4740157127380371
23095,833860,3769953,0.47387203574180603
23096,833860,756922,0.4729747772216797
23097,833860,2764664,0.472526878118515
23098,833860,3421947,0.47230690717697144
23099,833860,5883546,0.4715180993080139
23100,833860,771855,0.471444308757782
23101,833860,1160966,0.47083643078804016
23102,833860,3990988,0.47011375427246094
23103,833860,473560,0.4699087142944336
23104,833860,5905054,0.4689217507839203
23105,833860,3990989,0.4687464237213135
23106,833860,6393728,0.4677584767341614
23107,833860,8346251,0.46773386001586914
23108,833860,2206201,0.46773138642311096
23109,833860,1229014,0.4674670398235321
23110,833860,473563,0.46633976697921753
23111,833860,1361866,0.4663245677947998
23112,833860,5923477,0.4648128151893616
23113,833860,1026568,0.46457576751708984
23114,833860,756914,0.46451258659362793
23115,833860,8350595,0.46447765827178955
23116,833860,8707426,0.4644487500190735
23117,833860,3494809,0.46434304118156433
23118,833860,8280714,0.4632530212402344
23119,833860,4387722,0.4632069766521454
23120,833860,8483418,0.4629906415939331
23121,833860,5167516,0.4626970887184143
23122,833860,1327051,0.46266236901283264
23123,833860,6277473,0.4616055488586426
23124,833860,8494108,0.46159496903419495
23125,833860,2206202,0.4614230990409851
23126,833860,7166029,0.4606984853744507
23127,833860,1913651,0.46050822734832764
23128,833860,6058740,0.460241436958313
23129,833860,8650076,0.4598346948623657
23130,833860,3528288,0.45960694551467896
23131,833860,8280722,0.45944643020629883
23132,833860,5255471,0.45770731568336487
23133,833860,8312451,0.4573483169078827
23134,833860,5952297,0.45669233798980713
23135,833860,3026608,0.4563285708427429
23136,833860,7827067,0.45608556270599365
23137,833860,7548089,0.455574095249176
23138,833860,6943603,0.4554974138736725
23139,833860,153685,0.4550669193267822
23140,833860,4166207,0.45355224609375
23141,833860,729177,0.4530813694000244
23142,833860,8068231,0.4526299238204956
23143,833860,756916,0.4524378180503845
23144,833860,6943598,0.45227891206741333
23145,833860,4948230,0.45192641019821167
23146,833860,8234787,0.45182543992996216
23147,833860,8273062,0.45140713453292847
23148,833860,6178614,0.4511758089065552
23149,833860,4046125,0.4503655433654785
23150,833860,3436064,0.4503629207611084
23151,833860,4020169,0.45029953122138977
23152,833860,2155400,0.45013168454170227
23153,833860,8400005,0.4499642848968506
23154,833860,6822075,0.44949766993522644
23155,833860,7184642,0.44910407066345215
23156,833860,1229019,0.44816505908966064
23157,833860,7811355,0.44796183705329895
23158,833860,4498347,0.44787469506263733
23159,833860,473569,0.4476014971733093
23160,833860,4431446,0.4469951391220093
23161,833860,3528291,0.44681572914123535
23162,833860,5268870,0.44680458307266235
23163,833860,1524403,0.44644224643707275
23164,833860,1921568,0.44639816880226135
23165,833860,7454593,0.44603270292282104
23166,833860,2292505,0.44586458802223206
23167,833860,4058902,0.4457230567932129
23168,833860,2626246,0.4453907907009125
23169,833860,7406141,0.44538599252700806
23170,833860,4875955,0.44511866569519043
23171,833860,6943600,0.4450889229774475
23172,833860,5472000,0.44501107931137085
23173,833860,756921,0.44462859630584717
23174,833860,1370768,0.44446688890457153
23175,833860,3087477,0.44418418407440186
23176,833860,7275795,0.4441796541213989
23177,833860,8705870,0.4441796541213989
23178,833860,2654111,0.4435960054397583
23179,833860,1229013,0.443593829870224
23180,833860,4935277,0.443490207195282
23181,833860,1524406,0.4429161548614502
23182,833860,6042090,0.44254380464553833
23183,833860,8731041,0.44161996245384216
23184,833860,6812180,0.44151920080184937
23185,833860,4593912,0.4413013160228729
23186,833860,6804392,0.44097667932510376
23187,833860,4544257,0.44064128398895264
23188,833860,6906610,0.44039857387542725
23189,833860,1460915,0.44022977352142334
23190,833860,1913650,0.4400690793991089
23191,833860,4190983,0.4399356544017792
23192,833860,4393680,0.4396343231201172
23193,833860,5985294,0.4394315779209137
23194,833860,1579410,0.43871885538101196
23195,833860,3327676,0.4387090504169464
23196,833860,8765349,0.43870842456817627
23197,833860,5712842,0.43866556882858276
23198,833860,2424764,0.4383099675178528
23199,833860,8080830,0.4377462863922119
23200,833860,7462845,0.43769678473472595
23201,833860,3769948,0.43767017126083374
23202,833860,4599694,0.4373997151851654
23203,833860,6339935,0.43732190132141113
23204,833860,6834641,0.4369536340236664
23205,833860,6943602,0.43652573227882385
23206,833860,2212890,0.43630826473236084
23207,833860,2604437,0.4360848665237427
23208,833860,4610457,0.43602922558784485
23209,833860,6211800,0.4359399080276489
23210,833860,1376535,0.4357731342315674
23211,833860,3990992,0.4354572296142578
23212,833860,3523049,0.4353431761264801
23213,833860,4717460,0.43500685691833496
23214,833860,8400007,0.4349021315574646
23215,833860,5673253,0.4348958134651184
23216,833860,2920451,0.43485361337661743
23217,833860,5097139,0.4346548616886139
23218,833860,1026572,0.43429362773895264
23219,833860,6829804,0.4341815114021301
23220,833860,7125488,0.43367743492126465
23221,833860,5577460,0.4336239695549011
23222,833860,3587692,0.43339675664901733
23223,833860,7140183,0.4333084523677826
23224,833860,6811666,0.4332491159439087
23225,833860,8312449,0.4330723285675049
23226,833860,3982133,0.4329373836517334
23227,833860,2626243,0.4322362244129181
23228,833860,2424770,0.4322362244129181
23229,833860,357970,0.4318923056125641
23230,833860,7506146,0.43136143684387207
23231,833860,4849015,0.43093055486679077
23232,833860,4935280,0.4307979643344879
23233,833860,280007,0.4307534396648407
23234,833860,8346258,0.4306788444519043
23235,833860,4849789,0.4306234121322632
23236,833860,541470,0.4304117262363434
23237,833860,8312452,0.4298235774040222
23238,833860,1160965,0.42932191491127014
23239,833860,3494802,0.4287240505218506
23240,833860,2212896,0.4286898970603943
23241,833860,1187661,0.42855870723724365
23242,833860,456072,0.428535521030426
23243,833860,4086002,0.42838776111602783
23244,833860,4575228,0.42825332283973694
23245,833860,8519766,0.42782700061798096
23246,833860,321622,0.42769938707351685
23247,833860,2745172,0.42746949195861816
23248,833860,595956,0.42744719982147217
23249,833860,456074,0.4271349012851715
23250,833860,4200852,0.42706233263015747
23251,833860,3555475,0.42677241563796997
23252,833860,771861,0.42667877674102783
23253,833860,1361868,0.42629557847976685
23254,833860,8644991,0.4261206388473511
23255,833860,3990986,0.4261058568954468
23256,833860,3035984,0.4258926808834076
23257,833860,321624,0.4257924556732178
23258,833860,115141,0.4255055785179138
23259,833860,6201716,0.4250473082065582
23260,833860,2957514,0.4250119924545288
23261,833860,8572414,0.42499294877052307
23262,833860,833959,0.42497020959854126
23263,833860,2192806,0.424807071685791
23264,833860,2983555,0.42472776770591736
23265,833860,5167515,0.4245747923851013
23266,833860,8068233,0.4242541193962097
23267,833860,6129947,0.4242037236690521
23268,833860,4086003,0.42402368783950806
23269,833860,3494807,0.4240191876888275
23270,833860,7991277,0.42382168769836426
23271,833860,3753935,0.42368847131729126
23272,833860,4916006,0.4236719608306885
23273,833860,5712846,0.42366334795951843
23274,833860,923380,0.4235385060310364
23275,833860,3669837,0.4235241711139679
23276,833860,8400003,0.42349526286125183
23277,833860,7462842,0.42337167263031006
23278,833860,7714610,0.4232332706451416
23279,833860,4605942,0.4228837490081787
23280,833860,8483412,0.4228615164756775
23281,833860,6683659,0.4226279854774475
23282,833860,5400880,0.42248594760894775
23283,833860,6662953,0.4221910238265991
23284,833860,1972076,0.422103613615036
23285,833860,3933340,0.42194047570228577
23286,833860,4460594,0.4219084084033966
23287,833860,771857,0.42156317830085754
23288,833860,7192576,0.42153048515319824
23289,833860,6201712,0.4213606119155884
23290,833860,7832784,0.421309232711792
23291,833860,5679582,0.42100828886032104
23292,833860,1116963,0.420688271522522
23293,833860,8386412,0.42052173614501953
23294,833860,4773077,0.4202679991722107
23295,833860,5523578,0.4201410710811615
23296,833860,5523580,0.42003536224365234
23297,833860,6683658,0.41994544863700867
23298,833860,6357684,0.4196018576622009
23299,833860,6566736,0.41949379444122314
23300,833860,7619330,0.4192822575569153
23301,833860,1299346,0.41919219493865967
23302,833860,6806671,0.4191902279853821
23303,833860,527098,0.41914135217666626
23304,833860,8705867,0.41913723945617676
23305,833860,7708699,0.4189760088920593
23306,833860,6897483,0.41894179582595825
23307,833860,3494803,0.41855716705322266
23308,833860,871333,0.41839706897735596
23309,833860,6370189,0.41837364435195923
23310,833860,6083483,0.4183521866798401
23311,833860,5897840,0.417773962020874
23312,833860,2727126,0.4176052212715149
23313,833860,2829180,0.41746944189071655
23314,833860,3318545,0.417407751083374
23315,833860,5832657,0.41734254360198975
23316,833860,6566729,0.4173315763473511
23317,833860,5765988,0.4172562062740326
23318,833860,8719128,0.41720637679100037
23319,833860,5960972,0.4171368479728699
23320,833860,3320120,0.41713380813598633
23321,833860,4358532,0.41712984442710876
23322,833860,3217986,0.4166148900985718
23323,833860,871334,0.41653740406036377
23324,833860,6168297,0.41630226373672485
23325,833860,3767859,0.4161232113838196
23326,833860,2829181,0.41599029302597046
23327,833860,1347716,0.4159533977508545
23328,833860,5471997,0.4159088730812073
23329,833860,8069058,0.4157681465148926
23330,833860,6871910,0.4155600368976593
23331,833860,8674227,0.4153873920440674
23332,833860,7714611,0.4153827726840973
23333,833860,858688,0.41532233357429504
23334,833860,3003674,0.41528838872909546
23335,833860,3648564,0.4151638448238373
23336,833860,645230,0.41516169905662537
23337,833860,8189162,0.41508713364601135
23338,833860,2337599,0.41498231887817383
23339,833860,3145135,0.41496559977531433
23340,833860,6738738,0.41495877504348755
23341,833860,4788171,0.4148392677307129
23342,833860,361109,0.4147014021873474
23343,833860,1185110,0.4146274924278259
23344,833860,601010,0.4145715534687042
23345,833860,7275797,0.4144648313522339
23346,833860,1893063,0.4143434464931488
23347,833860,5004465,0.4142729640007019
23348,833860,6822080,0.4141849875450134
23349,833860,1614261,0.41416388750076294
23350,833860,5014239,0.41401541233062744
23351,833860,6211801,0.4138649106025696
23352,833860,6218040,0.41386449337005615
23353,833860,3656614,0.41385212540626526
23354,833860,5646089,0.41384243965148926
23355,833860,1327787,0.4137437343597412
23356,833860,5912540,0.41372260451316833
23357,833860,7103434,0.4136292636394501
23358,833860,1158379,0.41360512375831604
23359,833860,2037467,0.41333818435668945
23360,833860,6218039,0.4133264422416687
23361,833860,2595820,0.41331809759140015
23362,833860,4620284,0.41320282220840454
23363,833860,7936383,0.4131442904472351
23364,833860,6871911,0.4130499064922333
23365,833860,3694582,0.4129199981689453
23366,833860,3851212,0.4126570224761963
23367,833860,1885620,0.4125804901123047
23368,833860,7936380,0.412441611289978
23369,833860,5417398,0.41238629817962646
23370,833860,5952292,0.4122893512248993
23371,833860,6124293,0.41216224431991577
23372,833860,8770262,0.4117947816848755
23373,833860,8189156,0.4115026593208313
23374,833860,3780161,0.41096070408821106
23375,833860,824744,0.41093504428863525
23376,833860,5414616,0.41089898347854614
23377,833860,3407799,0.4107038974761963
23378,833860,8767221,0.41055628657341003
23379,833860,4981063,0.41047561168670654
23380,833860,1907303,0.4104635417461395
23381,833860,5357592,0.4104061722755432
23382,833860,918663,0.4102620482444763
23383,833860,3656619,0.4102140963077545
23384,833860,4166209,0.4101807475090027
23385,833860,6897477,0.4101777672767639
23386,833860,8280717,0.41013503074645996
23387,833860,5400878,0.4100753366947174
23388,833860,1591862,0.4098210334777832
23389,833860,842060,0.4097859561443329
23390,833860,2238687,0.40977293252944946
23391,833860,6139309,0.4097275733947754
23392,833860,6277468,0.40970510244369507
23393,833860,2990822,0.4095541834831238
23394,833860,2990820,0.4095362722873688
23395,833860,2340461,0.40950194001197815
23396,833860,1460912,0.4093695282936096
23397,833860,46926,0.4093412458896637
23398,833860,1324233,0.40932416915893555
23399,833860,2181039,0.40925055742263794
23400,833860,2990824,0.4089646339416504
23401,833860,4314222,0.40890341997146606
23402,833860,2682018,0.40889155864715576
23403,833860,2868686,0.4084446430206299
23404,833860,7647527,0.408441960811615
23405,833860,4352456,0.4081815481185913
23406,833860,6058739,0.40791913866996765
23407,833860,3480482,0.4078862965106964
23408,833860,1799622,0.4078821539878845
23409,833860,2307059,0.4077335596084595
23410,833860,552993,0.40768980979919434
23411,833860,4904679,0.4076038897037506
23412,833860,595958,0.407590389251709
23413,833860,4747970,0.4073154926300049
23414,833860,2918486,0.4072393774986267
23415,833860,1642794,0.4072026014328003
23416,833860,3298654,0.4071464538574219
23417,833860,5252306,0.4070439636707306
23418,833860,1582781,0.40692248940467834
23419,833860,3462532,0.40677985548973083
23420,833860,1733843,0.40666869282722473
23421,833860,5097133,0.4065711498260498
23422,833860,3106224,0.406425416469574
23423,833860,3044026,0.4063679575920105
23424,833860,5988243,0.4062938094139099
23425,833860,4023575,0.40629148483276367
23426,833860,3977433,0.40608498454093933
23427,833860,174954,0.4060242474079132
23428,833860,3436065,0.40592819452285767
23429,833860,2793736,0.4059157371520996
23430,833860,2626241,0.4058525264263153
23431,833860,6124117,0.40577930212020874
23432,833860,5902994,0.405678927898407
23433,833860,4120102,0.4056429862976074
23434,833860,6226078,0.40542495250701904
23435,833860,1229018,0.40509533882141113
23436,833860,5260169,0.40499719977378845
23437,833860,7204198,0.4048424959182739
23438,833860,593199,0.40482544898986816
23439,833860,3887522,0.40477585792541504
23440,833860,1325535,0.4047694504261017
23441,833860,7760358,0.4047554135322571
23442,833860,4610461,0.4047238230705261
23443,833860,2315680,0.4046839475631714
23444,833860,595952,0.40465694665908813
23445,833860,4935276,0.40462276339530945
23446,833860,5349485,0.4045901596546173
23447,833860,5774963,0.40441253781318665
23448,833860,8808545,0.40424489974975586
23449,833860,3320119,0.4041798710823059
23450,833860,4916010,0.40406644344329834
23451,833860,5357589,0.4040231704711914
23452,833860,4086001,0.4039773643016815
23453,833860,6750553,0.4039685130119324
23454,833860,1882826,0.4038752317428589
23455,833860,8519768,0.4038054347038269
23456,833860,7811354,0.4036252796649933
23457,833860,8117524,0.40355345606803894
23458,833860,4967533,0.40355274081230164
23459,833860,3378610,0.40333738923072815
23460,833860,7154200,0.40323156118392944
23461,833860,7317672,0.4029545783996582
23462,833860,3769950,0.4027024805545807
23463,833860,4717454,0.40268179774284363
23464,833860,508020,0.40263253450393677
23465,833860,2409425,0.4025338292121887
23466,833860,1300055,0.4022911787033081
23467,833860,97316,0.40205880999565125
23468,833860,7483533,0.4020406901836395
23469,833860,100381,0.4019368290901184
23470,833860,1225537,0.4019191861152649
23471,833860,6683665,0.4019176959991455
23472,833860,3226733,0.4018961191177368
23473,833860,4190988,0.40179863572120667
23474,833860,771863,0.4017447233200073
23475,833860,1229022,0.4016817808151245
23476,833860,4610456,0.4016234278678894
23477,833860,7153351,0.40158334374427795
23478,833860,2989687,0.4014749526977539
23479,833860,4358539,0.4014626145362854
23480,833860,5200870,0.4014161229133606
23481,833860,2044076,0.4013247787952423
23482,833860,3393270,0.40129905939102173
23483,833860,45138,0.40126562118530273
23484,833860,763669,0.40122950077056885
23485,833860,4544266,0.4010509252548218
23486,833860,2260752,0.40104198455810547
23487,833860,1713141,0.40101128816604614
23488,833860,4086000,0.4009259343147278
23489,833860,645228,0.40074580907821655
23490,833860,784205,0.4006708860397339
23491,833860,2702358,0.4006330370903015
23492,833860,5097132,0.4003946781158447
23493,833860,3906517,0.4003906846046448
23494,833860,8499097,0.4003582000732422
23495,833860,8494105,0.40007835626602173
23496,833860,4331727,0.40000030398368835
23497,833860,2036933,0.3999670147895813
23498,833860,1325536,0.39991495013237
23499,833860,2042144,0.39990702271461487
23500,833860,43342,0.3998204469680786
23501,833860,7125483,0.3996899724006653
23502,833860,2859291,0.39966630935668945
23503,833860,4552495,0.3996463716030121
23504,833860,2626244,0.399640291929245
23505,833860,1229016,0.3995544910430908
23506,833860,8813242,0.399482786655426
23507,833860,3905532,0.39944344758987427
23508,833860,5082851,0.39942845702171326
23509,833860,8483501,0.3992833197116852
23510,833860,6683657,0.3988243639469147
23511,833860,4998329,0.3987925052642822
23512,833860,8562779,0.3987043499946594
23513,833860,5387662,0.39869225025177
23514,833860,2988810,0.39863449335098267
23515,833860,4058904,0.3986135721206665
23516,833860,4809855,0.3984978199005127
23517,833860,659408,0.39849403500556946
23518,833860,561011,0.39846235513687134
23519,833860,4809850,0.39844340085983276
23520,833860,7192577,0.3983003795146942
23521,833860,1327789,0.39824092388153076
23522,833860,6631740,0.39823073148727417
23523,833860,4149226,0.39819812774658203
23524,833860,1679754,0.3981558680534363
23525,833860,1653671,0.39814233779907227
23526,833860,4359041,0.39813435077667236
23527,833860,6822081,0.39811307191848755
23528,833860,7410122,0.39807984232902527
23529,833860,4505256,0.3978492021560669
23530,833860,2702357,0.39766645431518555
23531,833860,7838245,0.39747506380081177
23532,833860,693937,0.3974387049674988
23533,833860,5555776,0.39743587374687195
23534,833860,4368995,0.39742302894592285
23535,833860,6683664,0.3973732590675354
23536,833860,2764667,0.39734750986099243
23537,833860,8790958,0.39725664258003235
23538,833860,4858612,0.3972555994987488
23539,833860,4697410,0.39722275733947754
23540,833860,7771808,0.39716511964797974
23541,833860,8519769,0.397163450717926
23542,833860,3777712,0.3971189856529236
23543,833860,4320918,0.39707687497138977
23544,833860,7728902,0.3970188498497009
23545,833860,8679932,0.3969899117946625
23546,833860,7153350,0.3969598710536957
23547,833860,2424763,0.39686378836631775
23548,833860,4494667,0.3967704176902771
23549,833860,1859403,0.39667224884033203
23550,833860,7269310,0.39663535356521606
23551,833860,3716920,0.39627984166145325
23552,833860,5474354,0.3958107829093933
23553,833860,344123,0.3957599401473999
23554,833860,1921574,0.39570352435112
23555,833860,2659167,0.3955415189266205
23556,833860,8112006,0.39542627334594727
23557,833860,5761593,0.39529240131378174
23558,833860,8312450,0.3952738046646118
23559,833860,5012386,0.39526399970054626
23560,833860,2230746,0.3952257037162781
23561,833860,8240831,0.3951311707496643
23562,833860,7026638,0.3951152563095093
23563,833860,6297606,0.3949959874153137
23564,833860,4735897,0.3949107229709625
23565,833860,4314223,0.3948981463909149
23566,833860,3987306,0.39482933282852173
23567,833860,4251268,0.39477813243865967
23568,833860,3785617,0.3947444558143616
23569,833860,45447,0.39474016427993774
23570,833860,2998277,0.3946651816368103
23571,833860,7853786,0.3946284353733063
23572,833860,4857586,0.3945186138153076
23573,833860,3692448,0.39431047439575195
23574,833860,6777218,0.39425331354141235
23575,833860,4409625,0.39412254095077515
23576,833860,2062703,0.39410752058029175
23577,833860,3555124,0.39400964975357056
23578,833860,2662139,0.3939202129840851
23579,833860,7548083,0.3938181400299072
23580,833860,7153357,0.39375507831573486
23581,833860,5049015,0.39374908804893494
23582,833860,5035089,0.3937351405620575
23583,833860,2621070,0.3936464488506317
23584,833860,5500892,0.3935340642929077
23585,833860,4544260,0.393457293510437
23586,833860,661665,0.39323875308036804
23587,833860,6897484,0.39320966601371765
23588,833860,4149217,0.3931540548801422
23589,833860,5912542,0.3931329846382141
23590,833860,2673534,0.3930589556694031
23591,833860,5967462,0.39296120405197144
23592,833860,702299,0.3929345905780792
23593,833860,4575223,0.39289218187332153
23594,833860,4808450,0.3928557336330414
23595,833860,1563802,0.39267998933792114
23596,833860,8660956,0.3924963176250458
23597,833860,5303570,0.39246314764022827
23598,833860,8069060,0.3924543559551239
23599,833860,1733842,0.39236748218536377
23600,833860,2488236,0.3922729790210724
23601,833860,316674,0.392080694437027
23602,833860,7682689,0.392055869102478
23603,833860,8519771,0.3919605612754822
23604,833860,552984,0.3919203579425812
23605,833860,1415298,0.39173686504364014
23606,833860,5102212,0.3916875123977661
23607,833860,7601360,0.39168721437454224
23608,833860,7867921,0.3916720449924469
23609,833860,6103751,0.3915814757347107
23610,833860,6103747,0.39151400327682495
23611,833860,1229021,0.3914458453655243
23612,833860,1603168,0.3911682367324829
23613,833860,3296930,0.3911595344543457
23614,833860,4620285,0.3910907506942749
23615,833860,3714613,0.390958696603775
23616,833860,7371363,0.39067864418029785
23617,833860,408384,0.3906411826610565
23618,833860,4995226,0.39060690999031067
23619,833860,659406,0.39059627056121826
23620,833860,5407712,0.3904308080673218
23621,833860,6192049,0.39036187529563904
23622,833860,595089,0.3902267813682556
23623,833860,4570716,0.3899267315864563
23624,833860,5981695,0.38970276713371277
23625,833860,5183613,0.3896520733833313
23626,833860,1030220,0.38962072134017944
23627,833860,4650032,0.38954848051071167
23628,833860,1710424,0.3894970118999481
23629,833860,2022685,0.38945722579956055
23630,833860,1362327,0.3893302083015442
23631,833860,7435476,0.3892292380332947
23632,833860,2225286,0.38921135663986206
23633,833860,3940850,0.3891803026199341
23634,833860,1400183,0.38909798860549927
23635,833860,5471999,0.3890172243118286
23636,833860,5897839,0.3889659345149994
23637,833860,45135,0.3889300525188446
23638,833860,2709419,0.3888784646987915
23639,833860,4116516,0.3886849880218506
23640,833860,2654107,0.3886389136314392
23641,833860,313126,0.3885258436203003
23642,833860,3318541,0.38846686482429504
23643,833860,779922,0.38844940066337585
23644,833860,1240787,0.3881627321243286
23645,833860,7410121,0.38816070556640625
23646,833860,8487637,0.38810500502586365
23647,833860,2181036,0.3880476653575897
23648,833860,4036523,0.3878881335258484
23649,833860,2990816,0.3878571391105652
23650,833860,7644801,0.3877967596054077
23651,833860,7275793,0.3877946436405182
23652,833860,4624992,0.38777247071266174
23653,833860,1446628,0.38777175545692444
23654,833860,3421948,0.38771146535873413
23655,833860,568841,0.3876771926879883
23656,833860,4544264,0.38766610622406006
23657,833860,1322209,0.38758164644241333
23658,833860,6679722,0.38752281665802
23659,833860,4358534,0.3873911201953888
23660,833860,5043973,0.3873884379863739
23661,833860,7125486,0.38737666606903076
23662,833860,4500560,0.3872046172618866
23663,833860,3097478,0.38702481985092163
23664,833860,1448536,0.38701629638671875
23665,833860,4102033,0.3869735300540924
23666,833860,1239238,0.3869691789150238
23667,833860,575167,0.3869401216506958
23668,833860,7445518,0.3869149386882782
23669,833860,6762337,0.3868919014930725
23670,833860,4461904,0.38680440187454224
23671,833860,1429263,0.38675355911254883
23672,833860,7095530,0.3866714835166931
23673,833860,5030609,0.38665419816970825
23674,833860,7021124,0.3866365849971771
23675,833860,4177295,0.38657689094543457
23676,833860,5183610,0.3865114450454712
23677,833860,62010,0.3864303231239319
23678,833860,3798217,0.3864193558692932
23679,833860,8742336,0.38634634017944336
23680,833860,5897842,0.3863074779510498
23681,833860,3175099,0.3862834572792053
23682,833860,3109621,0.3861744999885559
23683,833860,5167511,0.3861646056175232
23684,833860,6320927,0.3861001133918762
23685,833860,5876855,0.3860030770301819
23686,833860,7867435,0.3858586847782135
23687,833860,8170115,0.385755330324173
23688,833860,1710421,0.38570326566696167
23689,833860,527806,0.3856467604637146
23690,833860,6930646,0.38563621044158936
23691,833860,305385,0.38561463356018066
23692,833860,3777716,0.38559582829475403
23693,833860,8660797,0.3855716288089752
23694,833860,4025666,0.38550588488578796
23695,833860,7683435,0.3854958713054657
23696,833860,5832662,0.3854042589664459
23697,833860,1793605,0.3853815197944641
23698,833860,1809228,0.3853166699409485
23699,833860,2474922,0.38524365425109863
23700,833860,7647523,0.3851351737976074
23701,833860,3606481,0.3850668668746948
23702,833860,6854147,0.38499563932418823
23703,833860,8581969,0.3849174380302429
23704,833860,6399662,0.3848285973072052
23705,833860,5259431,0.38479316234588623
23706,833860,5697463,0.38462114334106445
23707,833860,628678,0.3845948874950409
23708,833860,5862712,0.3845553398132324
23709,833860,8650079,0.3845345973968506
23710,833860,4260652,0.3844899535179138
23711,833860,5905046,0.3844367563724518
23712,833860,7206270,0.38440850377082825
23713,833860,1989436,0.3843713402748108
23714,833860,5976434,0.3842827081680298
23715,833860,7162456,0.3842349052429199
23716,833860,2460563,0.3842344284057617
23717,833860,8679572,0.3841317594051361
23718,833860,6370186,0.3840189576148987
23719,833860,8296208,0.38387131690979004
23720,833860,4000394,0.38381803035736084
23721,833860,6083484,0.38380885124206543
23722,833860,6520284,0.3837548792362213
23723,833860,6213366,0.3837457299232483
23724,833860,5012384,0.38371944427490234
23725,833860,5385343,0.3836807608604431
23726,833860,3472553,0.3836691379547119
23727,833860,5366190,0.3836591839790344
23728,833860,6058734,0.38362932205200195
23729,833860,46925,0.38347840309143066
23730,833860,4366903,0.3834288716316223
23731,833860,670946,0.38340723514556885
23732,833860,7676121,0.3832150995731354
23733,833860,6748425,0.38317450881004333
23734,833860,3393489,0.38306909799575806
23735,833860,2371285,0.3829696774482727
23736,833860,7459733,0.38287389278411865
23737,833860,8705868,0.38274502754211426
23738,833860,7619326,0.38274189829826355
23739,833860,2592412,0.382697194814682
23740,833860,2418240,0.3826543092727661
23741,833860,4427385,0.38263434171676636
23742,833860,6760731,0.3824891746044159
23743,833860,1524405,0.3824288249015808
23744,833860,4986406,0.3823925852775574
23745,833860,3804534,0.38234269618988037
23746,833860,4679026,0.3822011947631836
23747,833860,4857583,0.3821183443069458
23748,833860,4599689,0.38207465410232544
23749,833860,8483417,0.3820125460624695
23750,833860,7867429,0.38199445605278015
23751,833860,5035928,0.3819759786128998
23752,833860,779919,0.3819039463996887
23753,833860,6144021,0.38182950019836426
23754,833860,1393636,0.38178980350494385
23755,833860,4620286,0.38173407316207886
23756,833860,2840982,0.38169342279434204
23757,833860,2167863,0.3815908432006836
23758,833860,7184650,0.38144922256469727
23759,833860,8763743,0.38128435611724854
23760,833860,3933341,0.3812236189842224
23761,833860,5523579,0.3811302185058594
23762,833860,1707378,0.381113737821579
23763,833860,858687,0.38103631138801575
23764,833860,1026374,0.3809877038002014
23765,833860,729178,0.3809828758239746
23766,833860,7184644,0.3808882236480713
23767,833860,2595819,0.38082584738731384
23768,833860,4121472,0.3807569742202759
23769,833860,7619328,0.3807026147842407
23770,833860,4166210,0.3806573748588562
23771,833860,5976436,0.3806028366088867
23772,833860,1579405,0.38059645891189575
23773,833860,8069057,0.3804095983505249
23774,833860,1862924,0.38033854961395264
23775,833860,5862715,0.3802794814109802
23776,833860,8519770,0.3801533877849579
23777,833860,4620277,0.3801218867301941
23778,833860,5268871,0.3800022602081299
23779,833860,8025159,0.38000190258026123
23780,833860,1308549,0.37997931241989136
23781,833860,8764519,0.37987440824508667
23782,833860,2421100,0.3798697590827942
23783,833860,8494159,0.37986844778060913
23784,833860,5205270,0.37977421283721924
23785,833860,3480480,0.37966933846473694
23786,833860,5392863,0.3796653747558594
23787,833860,721425,0.3794342577457428
23788,833860,6543658,0.3794342279434204
23789,833860,4314221,0.3794178366661072
23790,833860,6700006,0.37939321994781494
23791,833860,8131665,0.3793734908103943
23792,833860,4377160,0.37937113642692566
23793,833860,1219653,0.3793686032295227
23794,833860,7125490,0.3793359696865082
23795,833860,3918278,0.3792538046836853
23796,833860,662110,0.3792359530925751
23797,833860,2509825,0.37923431396484375
23798,833860,2104892,0.3792110085487366
23799,833860,4398412,0.3791861832141876
23800,833860,923381,0.3791630268096924
23801,833860,3638760,0.37908512353897095
23802,833860,5475337,0.3790336847305298
23803,833860,2363022,0.3789055347442627
23804,833860,2022689,0.3788232207298279
23805,833860,5082852,0.3788149952888489
23806,833860,1818690,0.37878334522247314
23807,833860,5422957,0.378756046295166
23808,833860,3327675,0.3787059783935547
23809,833860,1051232,0.37857380509376526
23810,833860,3302492,0.3785383701324463
23811,833860,1384737,0.37852829694747925
23812,833860,6224954,0.37844187021255493
23813,833860,5097141,0.37841498851776123
23814,833860,2454552,0.3784053921699524
23815,833860,7965092,0.3783157467842102
23816,833860,2188108,0.37830549478530884
23817,833860,524588,0.37827634811401367
23818,833860,7316872,0.37827157974243164
23819,833860,1413213,0.3782510459423065
23820,833860,3788594,0.3782505989074707
23821,833860,3162222,0.3782418370246887
23822,833860,8069064,0.37821850180625916
23823,833860,253131,0.3781578540802002
23824,833860,8284966,0.3781525492668152
23825,833860,3071689,0.3781277537345886
23826,833860,6677236,0.37809741497039795
23827,833860,3807523,0.37801915407180786
23828,833860,4539590,0.378010094165802
23829,833860,6213368,0.37800854444503784
23830,833860,8555350,0.3779749572277069
23831,833860,6738736,0.37793105840682983
23832,833860,8790955,0.3779282569885254
23833,833860,7679371,0.3779115676879883
23834,833860,7886345,0.3778538703918457
23835,833860,6201713,0.37776979804039
23836,833860,4881963,0.3776986002922058
23837,833860,2036934,0.37757521867752075
23838,833860,6354327,0.37757450342178345
23839,833860,1907304,0.3775196671485901
23840,833860,2644084,0.3775150179862976
23841,833860,6621549,0.3775048851966858
23842,833860,3544301,0.37747710943222046
23843,833860,5346347,0.37740248441696167
23844,833860,1018274,0.3773639500141144
23845,833860,2078724,0.3772183060646057
23846,833860,2626247,0.37721508741378784
23847,833860,167695,0.3771294057369232
23848,833860,6631742,0.3770129382610321
23849,833860,6058736,0.37696385383605957
23850,833860,3320116,0.3769242465496063
23851,833860,1164187,0.37691187858581543
23852,833860,727008,0.37683895230293274
23853,833860,4439162,0.37682032585144043
23854,833860,727009,0.3767600655555725
23855,833860,6597678,0.3767565190792084
23856,833860,1713542,0.37675532698631287
23857,833860,662104,0.3767409324645996
23858,833860,5292005,0.3767368197441101
23859,833860,1372446,0.37671560049057007
23860,833860,4063994,0.37659838795661926
23861,833860,8445674,0.37659376859664917
23862,833860,6392350,0.3765897750854492
23863,833860,871331,0.37658125162124634
23864,833860,3942546,0.37656736373901367
23865,833860,742471,0.37650996446609497
23866,833860,6178613,0.37648433446884155
23867,833860,4870010,0.3764723837375641
23868,833860,4967537,0.3764006197452545
23869,833860,7835704,0.37634336948394775
23870,833860,3729262,0.37633103132247925
23871,833860,6943601,0.37630629539489746
23872,833860,5303562,0.3762887716293335
23873,833860,1688110,0.37615108489990234
23874,833860,4869130,0.3761398494243622
23875,833860,1934576,0.37607499957084656
23876,833860,8036743,0.37602895498275757
23877,833860,8036748,0.37602895498275757
23878,833860,8650656,0.3760160505771637
23879,833860,5460335,0.3759980797767639
23880,833860,8346252,0.37599727511405945
23881,833860,5112625,0.3759844899177551
23882,833860,862396,0.3759481906890869
23883,833860,5912544,0.375929057598114
23884,833860,1993155,0.3759157657623291
23885,833860,8284967,0.375887930393219
23886,833860,2080501,0.375771164894104
23887,833860,5230550,0.3757621645927429
23888,833860,1436759,0.3757292628288269
23889,833860,3905533,0.37572360038757324
23890,833860,8069059,0.37572282552719116
23891,833860,7513792,0.37568581104278564
23892,833860,223308,0.37564533948898315
23893,833860,3397686,0.37559211254119873
23894,833860,8350609,0.37558645009994507
23895,833860,1728504,0.3755840063095093
23896,833860,8008234,0.37545937299728394
23897,833860,3257807,0.37541845440864563
23898,833860,5541936,0.37533316016197205
23899,833860,595954,0.37525248527526855
23900,833860,1948251,0.3752165734767914
23901,833860,7213994,0.3751399517059326
23902,833860,167691,0.3750162124633789
23903,833860,5044089,0.3750064969062805
23904,833860,6498285,0.3749682903289795
23905,833860,5183608,0.3749493360519409
23906,833860,7550335,0.3749186098575592
23907,833860,2839394,0.3748070001602173
23908,833860,6992352,0.3747660517692566
23909,833860,5971438,0.374715656042099
23910,833860,2931838,0.37457385659217834
23911,833860,3877273,0.3745061755180359
23912,833860,6058738,0.37450289726257324
23913,833860,5967458,0.3744865953922272
23914,833860,8188236,0.3744336664676666
23915,833860,1436768,0.37440603971481323
23916,833860,7646361,0.37436845898628235
23917,833860,4683558,0.37432658672332764
23918,833860,76956,0.3743129074573517
23919,833860,8069062,0.37430334091186523
23920,833860,842061,0.37428757548332214
23921,833860,4057468,0.374263733625412
23922,833860,7832552,0.3741825819015503
23923,833860,1429269,0.3741030991077423
23924,833860,6972095,0.37409430742263794
23925,833860,7904417,0.3740495443344116
23926,833860,3991303,0.3740140199661255
23927,833860,2990817,0.3739296793937683
23928,833860,4858618,0.3739146292209625
23929,833860,2198129,0.373839795589447
23930,833860,557585,0.3737921714782715
23931,833860,7153355,0.373760461807251
23932,833860,5442142,0.3736250698566437
23933,833860,8389082,0.37362000346183777
23934,833860,1026570,0.37358373403549194
23935,833860,6865964,0.37356704473495483
23936,833860,6083486,0.3735426068305969
23937,833860,1460913,0.3734757602214813
23938,833860,3179631,0.3734283745288849
23939,833860,3162226,0.3733615577220917
23940,833860,8735298,0.3733583688735962
23941,833860,1290168,0.37329041957855225
23942,833860,4544262,0.37328633666038513
23943,833860,6209972,0.37328606843948364
23944,833860,3400731,0.37325310707092285
23945,833860,3643317,0.3732469081878662
23946,833860,1726615,0.37318867444992065
23947,833860,4903933,0.37316781282424927
23948,833860,7979729,0.37312644720077515
23949,833860,4544259,0.3730882406234741
23950,833860,3699131,0.3730767071247101
23951,833860,2669930,0.3730619251728058
23952,833860,3337871,0.3730190098285675
23953,833860,4733809,0.3729245662689209
23954,833860,7550338,0.3728976249694824
23955,833860,2509174,0.37286603450775146
23956,833860,2084945,0.3728180527687073
23957,833860,7647529,0.3727859854698181
23958,833860,4974167,0.37272921204566956
23959,833860,3694585,0.3727109432220459
23960,833860,6218041,0.3727056682109833
23961,833860,6943599,0.37270188331604004
23962,833860,8488559,0.37270045280456543
23963,833860,4739724,0.37267249822616577
23964,833860,2041029,0.37266209721565247
23965,833860,4735898,0.3726423978805542
23966,833860,7153349,0.37251317501068115
23967,833860,1900582,0.37247687578201294
23968,833860,7035185,0.37246599793434143
23969,833860,6884435,0.37245121598243713
23970,833860,7647530,0.3723551630973816
23971,833860,7621774,0.37234020233154297
23972,833860,1804616,0.3723377585411072
23973,833860,4321712,0.3723105192184448
23974,833860,3928420,0.37226778268814087
23975,833860,5317768,0.37225157022476196
23976,833860,3607948,0.37223291397094727
23977,833860,5231340,0.37220001220703125
23978,833860,4336182,0.3721894323825836
23979,833860,4849016,0.3721752464771271
23980,833860,7543970,0.3721691370010376
23981,833860,5362253,0.37214356660842896
23982,833860,8735299,0.37210726737976074
23983,833860,4627980,0.3720953166484833
23984,833860,5273639,0.3720898926258087
23985,833860,6521935,0.3720870316028595
23986,833860,4650030,0.3720287084579468
23987,833860,2548540,0.3719506859779358
23988,833860,893276,0.37180495262145996
23989,833860,1115957,0.3715983033180237
23990,833860,5200871,0.3715842068195343
23991,833860,5811876,0.37154915928840637
23992,833860,4743800,0.37152114510536194
23993,833860,6665400,0.37144267559051514
23994,833860,4542051,0.3713850975036621
23995,833860,2989691,0.3713810443878174
23996,833860,1900578,0.3713802695274353
23997,833860,517908,0.3713788390159607
23998,833860,3931419,0.37137097120285034
23999,833860,4314226,0.37136685848236084
24000,855410,8651770,0.6460568904876709
24001,855410,8651771,0.5425970554351807
24002,855410,8651775,0.4861714243888855
24003,855410,2890365,0.45769229531288147
24004,855410,6970949,0.45647183060646057
24005,855410,8651778,0.4483965039253235
24006,855410,686095,0.4477722644805908
24007,855410,3007434,0.4379119277000427
24008,855410,2575657,0.4364335536956787
24009,855410,2575655,0.4316175580024719
24010,855410,3007430,0.42991840839385986
24011,855410,7380061,0.4277757704257965
24012,855410,1974767,0.42620134353637695
24013,855410,6537177,0.4218660295009613
24014,855410,5232592,0.41851329803466797
24015,855410,652090,0.41760268807411194
24016,855410,7614563,0.4164324104785919
24017,855410,4244961,0.4152604341506958
24018,855410,6920520,0.4137862026691437
24019,855410,3544519,0.4126181900501251
24020,855410,2575661,0.4103742837905884
24021,855410,2881671,0.4094001054763794
24022,855410,594981,0.4091556668281555
24023,855410,2678186,0.4089878797531128
24024,855410,1802322,0.4075104594230652
24025,855410,6423018,0.4066866338253021
24026,855410,509318,0.4066544771194458
24027,855410,6956033,0.4063788652420044
24028,855410,8730747,0.4054413437843323
24029,855410,8463892,0.4047093093395233
24030,855410,7219067,0.40436968207359314
24031,855410,7499842,0.404055118560791
24032,855410,3252345,0.403952419757843
24033,855410,719383,0.40384459495544434
24034,855410,715605,0.4035777747631073
24035,855410,575338,0.4034316837787628
24036,855410,1559230,0.4031140208244324
24037,855410,1974761,0.4030342996120453
24038,855410,1182753,0.40290480852127075
24039,855410,8411791,0.4028858542442322
24040,855410,6686455,0.4028303325176239
24041,855410,389025,0.4027111828327179
24042,855410,7943622,0.40253931283950806
24043,855410,3899594,0.4023088812828064
24044,855410,274386,0.40083587169647217
24045,855410,4494417,0.4007760286331177
24046,855410,1756228,0.40003469586372375
24047,855410,1092556,0.3996681571006775
24048,855410,1485709,0.3995382785797119
24049,855410,1834999,0.3992614150047302
24050,855410,594982,0.3987758159637451
24051,855410,5087223,0.3982206881046295
24052,855410,2868498,0.39813825488090515
24053,855410,7060644,0.39799654483795166
24054,855410,1480267,0.3976384997367859
24055,855410,1400308,0.39750346541404724
24056,855410,2529057,0.39739251136779785
24057,855410,7055257,0.397246390581131
24058,855410,3665275,0.3969571590423584
24059,855410,3055128,0.3968433737754822
24060,855410,3946732,0.39680641889572144
24061,855410,2265019,0.3965798020362854
24062,855410,872043,0.39652585983276367
24063,855410,5961242,0.3962896168231964
24064,855410,6445039,0.3962239623069763
24065,855410,1006708,0.3959777355194092
24066,855410,885140,0.39586031436920166
24067,855410,3007432,0.3957379460334778
24068,855410,7322614,0.39562734961509705
24069,855410,5257273,0.39524132013320923
24070,855410,3665274,0.39512011408805847
24071,855410,2575659,0.3939809501171112
24072,855410,8543392,0.3936040699481964
24073,855410,6508439,0.39276647567749023
24074,855410,8596531,0.3925957679748535
24075,855410,1974759,0.3925941288471222
24076,855410,2414288,0.3924213647842407
24077,855410,2101187,0.3924136757850647
24078,855410,8148670,0.392336905002594
24079,855410,8651773,0.39126700162887573
24080,855410,3053715,0.39084988832473755
24081,855410,6270179,0.39082401990890503
24082,855410,6790860,0.39074474573135376
24083,855410,1786933,0.3905086815357208
24084,855410,6797928,0.390438437461853
24085,855410,2012544,0.3903336524963379
24086,855410,4915309,0.3901975154876709
24087,855410,6537176,0.3901798725128174
24088,855410,4975453,0.3900965452194214
24089,855410,1802320,0.39003434777259827
24090,855410,1257027,0.3898327946662903
24091,855410,557359,0.3892982602119446
24092,855410,5581452,0.3890877366065979
24093,855410,5636500,0.3888773024082184
24094,855410,585831,0.38881611824035645
24095,855410,1616268,0.38871505856513977
24096,855410,1539053,0.38854461908340454
24097,855410,3583243,0.38830119371414185
24098,855410,594054,0.3882681429386139
24099,855410,6596050,0.3881434202194214
24100,855410,4847376,0.38813352584838867
24101,855410,3115718,0.38806265592575073
24102,855410,2673781,0.3877355754375458
24103,855410,2220936,0.3875977694988251
24104,855410,1252904,0.38740959763526917
24105,855410,2332816,0.3873298168182373
24106,855410,1026466,0.387317031621933
24107,855410,459519,0.38717660307884216
24108,855410,6792307,0.3870318531990051
24109,855410,878738,0.38673722743988037
24110,855410,4276302,0.386712908744812
24111,855410,3983233,0.38670897483825684
24112,855410,6270180,0.38663578033447266
24113,855410,8558320,0.38661640882492065
24114,855410,8479055,0.38659054040908813
24115,855410,406952,0.38639119267463684
24116,855410,2718178,0.3860938549041748
24117,855410,6270186,0.3860900402069092
24118,855410,4920883,0.38607028126716614
24119,855410,6583580,0.3859673738479614
24120,855410,585832,0.38585197925567627
24121,855410,2101183,0.38579630851745605
24122,855410,1964995,0.3855922222137451
24123,855410,5289785,0.38528984785079956
24124,855410,7179849,0.3851269483566284
24125,855410,7785527,0.385103702545166
24126,855410,5859252,0.3848326802253723
24127,855410,7644594,0.3847270607948303
24128,855410,3929602,0.3846915364265442
24129,855410,1539060,0.38461703062057495
24130,855410,2992924,0.38453948497772217
24131,855410,3048129,0.3843547999858856
24132,855410,2631878,0.38427552580833435
24133,855410,4467439,0.3842501640319824
24134,855410,2835235,0.3838352560997009
24135,855410,1164916,0.38372552394866943
24136,855410,1539052,0.38313883543014526
24137,855410,6807740,0.3830496668815613
24138,855410,3730939,0.38300621509552
24139,855410,841756,0.38288354873657227
24140,855410,370266,0.3827916383743286
24141,855410,6807738,0.382565438747406
24142,855410,2491892,0.3823562264442444
24143,855410,2090842,0.3821304142475128
24144,855410,3618948,0.3821008801460266
24145,855410,6360768,0.3818154036998749
24146,855410,3115720,0.38166046142578125
24147,855410,2273237,0.38150763511657715
24148,855410,1539424,0.3813014030456543
24149,855410,2594957,0.3811870515346527
24150,855410,1964992,0.38105735182762146
24151,855410,4279864,0.3803808093070984
24152,855410,1863886,0.38031691312789917
24153,855410,1026462,0.3802304267883301
24154,855410,5751790,0.3799353539943695
24155,855410,4554617,0.37993142008781433
24156,855410,5640077,0.3796902894973755
24157,855410,2395820,0.3796268403530121
24158,855410,3544517,0.3794831335544586
24159,855410,6715617,0.3793608546257019
24160,855410,2631872,0.3792765736579895
24161,855410,1670812,0.3792378306388855
24162,855410,2223090,0.37917542457580566
24163,855410,5941720,0.3789253830909729
24164,855410,1566448,0.37869006395339966
24165,855410,4708045,0.37851858139038086
24166,855410,1818301,0.3783092498779297
24167,855410,6270187,0.3781290054321289
24168,855410,5443320,0.3781021237373352
24169,855410,459523,0.3779354691505432
24170,855410,3259382,0.37790292501449585
24171,855410,718800,0.3776859641075134
24172,855410,6270181,0.3776480555534363
24173,855410,1616269,0.3775896430015564
24174,855410,7676571,0.37746867537498474
24175,855410,2868496,0.3770700991153717
24176,855410,8597833,0.3770430088043213
24177,855410,8372640,0.37698543071746826
24178,855410,493379,0.37691745162010193
24179,855410,370267,0.3768494427204132
24180,855410,5482309,0.376748263835907
24181,855410,3048130,0.3767277002334595
24182,855410,648186,0.3767259120941162
24183,855410,1198059,0.37643104791641235
24184,855410,406943,0.3764137625694275
24185,855410,18391,0.3762776255607605
24186,855410,3594383,0.37623268365859985
24187,855410,4731644,0.37619537115097046
24188,855410,6739332,0.37607496976852417
24189,855410,1713627,0.37570643424987793
24190,855410,1964999,0.37557467818260193
24191,855410,6337307,0.37552952766418457
24192,855410,1802315,0.3754057288169861
24193,855410,5588057,0.37534767389297485
24194,855410,1040063,0.37532901763916016
24195,855410,8479054,0.37518835067749023
24196,855410,3430066,0.3750426173210144
24197,855410,5799506,0.3749358654022217
24198,855410,2228665,0.3749208450317383
24199,855410,4527107,0.3749105632305145
24200,855410,485682,0.3747970461845398
24201,855410,1265440,0.37471503019332886
24202,855410,1388261,0.37453144788742065
24203,855410,4276299,0.37435656785964966
24204,855410,4369753,0.3743438124656677
24205,855410,1601073,0.37422314286231995
24206,855410,1400307,0.37420201301574707
24207,855410,6734373,0.37408196926116943
24208,855410,1538162,0.37406492233276367
24209,855410,900616,0.3739953339099884
24210,855410,4428957,0.3739461898803711
24211,855410,750125,0.3736603260040283
24212,855410,1294594,0.373630166053772
24213,855410,6347125,0.3735375702381134
24214,855410,7070006,0.37352728843688965
24215,855410,2799332,0.3734394311904907
24216,855410,1539061,0.3734240233898163
24217,855410,5221966,0.3733938932418823
24218,855410,779210,0.37324970960617065
24219,855410,8451106,0.3732396066188812
24220,855410,8157623,0.3731488287448883
24221,855410,8452072,0.3730553388595581
24222,855410,8597837,0.372927725315094
24223,855410,8452081,0.3729201555252075
24224,855410,7559266,0.37288016080856323
24225,855410,4554615,0.3728013336658478
24226,855410,750127,0.3724132776260376
24227,855410,3771404,0.3723791837692261
24228,855410,7548531,0.372117280960083
24229,855410,215037,0.3719909191131592
24230,855410,6934653,0.37193477153778076
24231,855410,3665273,0.37185370922088623
24232,855410,2881672,0.3718132972717285
24233,855410,5933457,0.3716934323310852
24234,855410,3265802,0.3715304732322693
24235,855410,6199735,0.37121331691741943
24236,855410,7548532,0.37117788195610046
24237,855410,2913559,0.37115418910980225
24238,855410,663715,0.37094780802726746
24239,855410,6192494,0.37092289328575134
24240,855410,8458402,0.3708711266517639
24241,855410,2642948,0.3707767128944397
24242,855410,4144611,0.3707350790500641
24243,855410,2314534,0.3707275986671448
24244,855410,7548535,0.3706728219985962
24245,855410,6619386,0.37063196301460266
24246,855410,2656693,0.3706108033657074
24247,855410,506372,0.37059736251831055
24248,855410,2421237,0.3705329895019531
24249,855410,1713624,0.3704749047756195
24250,855410,6387863,0.3701956272125244
24251,855410,8651772,0.37015753984451294
24252,855410,2141761,0.37003809213638306
24253,855410,2141760,0.37001603841781616
24254,855410,4207651,0.36999017000198364
24255,855410,6199738,0.3698253631591797
24256,855410,2880056,0.36980140209198
24257,855410,7084232,0.3697553277015686
24258,855410,575342,0.3697246313095093
24259,855410,1519200,0.3697121739387512
24260,855410,8595635,0.36962634325027466
24261,855410,2642943,0.36962297558784485
24262,855410,2835236,0.3696129322052002
24263,855410,7140058,0.3694969415664673
24264,855410,2051887,0.3694685101509094
24265,855410,779211,0.36930620670318604
24266,855410,1388254,0.36920392513275146
24267,855410,1974766,0.36920371651649475
24268,855410,3217316,0.368491530418396
24269,855410,3319330,0.3681386709213257
24270,855410,6797992,0.36811572313308716
24271,855410,7219461,0.3680828809738159
24272,855410,6347127,0.3680550456047058
24273,855410,219615,0.3679870069026947
24274,855410,779213,0.3679216504096985
24275,855410,8331435,0.367822527885437
24276,855410,1713625,0.36776092648506165
24277,855410,6292204,0.36766088008880615
24278,855410,3129319,0.3676171898841858
24279,855410,3259073,0.3675159215927124
24280,855410,6078851,0.3674158751964569
24281,855410,6934648,0.3673931062221527
24282,855410,6060400,0.36729928851127625
24283,855410,6919976,0.36723029613494873
24284,855410,1626549,0.3672126531600952
24285,855410,1369898,0.36704567074775696
24286,855410,3204265,0.36683323979377747
24287,855410,2273232,0.3668040931224823
24288,855410,521851,0.36676350235939026
24289,855410,5577267,0.3667541444301605
24290,855410,5444635,0.3665825128555298
24291,855410,7565587,0.366376131772995
24292,855410,2228659,0.3662981390953064
24293,855410,6853796,0.36612898111343384
24294,855410,2881968,0.36604785919189453
24295,855410,6832968,0.365858256816864
24296,855410,8604377,0.36580103635787964
24297,855410,7219453,0.36578428745269775
24298,855410,2555833,0.3657788038253784
24299,855410,4000175,0.3656329810619354
24300,855410,493376,0.3656020164489746
24301,855410,2228660,0.3655116558074951
24302,855410,6168038,0.36547887325286865
24303,855410,6830560,0.3654692769050598
24304,855410,542726,0.36542800068855286
24305,855410,5751793,0.36529064178466797
24306,855410,1092562,0.36517006158828735
24307,855410,1536633,0.3650681972503662
24308,855410,7952128,0.36501243710517883
24309,855410,850610,0.36498934030532837
24310,855410,2248442,0.3649362325668335
24311,855410,4328224,0.36492860317230225
24312,855410,7322615,0.36481720209121704
24313,855410,2642942,0.36475619673728943
24314,855410,7353920,0.3647554814815521
24315,855410,4777304,0.3647134304046631
24316,855410,3993005,0.36463841795921326
24317,855410,2329006,0.364596426486969
24318,855410,3583244,0.364520400762558
24319,855410,2112792,0.3644181489944458
24320,855410,2519125,0.36440643668174744
24321,855410,2912346,0.3643760085105896
24322,855410,19695,0.36426764726638794
24323,855410,2265022,0.3642367720603943
24324,855410,5380302,0.3641861379146576
24325,855410,3011950,0.3640700876712799
24326,855410,7140053,0.36400097608566284
24327,855410,1845553,0.3639371395111084
24328,855410,6168035,0.3639240860939026
24329,855410,3007431,0.3638695478439331
24330,855410,4698702,0.36385971307754517
24331,855410,1985597,0.3637775778770447
24332,855410,5446650,0.36375951766967773
24333,855410,1369591,0.363605260848999
24334,855410,5855322,0.3634830117225647
24335,855410,4424026,0.36330392956733704
24336,855410,750133,0.36326465010643005
24337,855410,2405431,0.3632434606552124
24338,855410,889438,0.363126665353775
24339,855410,3286354,0.36312592029571533
24340,855410,6245976,0.3631225824356079
24341,855410,6399937,0.36302998661994934
24342,855410,6912265,0.36302465200424194
24343,855410,6338553,0.3629251718521118
24344,855410,8157632,0.3628177344799042
24345,855410,2575654,0.362812340259552
24346,855410,1041235,0.36281079053878784
24347,855410,2026641,0.3627437353134155
24348,855410,827025,0.3627035617828369
24349,855410,1089320,0.3626307249069214
24350,855410,2340190,0.3625757396221161
24351,855410,8275744,0.3624539375305176
24352,855410,850604,0.3623233437538147
24353,855410,936548,0.36229193210601807
24354,855410,4085310,0.3622289001941681
24355,855410,215033,0.3621695935726166
24356,855410,971336,0.3621496260166168
24357,855410,2355821,0.362136572599411
24358,855410,4847378,0.36207860708236694
24359,855410,8463887,0.3619515299797058
24360,855410,3131123,0.3617922365665436
24361,855410,3551831,0.36177879571914673
24362,855410,6108131,0.3615099787712097
24363,855410,1150785,0.361505925655365
24364,855410,7328709,0.3614192008972168
24365,855410,8105360,0.3613293170928955
24366,855410,1582754,0.3613229990005493
24367,855410,4487488,0.36130496859550476
24368,855410,349019,0.3612685203552246
24369,855410,7171315,0.36116379499435425
24370,855410,6796047,0.36115527153015137
24371,855410,4549471,0.3611437976360321
24372,855410,477483,0.3610988259315491
24373,855410,3877174,0.36109018325805664
24374,855410,1802319,0.3610687255859375
24375,855410,663714,0.3610171675682068
24376,855410,6447488,0.3610145151615143
24377,855410,3224461,0.36100682616233826
24378,855410,6644249,0.3609902858734131
24379,855410,2932166,0.36086389422416687
24380,855410,2420160,0.36085885763168335
24381,855410,3254150,0.36075329780578613
24382,855410,1721914,0.36073243618011475
24383,855410,7691517,0.3605092167854309
24384,855410,8572529,0.36042311787605286
24385,855410,2299782,0.360417902469635
24386,855410,4997498,0.360414981842041
24387,855410,4968470,0.36035820841789246
24388,855410,1835000,0.3601757287979126
24389,855410,5218892,0.36010539531707764
24390,855410,3974176,0.3600955009460449
24391,855410,3618236,0.36008596420288086
24392,855410,541091,0.36005181074142456
24393,855410,4756048,0.35993435978889465
24394,855410,571138,0.35981863737106323
24395,855410,1820793,0.3595225214958191
24396,855410,1395901,0.35951924324035645
24397,855410,978804,0.3594726324081421
24398,855410,8027527,0.359432190656662
24399,855410,1304419,0.35940176248550415
24400,855410,1823064,0.3593920171260834
24401,855410,5036420,0.3592756986618042
24402,855410,485318,0.3592343330383301
24403,855410,5036423,0.3591732382774353
24404,855410,594050,0.3591187596321106
24405,855410,3928491,0.35909566283226013
24406,855410,5927786,0.3590238392353058
24407,855410,4781073,0.3588677644729614
24408,855410,1593178,0.35884523391723633
24409,855410,1949817,0.3588189482688904
24410,855410,5991375,0.3586568236351013
24411,855410,363528,0.3585054278373718
24412,855410,1539057,0.35839277505874634
24413,855410,217349,0.35836681723594666
24414,855410,6722477,0.3583095371723175
24415,855410,1348691,0.3582034707069397
24416,855410,2273234,0.35811641812324524
24417,855410,4562580,0.3580963611602783
24418,855410,1619311,0.358008474111557
24419,855410,6135268,0.3578236699104309
24420,855410,406950,0.3578161597251892
24421,855410,3103196,0.35779792070388794
24422,855410,6078849,0.35778114199638367
24423,855410,3518560,0.35768964886665344
24424,855410,1756227,0.35768651962280273
24425,855410,6225863,0.3575044274330139
24426,855410,5562747,0.3574677109718323
24427,855410,7225358,0.3573234975337982
24428,855410,6245977,0.3573090434074402
24429,855410,3825588,0.35714203119277954
24430,855410,5460640,0.35712897777557373
24431,855410,1834998,0.3570842742919922
24432,855410,4694689,0.35704654455184937
24433,855410,2519122,0.357043594121933
24434,855410,1963134,0.3568955659866333
24435,855410,1539054,0.35688281059265137
24436,855410,4276293,0.3568521738052368
24437,855410,4129682,0.3568184971809387
24438,855410,6695504,0.3567101061344147
24439,855410,3225841,0.3566972315311432
24440,855410,6941444,0.3566557466983795
24441,855410,2805550,0.356619656085968
24442,855410,6254358,0.3566164970397949
24443,855410,2097160,0.35660839080810547
24444,855410,1968238,0.35654416680336
24445,855410,620079,0.35653024911880493
24446,855410,3552264,0.35651469230651855
24447,855410,4452951,0.35651084780693054
24448,855410,7166314,0.3563814163208008
24449,855410,3544518,0.3562133312225342
24450,855410,7822342,0.3561728000640869
24451,855410,4428955,0.35616210103034973
24452,855410,4884421,0.356143057346344
24453,855410,5585846,0.35613739490509033
24454,855410,1128467,0.35611116886138916
24455,855410,1802321,0.35609203577041626
24456,855410,767182,0.35607674717903137
24457,855410,3314952,0.35604315996170044
24458,855410,1274774,0.35600265860557556
24459,855410,389388,0.3559403121471405
24460,855410,8787644,0.35593247413635254
24461,855410,3576367,0.3557888865470886
24462,855410,4966305,0.35578468441963196
24463,855410,2289676,0.3557340204715729
24464,855410,4756049,0.35567811131477356
24465,855410,5485354,0.35565105080604553
24466,855410,7060646,0.3556289076805115
24467,855410,3455048,0.35559508204460144
24468,855410,8144201,0.35559141635894775
24469,855410,1616263,0.3555709719657898
24470,855410,669480,0.3555143177509308
24471,855410,3457249,0.3555073142051697
24472,855410,3712805,0.35549381375312805
24473,855410,2756936,0.3554404377937317
24474,855410,2671538,0.35543566942214966
24475,855410,6704393,0.35542991757392883
24476,855410,1820794,0.3554220497608185
24477,855410,1150793,0.35531309247016907
24478,855410,1324407,0.3552990257740021
24479,855410,8090130,0.35518234968185425
24480,855410,7022014,0.3550778925418854
24481,855410,6764328,0.355039119720459
24482,855410,1825209,0.3550136089324951
24483,855410,5190921,0.3549264669418335
24484,855410,8479053,0.35490554571151733
24485,855410,5751795,0.3548709750175476
24486,855410,2332821,0.35481905937194824
24487,855410,5485353,0.35481756925582886
24488,855410,2575653,0.35481032729148865
24489,855410,621482,0.3546936511993408
24490,855410,181974,0.35465675592422485
24491,855410,1377289,0.35464709997177124
24492,855410,4933495,0.35464560985565186
24493,855410,1675318,0.3545934557914734
24494,855410,1504614,0.35446697473526
24495,855410,1025515,0.35441356897354126
24496,855410,355232,0.3543945550918579
24497,855410,2671532,0.35438406467437744
24498,855410,2265369,0.3542420566082001
24499,855410,4726014,0.35420072078704834
24500,855410,4316257,0.3540334105491638
24501,855410,7328704,0.35402563214302063
24502,855410,5757274,0.354022741317749
24503,855410,7692787,0.35389238595962524
24504,855410,5087227,0.35388702154159546
24505,855410,2831887,0.3538704514503479
24506,855410,8105815,0.35386922955513
24507,855410,680476,0.3537949323654175
24508,855410,3583247,0.3537871241569519
24509,855410,8157631,0.3537778854370117
24510,855410,936552,0.3537455201148987
24511,855410,7486708,0.35371291637420654
24512,855410,6969336,0.35370808839797974
24513,855410,7110787,0.35367339849472046
24514,855410,1675319,0.35363006591796875
24515,855410,3318156,0.3535550832748413
24516,855410,619418,0.3535481095314026
24517,855410,5019863,0.3533252477645874
24518,855410,1150790,0.35331928730010986
24519,855410,8479052,0.35316717624664307
24520,855410,2054357,0.35314324498176575
24521,855410,7988955,0.35309022665023804
24522,855410,1555847,0.3530349135398865
24523,855410,4344500,0.3530104160308838
24524,855410,2954603,0.35298389196395874
24525,855410,6143440,0.3529214859008789
24526,855410,2289674,0.35288628935813904
24527,855410,7566110,0.35283762216567993
24528,855410,7237464,0.35282692313194275
24529,855410,2754125,0.35281243920326233
24530,855410,4328228,0.3527432382106781
24531,855410,7037788,0.3526729345321655
24532,855410,2519119,0.35267260670661926
24533,855410,1568334,0.35267236828804016
24534,855410,4170498,0.35265249013900757
24535,855410,348373,0.3525979518890381
24536,855410,5194558,0.3525503873825073
24537,855410,1295507,0.35244542360305786
24538,855410,3430068,0.3522743284702301
24539,855410,575272,0.3522680401802063
24540,855410,5941722,0.35226351022720337
24541,855410,1395869,0.3522215187549591
24542,855410,5779156,0.3522055149078369
24543,855410,2106350,0.3521807789802551
24544,855410,3928492,0.35217300057411194
24545,855410,7596848,0.35215967893600464
24546,855410,8105810,0.3520669639110565
24547,855410,6722475,0.3519829511642456
24548,855410,2939829,0.35196083784103394
24549,855410,2135014,0.35186687111854553
24550,855410,2899436,0.35181960463523865
24551,855410,2273664,0.35180702805519104
24552,855410,3884560,0.351680189371109
24553,855410,1524182,0.35159534215927124
24554,855410,8816699,0.35150346159935
24555,855410,2959992,0.35148629546165466
24556,855410,7499846,0.35145998001098633
24557,855410,4912247,0.3513653576374054
24558,855410,6385718,0.3513592481613159
24559,855410,6306404,0.3513360321521759
24560,855410,2208664,0.3512442111968994
24561,855410,971335,0.35122841596603394
24562,855410,6545774,0.35120338201522827
24563,855410,7063117,0.3510153889656067
24564,855410,1619313,0.35098299384117126
24565,855410,5940976,0.35092729330062866
24566,855410,7246213,0.3509272336959839
24567,855410,2405435,0.35091936588287354
24568,855410,8711526,0.35082948207855225
24569,855410,6692614,0.35080933570861816
24570,855410,6387864,0.3507365584373474
24571,855410,179007,0.35072627663612366
24572,855410,992162,0.3506823182106018
24573,855410,1200405,0.35062795877456665
24574,855410,5577269,0.35054653882980347
24575,855410,1039848,0.35039931535720825
24576,855410,1722237,0.35027334094047546
24577,855410,1721913,0.35023629665374756
24578,855410,347406,0.3502141833305359
24579,855410,8366851,0.3501429557800293
24580,855410,8838319,0.35006627440452576
24581,855410,3395167,0.3500611186027527
24582,855410,2979475,0.35003662109375
24583,855410,4846721,0.3499993681907654
24584,855410,6443007,0.3499675989151001
24585,855410,7104132,0.34991833567619324
24586,855410,8346132,0.3499146103858948
24587,855410,2187679,0.34987205266952515
24588,855410,6879748,0.3497438132762909
24589,855410,6844034,0.34974104166030884
24590,855410,5587249,0.3497352600097656
24591,855410,2698971,0.3496592044830322
24592,855410,7380068,0.34958457946777344
24593,855410,4170493,0.3495711088180542
24594,855410,3874835,0.3495640456676483
24595,855410,2631879,0.34952646493911743
24596,855410,3668883,0.34921908378601074
24597,855410,5370451,0.349212646484375
24598,855410,2575652,0.3491612672805786
24599,855410,4299471,0.34900447726249695
24600,855410,853505,0.3489781320095062
24601,855410,6254357,0.3489048480987549
24602,855410,6036108,0.3488946557044983
24603,855410,1264331,0.34874340891838074
24604,855410,7057412,0.34872132539749146
24605,855410,3395166,0.348707914352417
24606,855410,5379916,0.3486422300338745
24607,855410,1369589,0.34858396649360657
24608,855410,2529065,0.3485410213470459
24609,855410,7558984,0.34840676188468933
24610,855410,5890872,0.3483218550682068
24611,855410,6396774,0.348257452249527
24612,855410,459520,0.34824156761169434
24613,855410,3293022,0.348229318857193
24614,855410,3259380,0.34819260239601135
24615,855410,4892889,0.34817710518836975
24616,855410,3205902,0.34814295172691345
24617,855410,1178972,0.34811142086982727
24618,855410,936547,0.3480318784713745
24619,855410,6948457,0.3480226993560791
24620,855410,4698705,0.3480161726474762
24621,855410,2847994,0.34799426794052124
24622,855410,5274125,0.3479635715484619
24623,855410,2673952,0.34792613983154297
24624,855410,541082,0.3478986918926239
24625,855410,5706222,0.3478511869907379
24626,855410,5160216,0.3478476107120514
24627,855410,3741383,0.3478321433067322
24628,855410,7926715,0.34783121943473816
24629,855410,2880052,0.34778666496276855
24630,855410,6686450,0.3477192223072052
24631,855410,6347126,0.34767279028892517
24632,855410,1593174,0.34766361117362976
24633,855410,5192905,0.3475657105445862
24634,855410,8651776,0.34751051664352417
24635,855410,1349857,0.3474726378917694
24636,855410,5332675,0.34746482968330383
24637,855410,663717,0.3474355936050415
24638,855410,2569935,0.34742289781570435
24639,855410,1964996,0.3473891317844391
24640,855410,5779158,0.3473508954048157
24641,855410,5695757,0.34733468294143677
24642,855410,6442612,0.3473036289215088
24643,855410,6190065,0.34727710485458374
24644,855410,6689225,0.34725093841552734
24645,855410,5545314,0.3472191095352173
24646,855410,3877250,0.34717074036598206
24647,855410,806187,0.3471418023109436
24648,855410,4777309,0.34707963466644287
24649,855410,3319332,0.3470538854598999
24650,855410,7676568,0.347038209438324
24651,855410,1570840,0.34702882170677185
24652,855410,4953076,0.346996545791626
24653,855410,3043647,0.3469208776950836
24654,855410,8516342,0.3468765616416931
24655,855410,3406276,0.34683334827423096
24656,855410,8091025,0.34679076075553894
24657,855410,5980107,0.3467223048210144
24658,855410,5890873,0.3466396629810333
24659,855410,8018573,0.34656888246536255
24660,855410,5111383,0.34656867384910583
24661,855410,4694684,0.3465656638145447
24662,855410,4542988,0.3465399146080017
24663,855410,7817086,0.34652718901634216
24664,855410,2631876,0.3465217649936676
24665,855410,1294598,0.3464941680431366
24666,855410,5933460,0.34649157524108887
24667,855410,1472165,0.34643566608428955
24668,855410,1859744,0.34638652205467224
24669,855410,1250353,0.34638267755508423
24670,855410,4456168,0.34637004137039185
24671,855410,8724962,0.34635329246520996
24672,855410,5476384,0.34632691740989685
24673,855410,8604371,0.3463268280029297
24674,855410,5100070,0.34628257155418396
24675,855410,5434519,0.3462664484977722
24676,855410,6270185,0.34623876214027405
24677,855410,3206259,0.3462015688419342
24678,855410,7122910,0.34617990255355835
24679,855410,3423661,0.3461589515209198
24680,855410,2395812,0.3461317718029022
24681,855410,621485,0.3460231423377991
24682,855410,1020,0.3459973931312561
24683,855410,3463428,0.34594911336898804
24684,855410,6750135,0.34594106674194336
24685,855410,5321528,0.3459341824054718
24686,855410,8543394,0.34587904810905457
24687,855410,7566109,0.3458074927330017
24688,855410,7637993,0.3458050489425659
24689,855410,4176338,0.3457795977592468
24690,855410,3499448,0.3457534909248352
24691,855410,8163524,0.3457469642162323
24692,855410,5961241,0.34574413299560547
24693,855410,2077072,0.34569424390792847
24694,855410,3218875,0.3456742465496063
24695,855410,6773738,0.3456130027770996
24696,855410,1240220,0.3456014394760132
24697,855410,4415973,0.34558817744255066
24698,855410,5961245,0.34557053446769714
24699,855410,3455991,0.34556496143341064
24700,855410,5179165,0.345564067363739
24701,855410,3265805,0.34551137685775757
24702,855410,5941719,0.34547919034957886
24703,855410,489659,0.3454577326774597
24704,855410,2618918,0.34545189142227173
24705,855410,6199257,0.3454315662384033
24706,855410,5997327,0.34541523456573486
24707,855410,2005176,0.3454100787639618
24708,855410,3314957,0.3453848361968994
24709,855410,2599674,0.3453679382801056
24710,855410,3129321,0.34534406661987305
24711,855410,6912267,0.3453247547149658
24712,855410,8495184,0.34529730677604675
24713,855410,3558491,0.34527215361595154
24714,855410,19688,0.3452625274658203
24715,855410,2881965,0.3452211916446686
24716,855410,6378935,0.34516021609306335
24717,855410,7757222,0.3451390266418457
24718,855410,1610002,0.34512805938720703
24719,855410,5249614,0.34497109055519104
24720,855410,5964281,0.34494709968566895
24721,855410,5799504,0.3449442982673645
24722,855410,6999542,0.3449314832687378
24723,855410,3613378,0.3447113335132599
24724,855410,7905345,0.34467023611068726
24725,855410,1200408,0.3446023166179657
24726,855410,485317,0.34457725286483765
24727,855410,2912341,0.34455376863479614
24728,855410,1475039,0.3445495367050171
24729,855410,7816967,0.3444773852825165
24730,855410,2465714,0.3444598317146301
24731,855410,3976306,0.34444403648376465
24732,855410,6796042,0.3444140553474426
24733,855410,8109889,0.3442332446575165
24734,855410,5476379,0.34422510862350464
24735,855410,6295564,0.34421506524086
24736,855410,7606150,0.3442118763923645
24737,855410,1825205,0.34408798813819885
24738,855410,794128,0.3440662622451782
24739,855410,1859749,0.34405073523521423
24740,855410,1531309,0.34393131732940674
24741,855410,8005716,0.34378618001937866
24742,855410,6948456,0.34375330805778503
24743,855410,6199742,0.34368327260017395
24744,855410,1265640,0.34362709522247314
24745,855410,7221989,0.3435794711112976
24746,855410,3251244,0.34356236457824707
24747,855410,2576284,0.3435542583465576
24748,855410,7059502,0.34353742003440857
24749,855410,7170462,0.34351351857185364
24750,855410,3586447,0.3435054421424866
24751,855410,1689763,0.34349700808525085
24752,855410,1493217,0.3434479236602783
24753,855410,3823261,0.3434125781059265
24754,855410,6270511,0.34340447187423706
24755,855410,1834996,0.34339481592178345
24756,855410,7084235,0.343389093875885
24757,855410,2273240,0.34328553080558777
24758,855410,8346137,0.3432808220386505
24759,855410,1975146,0.3432750999927521
24760,855410,347403,0.34315308928489685
24761,855410,5961239,0.3431159555912018
24762,855410,4508523,0.34311550855636597
24763,855410,8242814,0.3430996239185333
24764,855410,339066,0.34308093786239624
24765,855410,6190066,0.34306612610816956
24766,855410,400109,0.34305980801582336
24767,855410,2898198,0.3430579900741577
24768,855410,852134,0.3430323600769043
24769,855410,207247,0.3429836630821228
24770,855410,7490600,0.3429458737373352
24771,855410,2572853,0.34293651580810547
24772,855410,4032695,0.34291452169418335
24773,855410,7931683,0.342911034822464
24774,855410,6996362,0.34290972352027893
24775,855410,3741147,0.34290385246276855
24776,855410,3893032,0.34288281202316284
24777,855410,2854128,0.3428231477737427
24778,855410,4247382,0.3427768647670746
24779,855410,4892892,0.3426699936389923
24780,855410,3429076,0.3425843119621277
24781,855410,648190,0.34258124232292175
24782,855410,2599670,0.3425135612487793
24783,855410,188720,0.3425109386444092
24784,855410,8400364,0.3424949049949646
24785,855410,5964283,0.3424938917160034
24786,855410,2299781,0.3424566984176636
24787,855410,6678780,0.3424450755119324
24788,855410,1568336,0.34244251251220703
24789,855410,2534154,0.3424196243286133
24790,855410,2599676,0.34241485595703125
24791,855410,7061512,0.3424108028411865
24792,855410,2954608,0.342293381690979
24793,855410,936549,0.3421444892883301
24794,855410,4176332,0.34212997555732727
24795,855410,2606726,0.34212371706962585
24796,855410,1802382,0.3421224355697632
24797,855410,1821211,0.342093825340271
24798,855410,5458115,0.3420848250389099
24799,855410,4583865,0.34206706285476685
24800,855410,1808033,0.34205543994903564
24801,855410,8267057,0.3419736623764038
24802,855410,5095923,0.34197208285331726
24803,855410,3686172,0.3419693112373352
24804,855410,2587433,0.34190207719802856
24805,855410,2939470,0.34181079268455505
24806,855410,5805455,0.341778039932251
24807,855410,389026,0.3417554497718811
24808,855410,6644245,0.3417409658432007
24809,855410,6537182,0.34173768758773804
24810,855410,2476654,0.34168654680252075
24811,855410,5316252,0.34166228771209717
24812,855410,5514626,0.34164556860923767
24813,855410,6861375,0.3416134715080261
24814,855410,3313614,0.3415994644165039
24815,855410,806188,0.34157493710517883
24816,855410,3303919,0.34153813123703003
24817,855410,6385724,0.34153175354003906
24818,855410,5277022,0.3415081799030304
24819,855410,8386042,0.3414277136325836
24820,855410,3204268,0.3414234519004822
24821,855410,7427245,0.3414115905761719
24822,855410,7559264,0.3414038121700287
24823,855410,3586444,0.34128275513648987
24824,855410,3499446,0.3412705659866333
24825,855410,163027,0.34119975566864014
24826,855410,6970941,0.3411940038204193
24827,855410,2631880,0.3411765396595001
24828,855410,8271574,0.34116190671920776
24829,855410,4554620,0.34116023778915405
24830,855410,5964279,0.34113970398902893
24831,855410,3344001,0.3411293625831604
24832,855410,2206683,0.34111934900283813
24833,855410,2554727,0.3410167694091797
24834,855410,8390031,0.34098219871520996
24835,855410,1369587,0.34098076820373535
24836,855410,4862652,0.3409324884414673
24837,855410,2848938,0.3408236503601074
24838,855410,4388456,0.3407761752605438
24839,855410,1465069,0.3407437205314636
24840,855410,3551694,0.34071606397628784
24841,855410,7190705,0.34070730209350586
24842,855410,6734377,0.34057778120040894
24843,855410,5212418,0.3405150771141052
24844,855410,806184,0.3405039608478546
24845,855410,1670808,0.3404950499534607
24846,855410,7212333,0.3404810428619385
24847,855410,1112777,0.3404804468154907
24848,855410,2465718,0.3404078781604767
24849,855410,1820790,0.3403666019439697
24850,855410,2135018,0.3402790427207947
24851,855410,6848433,0.3402770161628723
24852,855410,6941442,0.340267151594162
24853,855410,4144612,0.34026339650154114
24854,855410,4278107,0.34024733304977417
24855,855410,1040057,0.3402419984340668
24856,855410,3430065,0.3402104377746582
24857,855410,7029876,0.34020859003067017
24858,855410,7599025,0.34020838141441345
24859,855410,3268896,0.3401651382446289
24860,855410,3715788,0.34016382694244385
24861,855410,1324411,0.340132474899292
24862,855410,1273115,0.3401056230068207
24863,855410,8488752,0.34007489681243896
24864,855410,5437904,0.340058296918869
24865,855410,1190902,0.3400556445121765
24866,855410,7531288,0.34004467725753784
24867,855410,7460679,0.34001296758651733
24868,855410,2516283,0.3399991989135742
24869,855410,2268191,0.33999520540237427
24870,855410,6387857,0.3399094343185425
24871,855410,5321529,0.3398998975753784
24872,855410,7219447,0.339891642332077
24873,855410,1377342,0.3398444950580597
24874,855410,4388454,0.3397676944732666
24875,855410,8591663,0.3396810293197632
24876,855410,8695274,0.3396584689617157
24877,855410,6753315,0.33963584899902344
24878,855410,553326,0.339576780796051
24879,855410,951677,0.3395758271217346
24880,855410,7433396,0.33957043290138245
24881,855410,6245978,0.33947452902793884
24882,855410,7061067,0.3394734561443329
24883,855410,6132328,0.33947044610977173
24884,855410,1713623,0.3394579291343689
24885,855410,7430497,0.3394274115562439
24886,855410,5476380,0.33939266204833984
24887,855410,4246116,0.33938997983932495
24888,855410,4457166,0.3393622636795044
24889,855410,1789833,0.3393518328666687
24890,855410,8204727,0.3393397331237793
24891,855410,4239658,0.33927810192108154
24892,855410,24954,0.3392446041107178
24893,855410,5122876,0.3391738831996918
24894,855410,5238596,0.33904385566711426
24895,855410,8433977,0.3389894962310791
24896,855410,5961240,0.3389722406864166
24897,855410,594047,0.33895474672317505
24898,855410,1747527,0.3389342427253723
24899,855410,3874838,0.3389335572719574
24900,855410,6830564,0.3389056921005249
24901,855410,3586445,0.33884069323539734
24902,855410,6036107,0.3387826681137085
24903,855410,3135372,0.33873945474624634
24904,855410,5926069,0.33870214223861694
24905,855410,716354,0.3386387526988983
24906,855410,263328,0.33863091468811035
24907,855410,1593179,0.33862394094467163
24908,855410,3665276,0.3386216163635254
24909,855410,8433980,0.33861473202705383
24910,855410,8512965,0.3385653495788574
24911,855410,6174200,0.3385414481163025
24912,855410,5126236,0.3385258615016937
24913,855410,1353380,0.3385196328163147
24914,855410,2475350,0.3384426236152649
24915,855410,4604623,0.3384050726890564
24916,855410,188721,0.33839625120162964
24917,855410,1250356,0.3383932113647461
24918,855410,1863999,0.33838558197021484
24919,855410,7506787,0.3383161723613739
24920,855410,2936492,0.33823901414871216
24921,855410,856858,0.33823519945144653
24922,855410,3939572,0.33823269605636597
24923,855410,8816696,0.3382227420806885
24924,855410,4589309,0.3380999267101288
24925,855410,6126906,0.33809101581573486
24926,855410,7805851,0.33808544278144836
24927,855410,6266532,0.33807915449142456
24928,855410,7556021,0.3380783498287201
24929,855410,4708046,0.3380666971206665
24930,855410,3065996,0.3380611538887024
24931,855410,3303923,0.3380274176597595
24932,855410,769225,0.3380201756954193
24933,855410,4116992,0.338016152381897
24934,855410,1047907,0.33798834681510925
24935,855410,6341330,0.33797603845596313
24936,855410,4821605,0.33794552087783813
24937,855410,5756439,0.33789438009262085
24938,855410,7448751,0.3378862738609314
24939,855410,1253681,0.337848961353302
24940,855410,732839,0.33780309557914734
24941,855410,382166,0.3377677798271179
24942,855410,1653746,0.33774277567863464
24943,855410,3838058,0.33773332834243774
24944,855410,6270184,0.3377266526222229
24945,855410,2240409,0.3376624584197998
24946,855410,1489738,0.33763039112091064
24947,855410,3129325,0.33758828043937683
24948,855410,7672357,0.33757394552230835
24949,855410,3735119,0.3375071883201599
24950,855410,3065995,0.33749163150787354
24951,855410,7563214,0.33745288848876953
24952,855410,5255749,0.3373764753341675
24953,855410,1375720,0.33736515045166016
24954,855410,7478259,0.3373642563819885
24955,855410,8634693,0.33735331892967224
24956,855410,4598864,0.3373503088951111
24957,855410,6269956,0.33734819293022156
24958,855410,1387145,0.3372502326965332
24959,855410,1842894,0.33719271421432495
24960,855410,1756226,0.33716267347335815
24961,855410,6306518,0.3370818495750427
24962,855410,4109973,0.3370436429977417
24963,855410,1257030,0.33702635765075684
24964,855410,1539059,0.3370154798030853
24965,855410,8128056,0.33698856830596924
24966,855410,3009450,0.336960107088089
24967,855410,4241785,0.3369486331939697
24968,855410,3265806,0.3369342088699341
24969,855410,389032,0.33689016103744507
24970,855410,5539881,0.3368659019470215
24971,855410,382762,0.3368651568889618
24972,855410,5316246,0.33682024478912354
24973,855410,1375716,0.3367312550544739
24974,855410,1412499,0.336696594953537
24975,855410,4253173,0.33669260144233704
24976,855410,7190708,0.33668699860572815
24977,855410,4319704,0.33661964535713196
24978,855410,1227734,0.33656683564186096
24979,855410,6669929,0.33656585216522217
24980,855410,7057409,0.3365402817726135
24981,855410,212611,0.3365388512611389
24982,855410,7219068,0.33652985095977783
24983,855410,3786973,0.33651143312454224
24984,855410,3059985,0.3364955484867096
24985,855410,212607,0.33643192052841187
24986,855410,3060557,0.336401104927063
24987,855410,2261182,0.33639782667160034
24988,855410,4771164,0.3363555073738098
24989,855410,7473636,0.33634740114212036
24990,855410,6561928,0.3362778425216675
24991,855410,886374,0.33627447485923767
24992,855410,1262735,0.3362363576889038
24993,855410,7206757,0.33622321486473083
24994,855410,6068236,0.3362082242965698
24995,855410,3479671,0.33618980646133423
24996,855410,2329003,0.3361859619617462
24997,855410,3745707,0.33616578578948975
24998,855410,6946247,0.3361474871635437
24999,855410,3555307,0.3361389935016632
25000,915593,82107,0.8396603465080261
25001,915593,4566818,0.7928246259689331
25002,915593,8402972,0.783778965473175
25003,915593,3538160,0.777065098285675
25004,915593,82108,0.74042809009552
25005,915593,8402971,0.7181500196456909
25006,915593,3538159,0.7085546255111694
25007,915593,8402969,0.676726222038269
25008,915593,82105,0.6759647130966187
25009,915593,8002852,0.6757785081863403
25010,915593,8402970,0.6755218505859375
25011,915593,1396705,0.6722776293754578
25012,915593,8178996,0.6597764492034912
25013,915593,8029527,0.659650444984436
25014,915593,4566823,0.6544662117958069
25015,915593,1396702,0.6542813777923584
25016,915593,4566822,0.6504446268081665
25017,915593,6761344,0.6502934694290161
25018,915593,4566819,0.6467568278312683
25019,915593,8275207,0.6406824588775635
25020,915593,6761348,0.6402798891067505
25021,915593,6923054,0.6353130340576172
25022,915593,82113,0.6313542723655701
25023,915593,6923052,0.62925785779953
25024,915593,8455306,0.627363920211792
25025,915593,3538163,0.6268018484115601
25026,915593,8402974,0.6260632276535034
25027,915593,2210591,0.6219286918640137
25028,915593,2210596,0.6183590888977051
25029,915593,8103065,0.618025004863739
25030,915593,3143377,0.6140155792236328
25031,915593,8178998,0.6081085801124573
25032,915593,4834226,0.6077545881271362
25033,915593,7709320,0.6073319911956787
25034,915593,1396701,0.6072679758071899
25035,915593,8402973,0.6043268442153931
25036,915593,3538165,0.6039577722549438
25037,915593,8455304,0.6034260392189026
25038,915593,2210599,0.6015742421150208
25039,915593,2210593,0.600805401802063
25040,915593,4566816,0.6001348495483398
25041,915593,3573479,0.598099946975708
25042,915593,3991910,0.5936945676803589
25043,915593,3538164,0.5895709991455078
25044,915593,2210597,0.5871771574020386
25045,915593,8455301,0.5870211124420166
25046,915593,6546464,0.5853937864303589
25047,915593,7861751,0.5848437547683716
25048,915593,2210592,0.5834311246871948
25049,915593,2210595,0.5813965797424316
25050,915593,2210594,0.5798308253288269
25051,915593,4566815,0.5788172483444214
25052,915593,8029533,0.5768536925315857
25053,915593,1972028,0.5765873789787292
25054,915593,3930156,0.5735207200050354
25055,915593,6923050,0.571778416633606
25056,915593,3385971,0.5707778334617615
25057,915593,6761346,0.5698447227478027
25058,915593,8178999,0.5698212385177612
25059,915593,3538166,0.5690973997116089
25060,915593,1396707,0.56712806224823
25061,915593,2923501,0.565334677696228
25062,915593,3069424,0.562598705291748
25063,915593,1772932,0.5618118047714233
25064,915593,8179004,0.5610580444335938
25065,915593,8455302,0.5610425472259521
25066,915593,1772930,0.5606153011322021
25067,915593,8103067,0.5604543685913086
25068,915593,82110,0.5588468313217163
25069,915593,7837086,0.5569808483123779
25070,915593,3538168,0.5561145544052124
25071,915593,6761341,0.5557984113693237
25072,915593,649106,0.5537614822387695
25073,915593,6761340,0.5524573922157288
25074,915593,7742098,0.5463765263557434
25075,915593,7861750,0.5456736087799072
25076,915593,3538161,0.5455456376075745
25077,915593,3786330,0.5430199503898621
25078,915593,275732,0.5425350666046143
25079,915593,8029530,0.5424760580062866
25080,915593,8103068,0.5417137742042542
25081,915593,3375966,0.5413761734962463
25082,915593,82109,0.5412667393684387
25083,915593,1396708,0.5344042181968689
25084,915593,4998398,0.5336644649505615
25085,915593,2210598,0.5329763889312744
25086,915593,6761345,0.5304761528968811
25087,915593,2923496,0.5300096273422241
25088,915593,7861747,0.5286217331886292
25089,915593,1396703,0.5285148620605469
25090,915593,8179000,0.524466872215271
25091,915593,5931553,0.5224347114562988
25092,915593,275728,0.5220320224761963
25093,915593,3485338,0.5202573537826538
25094,915593,7861748,0.5172719359397888
25095,915593,3573477,0.5171803832054138
25096,915593,3357360,0.5164455771446228
25097,915593,7837084,0.5162714719772339
25098,915593,5774013,0.51600182056427
25099,915593,2210590,0.5146791338920593
25100,915593,8179003,0.5142872929573059
25101,915593,6509724,0.5136310458183289
25102,915593,5931265,0.5128816366195679
25103,915593,8029532,0.5095300078392029
25104,915593,82114,0.5091321468353271
25105,915593,6142152,0.507693350315094
25106,915593,1396706,0.5067952871322632
25107,915593,5931262,0.5063275694847107
25108,915593,4575227,0.5047446489334106
25109,915593,3037805,0.5027238726615906
25110,915593,275726,0.5021028518676758
25111,915593,4834224,0.5012997388839722
25112,915593,2744909,0.5011125802993774
25113,915593,924855,0.5004564523696899
25114,915593,6923056,0.5001985430717468
25115,915593,3037814,0.49920743703842163
25116,915593,2588143,0.49664589762687683
25117,915593,4691129,0.4941108226776123
25118,915593,1396704,0.49300819635391235
25119,915593,7861749,0.49201181530952454
25120,915593,8029525,0.491730272769928
25121,915593,3825718,0.4911470413208008
25122,915593,5931270,0.4909767806529999
25123,915593,7624960,0.48788654804229736
25124,915593,5957960,0.48614585399627686
25125,915593,6521993,0.48470088839530945
25126,915593,5931271,0.48462003469467163
25127,915593,7715653,0.483259916305542
25128,915593,3523602,0.4830673635005951
25129,915593,203831,0.48163145780563354
25130,915593,8835904,0.48022687435150146
25131,915593,4938804,0.4793558418750763
25132,915593,6923051,0.47904443740844727
25133,915593,3209663,0.4767206013202667
25134,915593,4910037,0.47576725482940674
25135,915593,8002853,0.4756986200809479
25136,915593,3930148,0.475614070892334
25137,915593,7198083,0.47252991795539856
25138,915593,8002850,0.47089505195617676
25139,915593,3209667,0.4706282615661621
25140,915593,2277871,0.469924658536911
25141,915593,82111,0.46916836500167847
25142,915593,2923497,0.4678218960762024
25143,915593,1907207,0.4659770727157593
25144,915593,5931269,0.4651930630207062
25145,915593,5931267,0.4647257328033447
25146,915593,4582304,0.46436890959739685
25147,915593,8103063,0.46359068155288696
25148,915593,2428792,0.46282118558883667
25149,915593,3296315,0.46279677748680115
25150,915593,3573472,0.46183618903160095
25151,915593,3101523,0.46172231435775757
25152,915593,8179001,0.46131181716918945
25153,915593,8455303,0.4608210325241089
25154,915593,6213223,0.45883721113204956
25155,915593,3209661,0.45830339193344116
25156,915593,5263647,0.45708829164505005
25157,915593,4582303,0.4564841091632843
25158,915593,6564325,0.4564056992530823
25159,915593,7515050,0.4563688039779663
25160,915593,4957359,0.4554809033870697
25161,915593,2637186,0.45385226607322693
25162,915593,3523599,0.45379501581192017
25163,915593,8103066,0.45369571447372437
25164,915593,2428790,0.45349404215812683
25165,915593,8402967,0.4534558951854706
25166,915593,6362166,0.45344021916389465
25167,915593,5263654,0.4533810615539551
25168,915593,6923057,0.4524824619293213
25169,915593,2107919,0.4510888457298279
25170,915593,6218757,0.45028144121170044
25171,915593,4788174,0.4499720633029938
25172,915593,6923055,0.449917733669281
25173,915593,4952931,0.4495202600955963
25174,915593,8121861,0.44930875301361084
25175,915593,5263653,0.44860756397247314
25176,915593,5931263,0.4481707513332367
25177,915593,3930151,0.44797271490097046
25178,915593,5979464,0.4474048614501953
25179,915593,379450,0.44725602865219116
25180,915593,7715657,0.4470164477825165
25181,915593,5534916,0.4469132423400879
25182,915593,2923495,0.4467009902000427
25183,915593,8179002,0.44640660285949707
25184,915593,4700238,0.44567105174064636
25185,915593,3175096,0.44562169909477234
25186,915593,3466399,0.44449302554130554
25187,915593,8420020,0.4437628388404846
25188,915593,6752549,0.4436465799808502
25189,915593,7624969,0.4433409571647644
25190,915593,6923053,0.4431264102458954
25191,915593,8029524,0.4430103302001953
25192,915593,8688818,0.44271916151046753
25193,915593,3226009,0.4423949122428894
25194,915593,3835539,0.4411188066005707
25195,915593,6473763,0.440900981426239
25196,915593,4297700,0.4401988983154297
25197,915593,5263650,0.44005706906318665
25198,915593,8002851,0.43991196155548096
25199,915593,8402968,0.4397805333137512
25200,915593,8423543,0.4394735097885132
25201,915593,5931266,0.4392208456993103
25202,915593,3890492,0.4391442537307739
25203,915593,4515324,0.4390603303909302
25204,915593,8029531,0.4390178620815277
25205,915593,5931268,0.43779826164245605
25206,915593,4238366,0.43742430210113525
25207,915593,5033052,0.4370841085910797
25208,915593,5263652,0.43652158975601196
25209,915593,3930155,0.4363170862197876
25210,915593,2801270,0.43590953946113586
25211,915593,1921649,0.43586456775665283
25212,915593,1815965,0.4357239007949829
25213,915593,6923058,0.435549795627594
25214,915593,1760403,0.4354788362979889
25215,915593,7515055,0.43514057993888855
25216,915593,4308079,0.43505576252937317
25217,915593,2801275,0.4342155456542969
25218,915593,2923494,0.43347102403640747
25219,915593,5944774,0.43345946073532104
25220,915593,6362164,0.43307480216026306
25221,915593,8487641,0.4330449104309082
25222,915593,3764437,0.4327436685562134
25223,915593,2575899,0.4326571822166443
25224,915593,3918680,0.4323568642139435
25225,915593,3573473,0.431024432182312
25226,915593,3296930,0.43080049753189087
25227,915593,7861753,0.4301815629005432
25228,915593,275724,0.43017011880874634
25229,915593,6042090,0.4301125407218933
25230,915593,1378420,0.42992261052131653
25231,915593,5423453,0.4298710227012634
25232,915593,4653325,0.42979276180267334
25233,915593,4566817,0.42910510301589966
25234,915593,8579735,0.428973913192749
25235,915593,963772,0.42885589599609375
25236,915593,3463638,0.4287542998790741
25237,915593,379451,0.4286007285118103
25238,915593,7816726,0.4267269968986511
25239,915593,7782083,0.4262654185295105
25240,915593,3196399,0.42620453238487244
25241,915593,4763969,0.42587167024612427
25242,915593,7760687,0.42579805850982666
25243,915593,210379,0.4250246286392212
25244,915593,7585568,0.4249956011772156
25245,915593,8432403,0.42465850710868835
25246,915593,3530575,0.42455431818962097
25247,915593,4818067,0.42447564005851746
25248,915593,3537404,0.42444366216659546
25249,915593,2121699,0.4243301451206207
25250,915593,5596821,0.42406901717185974
25251,915593,2923498,0.4239472448825836
25252,915593,24283,0.42391133308410645
25253,915593,8090226,0.42303580045700073
25254,915593,210384,0.42299145460128784
25255,915593,3069419,0.4224160313606262
25256,915593,599657,0.4220770597457886
25257,915593,3296931,0.4217919111251831
25258,915593,1375225,0.4215240478515625
25259,915593,6746534,0.42130571603775024
25260,915593,4605072,0.42128247022628784
25261,915593,2923493,0.4211632311344147
25262,915593,2439138,0.4210891127586365
25263,915593,971417,0.4209743142127991
25264,915593,4308082,0.4204726815223694
25265,915593,2893743,0.42042216658592224
25266,915593,7938830,0.4200674295425415
25267,915593,522629,0.4197521209716797
25268,915593,4986408,0.41941219568252563
25269,915593,945591,0.41905876994132996
25270,915593,104662,0.4185997247695923
25271,915593,960640,0.41849765181541443
25272,915593,3872937,0.41825389862060547
25273,915593,6638879,0.41807931661605835
25274,915593,7313730,0.41758278012275696
25275,915593,6050481,0.4172496795654297
25276,915593,3573478,0.41700708866119385
25277,915593,383618,0.4166008234024048
25278,915593,5216828,0.41654354333877563
25279,915593,8029526,0.4164900481700897
25280,915593,7104108,0.41608381271362305
25281,915593,1108470,0.4152173697948456
25282,915593,4281548,0.41515791416168213
25283,915593,5650197,0.4148574769496918
25284,915593,6888971,0.41469264030456543
25285,915593,1886134,0.4142785668373108
25286,915593,2939548,0.4141795039176941
25287,915593,4797367,0.41400179266929626
25288,915593,4334825,0.4134659171104431
25289,915593,3943463,0.41313350200653076
25290,915593,3573480,0.41313013434410095
25291,915593,1663886,0.4127844274044037
25292,915593,2915781,0.4127346873283386
25293,915593,3203027,0.4122568666934967
25294,915593,206758,0.4116930663585663
25295,915593,1109123,0.41094738245010376
25296,915593,1075924,0.41079282760620117
25297,915593,3930150,0.4107794761657715
25298,915593,3708004,0.41073450446128845
25299,915593,4028646,0.4103480577468872
25300,915593,3669773,0.41028425097465515
25301,915593,1265648,0.4101598858833313
25302,915593,6719895,0.4097142815589905
25303,915593,4575224,0.40961962938308716
25304,915593,8178997,0.4095202684402466
25305,915593,4610453,0.4090978503227234
25306,915593,4044822,0.40907976031303406
25307,915593,5187249,0.4090530276298523
25308,915593,3466392,0.4088180959224701
25309,915593,3943461,0.40877681970596313
25310,915593,7069771,0.40868818759918213
25311,915593,5263651,0.40860408544540405
25312,915593,6346576,0.4085182845592499
25313,915593,379457,0.4084438383579254
25314,915593,8591924,0.4083458185195923
25315,915593,976681,0.4082103967666626
25316,915593,6283112,0.40820297598838806
25317,915593,5799077,0.4080185890197754
25318,915593,8041492,0.40786445140838623
25319,915593,3196402,0.4076418876647949
25320,915593,710423,0.407607764005661
25321,915593,3173040,0.4073292016983032
25322,915593,3704731,0.4070330262184143
25323,915593,397087,0.4067978858947754
25324,915593,3081616,0.4067820608615875
25325,915593,1321258,0.4067084789276123
25326,915593,413578,0.406474769115448
25327,915593,8002846,0.40616071224212646
25328,915593,5650190,0.40605661273002625
25329,915593,2020280,0.4059954583644867
25330,915593,4233668,0.4059852957725525
25331,915593,6262830,0.405899316072464
25332,915593,2412927,0.40562814474105835
25333,915593,2865445,0.40547096729278564
25334,915593,4813406,0.4054218530654907
25335,915593,5820104,0.4052933156490326
25336,915593,963587,0.4052017331123352
25337,915593,2801266,0.40509188175201416
25338,915593,6956232,0.4050274193286896
25339,915593,1260806,0.4049835503101349
25340,915593,1013214,0.40474843978881836
25341,915593,7513666,0.40472984313964844
25342,915593,3296927,0.4046783447265625
25343,915593,3679618,0.4046352505683899
25344,915593,2396645,0.4044639766216278
25345,915593,4964233,0.40443718433380127
25346,915593,4929105,0.4044267535209656
25347,915593,7003604,0.404416561126709
25348,915593,892385,0.40435442328453064
25349,915593,5791373,0.40427929162979126
25350,915593,1128711,0.4042653739452362
25351,915593,8780137,0.40402451157569885
25352,915593,5263655,0.40393537282943726
25353,915593,2150016,0.403519868850708
25354,915593,4227154,0.4034176468849182
25355,915593,3898586,0.4033926725387573
25356,915593,2428791,0.4033519923686981
25357,915593,2367399,0.4033379554748535
25358,915593,4440064,0.40313172340393066
25359,915593,5286587,0.40288442373275757
25360,915593,8003187,0.40279966592788696
25361,915593,7311602,0.40270721912384033
25362,915593,6205822,0.4025940001010895
25363,915593,1926677,0.40249863266944885
25364,915593,2714763,0.4024134874343872
25365,915593,1084074,0.40238168835639954
25366,915593,2661175,0.4022655487060547
25367,915593,698385,0.40218937397003174
25368,915593,1767943,0.40201470255851746
25369,915593,1522707,0.4020087718963623
25370,915593,397084,0.4018336534500122
25371,915593,752193,0.401578426361084
25372,915593,342197,0.40139472484588623
25373,915593,1393769,0.401317298412323
25374,915593,1160510,0.40110206604003906
25375,915593,6296356,0.40106910467147827
25376,915593,7515048,0.4010290503501892
25377,915593,4935767,0.4006986618041992
25378,915593,3538167,0.40041983127593994
25379,915593,6275670,0.3999994993209839
25380,915593,8572939,0.39980602264404297
25381,915593,6186557,0.399655282497406
25382,915593,3728688,0.399492472410202
25383,915593,5403236,0.3994590640068054
25384,915593,5363126,0.3994092345237732
25385,915593,976677,0.39906466007232666
25386,915593,3538162,0.3989693522453308
25387,915593,1174298,0.39885011315345764
25388,915593,3530581,0.39872539043426514
25389,915593,1415005,0.39866963028907776
25390,915593,195157,0.3986247777938843
25391,915593,2418238,0.3985527753829956
25392,915593,1663894,0.3982861042022705
25393,915593,4206386,0.39824873208999634
25394,915593,3581428,0.3979545831680298
25395,915593,5205270,0.3976403474807739
25396,915593,7382391,0.3974919021129608
25397,915593,7622941,0.39733952283859253
25398,915593,212629,0.39730411767959595
25399,915593,1752496,0.3970516622066498
25400,915593,7802229,0.3969438374042511
25401,915593,6149982,0.3967229425907135
25402,915593,5263648,0.3966432809829712
25403,915593,6649707,0.39656543731689453
25404,915593,7574954,0.39653563499450684
25405,915593,3762449,0.396529883146286
25406,915593,4191769,0.3964618742465973
25407,915593,4211553,0.3964342772960663
25408,915593,6273725,0.3961414694786072
25409,915593,6624682,0.3960376977920532
25410,915593,1079492,0.3959478437900543
25411,915593,8348121,0.39594459533691406
25412,915593,4610461,0.3958279490470886
25413,915593,1760402,0.39573347568511963
25414,915593,4305203,0.395668625831604
25415,915593,7751773,0.39558136463165283
25416,915593,4749121,0.3954799771308899
25417,915593,2839394,0.3953859210014343
25418,915593,8103064,0.3952881693840027
25419,915593,1013215,0.3952862024307251
25420,915593,1974325,0.39527466893196106
25421,915593,3193801,0.3952277600765228
25422,915593,5783768,0.39517077803611755
25423,915593,567505,0.3951406478881836
25424,915593,8840302,0.39495062828063965
25425,915593,5931264,0.39491307735443115
25426,915593,5033049,0.3949078917503357
25427,915593,7515049,0.39477378129959106
25428,915593,8648578,0.3947012424468994
25429,915593,1098803,0.39444810152053833
25430,915593,4297701,0.3941801190376282
25431,915593,4167172,0.3941657245159149
25432,915593,2939540,0.39412447810173035
25433,915593,3175094,0.3940806984901428
25434,915593,3521854,0.39407211542129517
25435,915593,2950187,0.39398497343063354
25436,915593,5586928,0.39392364025115967
25437,915593,4719397,0.39372605085372925
25438,915593,3385968,0.3936636447906494
25439,915593,6282133,0.39360469579696655
25440,915593,3653832,0.39360418915748596
25441,915593,8657774,0.39344021677970886
25442,915593,5177375,0.3933846950531006
25443,915593,556171,0.3930230736732483
25444,915593,2801271,0.3930070400238037
25445,915593,83283,0.3929678499698639
25446,915593,7356723,0.39296236634254456
25447,915593,4038171,0.39279866218566895
25448,915593,4924872,0.3925614356994629
25449,915593,4104685,0.3925549387931824
25450,915593,6054059,0.39236775040626526
25451,915593,7457231,0.39228832721710205
25452,915593,2508590,0.3922608494758606
25453,915593,5712842,0.3922230005264282
25454,915593,342192,0.3921917974948883
25455,915593,7124272,0.39208003878593445
25456,915593,49634,0.39200884103775024
25457,915593,2288084,0.3919732868671417
25458,915593,4575226,0.39196497201919556
25459,915593,5843489,0.3918829560279846
25460,915593,7382390,0.39187753200531006
25461,915593,4434406,0.3917904198169708
25462,915593,4840942,0.39178362488746643
25463,915593,7176992,0.3916347026824951
25464,915593,3504228,0.39145779609680176
25465,915593,7557488,0.3913804888725281
25466,915593,6377255,0.3910665512084961
25467,915593,112225,0.3910002112388611
25468,915593,5445389,0.3909558653831482
25469,915593,325573,0.3908509314060211
25470,915593,1413115,0.39076220989227295
25471,915593,3122574,0.39044833183288574
25472,915593,4026729,0.3904236853122711
25473,915593,2306938,0.3903592824935913
25474,915593,2506434,0.39032986760139465
25475,915593,6302484,0.39022883772850037
25476,915593,6226399,0.3900022506713867
25477,915593,342190,0.3900001049041748
25478,915593,8455305,0.38977402448654175
25479,915593,6370976,0.3897492587566376
25480,915593,7098761,0.3896924555301666
25481,915593,4586427,0.3896649479866028
25482,915593,7760688,0.3894954025745392
25483,915593,2611547,0.3894902169704437
25484,915593,4052121,0.3894316554069519
25485,915593,2075021,0.38939303159713745
25486,915593,5830794,0.38932177424430847
25487,915593,6714338,0.38883519172668457
25488,915593,6257651,0.38882824778556824
25489,915593,2147886,0.38881057500839233
25490,915593,376103,0.3887643814086914
25491,915593,3672307,0.3886670172214508
25492,915593,8441996,0.3885776400566101
25493,915593,8027292,0.3885739743709564
25494,915593,1051790,0.38850387930870056
25495,915593,630100,0.38849419355392456
25496,915593,7201175,0.3884713351726532
25497,915593,7623543,0.38846707344055176
25498,915593,123223,0.3883560299873352
25499,915593,2755128,0.3883061707019806
25500,915593,7463890,0.3882436752319336
25501,915593,7190463,0.3881548047065735
25502,915593,6321937,0.38815468549728394
25503,915593,5988765,0.3879719376564026
25504,915593,7760685,0.38784462213516235
25505,915593,656306,0.38776904344558716
25506,915593,692803,0.38774776458740234
25507,915593,4809855,0.3877313435077667
25508,915593,710422,0.38755548000335693
25509,915593,3898588,0.387523353099823
25510,915593,7392564,0.3874988555908203
25511,915593,3650672,0.387187123298645
25512,915593,747932,0.3867074251174927
25513,915593,6020527,0.3864815831184387
25514,915593,4038172,0.38647735118865967
25515,915593,8836320,0.3864348828792572
25516,915593,4245521,0.3863432705402374
25517,915593,7447369,0.38631656765937805
25518,915593,6711080,0.386313796043396
25519,915593,8570867,0.3862707018852234
25520,915593,379454,0.3862072825431824
25521,915593,46924,0.3861960470676422
25522,915593,2674424,0.38609278202056885
25523,915593,4766541,0.38589373230934143
25524,915593,174831,0.3858751654624939
25525,915593,476526,0.38584113121032715
25526,915593,7382393,0.3857285976409912
25527,915593,342191,0.38570183515548706
25528,915593,2098771,0.3856295049190521
25529,915593,8432400,0.38557252287864685
25530,915593,5134929,0.38543862104415894
25531,915593,3589332,0.38537871837615967
25532,915593,4686931,0.3851246237754822
25533,915593,6547160,0.3850547969341278
25534,915593,4703225,0.3850353956222534
25535,915593,2239223,0.38498055934906006
25536,915593,8041022,0.3849181532859802
25537,915593,1313062,0.3847551941871643
25538,915593,3462318,0.38453149795532227
25539,915593,3659725,0.3845142126083374
25540,915593,7691397,0.38440075516700745
25541,915593,2998855,0.38436782360076904
25542,915593,4440545,0.38436394929885864
25543,915593,1399588,0.38426846265792847
25544,915593,3399678,0.3842245042324066
25545,915593,1311175,0.3842165470123291
25546,915593,8163732,0.38411223888397217
25547,915593,8573750,0.3840295076370239
25548,915593,988706,0.38396933674812317
25549,915593,4769961,0.38395965099334717
25550,915593,3223350,0.38379770517349243
25551,915593,1198190,0.3837190866470337
25552,915593,7142138,0.3836754858493805
25553,915593,1169184,0.3835703730583191
25554,915593,7165168,0.38342732191085815
25555,915593,4505258,0.38321614265441895
25556,915593,829104,0.3831760883331299
25557,915593,5840934,0.38314247131347656
25558,915593,4766542,0.3830849230289459
25559,915593,1695043,0.3830682039260864
25560,915593,4790236,0.38293954730033875
25561,915593,3578383,0.38293156027793884
25562,915593,4375714,0.3828733563423157
25563,915593,2239229,0.38285326957702637
25564,915593,8026084,0.382830411195755
25565,915593,5403239,0.38280293345451355
25566,915593,965413,0.3828025460243225
25567,915593,1364508,0.38264787197113037
25568,915593,4515331,0.3824883699417114
25569,915593,710717,0.3824652433395386
25570,915593,3977618,0.3823397159576416
25571,915593,1219647,0.3823346495628357
25572,915593,1198196,0.3823155462741852
25573,915593,4779757,0.38225317001342773
25574,915593,988711,0.3822208642959595
25575,915593,2011301,0.3821541368961334
25576,915593,2076443,0.3821067214012146
25577,915593,1988834,0.38205820322036743
25578,915593,963771,0.3819130063056946
25579,915593,1839317,0.38184410333633423
25580,915593,3851721,0.38175255060195923
25581,915593,945590,0.38167575001716614
25582,915593,1030220,0.38162046670913696
25583,915593,5552860,0.38151031732559204
25584,915593,7053022,0.38141486048698425
25585,915593,4250195,0.38138139247894287
25586,915593,1760400,0.38137006759643555
25587,915593,1399583,0.3813643753528595
25588,915593,7861755,0.3812696933746338
25589,915593,3728692,0.38125285506248474
25590,915593,1322209,0.38121941685676575
25591,915593,5033112,0.38120755553245544
25592,915593,4575220,0.38099342584609985
25593,915593,3811883,0.3808380365371704
25594,915593,7912915,0.3808068037033081
25595,915593,4114138,0.38073837757110596
25596,915593,1075232,0.3807005286216736
25597,915593,1579407,0.3806000053882599
25598,915593,1399589,0.3805021047592163
25599,915593,3427601,0.380401611328125
25600,915593,520530,0.38038820028305054
25601,915593,8386234,0.38038143515586853
25602,915593,4272159,0.38033825159072876
25603,915593,5559543,0.3801742494106293
25604,915593,2360846,0.38016581535339355
25605,915593,282611,0.38011622428894043
25606,915593,7782089,0.3800669312477112
25607,915593,8508358,0.38005322217941284
25608,915593,6007646,0.3800431191921234
25609,915593,4410503,0.3800300359725952
25610,915593,5844523,0.37998679280281067
25611,915593,5684731,0.3799636960029602
25612,915593,7930237,0.3797619044780731
25613,915593,2367404,0.37963828444480896
25614,915593,8399994,0.3796282410621643
25615,915593,5403234,0.37962523102760315
25616,915593,316674,0.379620224237442
25617,915593,6218758,0.37958240509033203
25618,915593,941578,0.3795641362667084
25619,915593,5403231,0.37953484058380127
25620,915593,5587765,0.37953031063079834
25621,915593,6700816,0.37948065996170044
25622,915593,2473956,0.3794713318347931
25623,915593,7772760,0.3794366717338562
25624,915593,4691134,0.3794247508049011
25625,915593,1196506,0.37937864661216736
25626,915593,6931205,0.37934133410453796
25627,915593,85614,0.3793395161628723
25628,915593,8331657,0.37918621301651
25629,915593,8614173,0.37913012504577637
25630,915593,3431797,0.37911003828048706
25631,915593,963773,0.37903451919555664
25632,915593,8681970,0.37898874282836914
25633,915593,6526481,0.378983736038208
25634,915593,1760404,0.3789764940738678
25635,915593,2289754,0.3788876533508301
25636,915593,2658821,0.3788665235042572
25637,915593,7643296,0.3788129687309265
25638,915593,4282552,0.3787394165992737
25639,915593,8377330,0.37865522503852844
25640,915593,1907818,0.3786272406578064
25641,915593,1663895,0.3786103129386902
25642,915593,7832070,0.37853938341140747
25643,915593,7201926,0.37850266695022583
25644,915593,241621,0.37846386432647705
25645,915593,1070550,0.3784509301185608
25646,915593,3272436,0.37834683060646057
25647,915593,2207992,0.37829160690307617
25648,915593,518167,0.378290593624115
25649,915593,3284910,0.3782128691673279
25650,915593,476524,0.3781239986419678
25651,915593,2998854,0.37800875306129456
25652,915593,5646565,0.3779802918434143
25653,915593,644763,0.3779178261756897
25654,915593,3669774,0.37787550687789917
25655,915593,8432401,0.37781161069869995
25656,915593,1839320,0.37779760360717773
25657,915593,8232450,0.3777068853378296
25658,915593,5247399,0.3777008056640625
25659,915593,6218759,0.3776921033859253
25660,915593,1913650,0.3775233030319214
25661,915593,6262831,0.37748056650161743
25662,915593,8774099,0.37745583057403564
25663,915593,6485850,0.37728047370910645
25664,915593,8350238,0.3772682547569275
25665,915593,4028648,0.3772300183773041
25666,915593,330837,0.3772118389606476
25667,915593,8426860,0.37711843848228455
25668,915593,7908753,0.3771134316921234
25669,915593,127973,0.3770529627799988
25670,915593,7895180,0.3770213723182678
25671,915593,6646774,0.37696343660354614
25672,915593,537789,0.3769010007381439
25673,915593,1038445,0.37685126066207886
25674,915593,4240316,0.3767146170139313
25675,915593,3273423,0.3766876757144928
25676,915593,8391029,0.3766833245754242
25677,915593,3512442,0.3766336739063263
25678,915593,4278297,0.3766199052333832
25679,915593,4312240,0.3765130043029785
25680,915593,6305736,0.376511812210083
25681,915593,8276073,0.3764970004558563
25682,915593,8704402,0.3763178288936615
25683,915593,4084553,0.37629562616348267
25684,915593,397088,0.376258909702301
25685,915593,1077681,0.376229465007782
25686,915593,2404427,0.3762021064758301
25687,915593,6184019,0.37618488073349
25688,915593,4935277,0.3761454224586487
25689,915593,3650668,0.3761247396469116
25690,915593,5582282,0.37602657079696655
25691,915593,8083679,0.3760110139846802
25692,915593,5923474,0.3759876489639282
25693,915593,4026731,0.375978946685791
25694,915593,6619833,0.37596842646598816
25695,915593,684040,0.3759555518627167
25696,915593,1420769,0.3758821487426758
25697,915593,4691130,0.37587830424308777
25698,915593,6754123,0.3758024573326111
25699,915593,379456,0.3757862448692322
25700,915593,6925721,0.37577611207962036
25701,915593,5963579,0.37569552659988403
25702,915593,2100936,0.3756806254386902
25703,915593,2575898,0.37563657760620117
25704,915593,4279298,0.37561219930648804
25705,915593,3182481,0.3755946159362793
25706,915593,7574956,0.37555205821990967
25707,915593,8002855,0.3755391240119934
25708,915593,1756855,0.37549278140068054
25709,915593,1173116,0.37531328201293945
25710,915593,6812430,0.37525489926338196
25711,915593,3457574,0.3751664161682129
25712,915593,7847960,0.3751641511917114
25713,915593,737052,0.37511539459228516
25714,915593,4496752,0.3751135468482971
25715,915593,7756379,0.37510526180267334
25716,915593,617199,0.37506574392318726
25717,915593,7383764,0.3750510513782501
25718,915593,5642255,0.3750338554382324
25719,915593,2282793,0.3750312328338623
25720,915593,6931201,0.3749958872795105
25721,915593,4305198,0.374970406293869
25722,915593,1335448,0.3749408423900604
25723,915593,5141378,0.37491247057914734
25724,915593,780313,0.3749067783355713
25725,915593,2085061,0.3748575747013092
25726,915593,4627979,0.3747894763946533
25727,915593,7980405,0.3747134804725647
25728,915593,8681775,0.37470531463623047
25729,915593,4769889,0.3747016191482544
25730,915593,1514864,0.37470129132270813
25731,915593,7204056,0.37462612986564636
25732,915593,4334827,0.37458568811416626
25733,915593,5861450,0.37453654408454895
25734,915593,7585570,0.374497652053833
25735,915593,5745242,0.3744684159755707
25736,915593,1192796,0.37443965673446655
25737,915593,773357,0.3744036555290222
25738,915593,8718949,0.37435269355773926
25739,915593,6862302,0.3742518723011017
25740,915593,99002,0.3742308020591736
25741,915593,5650192,0.37422338128089905
25742,915593,7674020,0.37419161200523376
25743,915593,6714270,0.374179482460022
25744,915593,2714759,0.37409597635269165
25745,915593,7513663,0.37407881021499634
25746,915593,6649702,0.3740730881690979
25747,915593,8512725,0.3740725517272949
25748,915593,8835905,0.37402352690696716
25749,915593,8019492,0.3740013837814331
25750,915593,5691498,0.3739631175994873
25751,915593,2367407,0.37392449378967285
25752,915593,8511826,0.37389132380485535
25753,915593,2076440,0.3738410770893097
25754,915593,6278668,0.37380915880203247
25755,915593,3123509,0.3737923502922058
25756,915593,6405608,0.3736017942428589
25757,915593,6024272,0.37358662486076355
25758,915593,871931,0.37353894114494324
25759,915593,3650670,0.373509019613266
25760,915593,8575556,0.3733516335487366
25761,915593,6172166,0.37332403659820557
25762,915593,4799837,0.3732249140739441
25763,915593,2867180,0.37319302558898926
25764,915593,5820110,0.37319183349609375
25765,915593,8167016,0.37318894267082214
25766,915593,8742521,0.3730560541152954
25767,915593,7513668,0.37302687764167786
25768,915593,1568305,0.37300828099250793
25769,915593,2291163,0.3730044960975647
25770,915593,5933380,0.3729515075683594
25771,915593,7140179,0.37292906641960144
25772,915593,2622327,0.3728971481323242
25773,915593,3179346,0.37288641929626465
25774,915593,2049663,0.3728838562965393
25775,915593,85610,0.37288153171539307
25776,915593,6828021,0.37283855676651
25777,915593,1326464,0.3727996349334717
25778,915593,5494419,0.37278562784194946
25779,915593,8795753,0.37269166111946106
25780,915593,1951844,0.37263017892837524
25781,915593,1522709,0.37261682748794556
25782,915593,5284273,0.37261271476745605
25783,915593,7861756,0.3726053237915039
25784,915593,6262832,0.3725780248641968
25785,915593,6255178,0.37256714701652527
25786,915593,7927612,0.3725634813308716
25787,915593,8640593,0.3725404441356659
25788,915593,2313172,0.37235748767852783
25789,915593,3704730,0.3722648620605469
25790,915593,865239,0.3722032904624939
25791,915593,865241,0.37220221757888794
25792,915593,6007647,0.37217795848846436
25793,915593,6805939,0.37206536531448364
25794,915593,8386236,0.3720324635505676
25795,915593,4026726,0.3720187544822693
25796,915593,5650193,0.3720057010650635
25797,915593,6923059,0.3720012903213501
25798,915593,6054060,0.3718826472759247
25799,915593,8602575,0.37170693278312683
25800,915593,271468,0.3717062473297119
25801,915593,6700006,0.371615469455719
25802,915593,7146468,0.371425986289978
25803,915593,1169187,0.37138211727142334
25804,915593,8790954,0.37133270502090454
25805,915593,7642583,0.3713059425354004
25806,915593,2008731,0.3712965250015259
25807,915593,8390693,0.37126317620277405
25808,915593,8720518,0.3711475133895874
25809,915593,888654,0.3711369037628174
25810,915593,1543990,0.37113550305366516
25811,915593,7663970,0.3711184859275818
25812,915593,282602,0.3711065351963043
25813,915593,7585571,0.3710545599460602
25814,915593,8334099,0.37103092670440674
25815,915593,6763205,0.370938241481781
25816,915593,386443,0.3708418011665344
25817,915593,2404138,0.370754599571228
25818,915593,397080,0.3707040548324585
25819,915593,3272437,0.37070393562316895
25820,915593,4490450,0.37069255113601685
25821,915593,7355563,0.3706611394882202
25822,915593,8499408,0.37065446376800537
25823,915593,1370365,0.3706536889076233
25824,915593,4975730,0.3706422746181488
25825,915593,2549655,0.37063509225845337
25826,915593,1318153,0.3705984652042389
25827,915593,6000856,0.3705613315105438
25828,915593,7010435,0.3705003261566162
25829,915593,3210922,0.3704800307750702
25830,915593,7392560,0.37043339014053345
25831,915593,6526482,0.37040674686431885
25832,915593,25726,0.37039586901664734
25833,915593,4155698,0.37027087807655334
25834,915593,3812523,0.3702281713485718
25835,915593,2471093,0.37016645073890686
25836,915593,27233,0.37013351917266846
25837,915593,6085265,0.37010443210601807
25838,915593,1083590,0.37009289860725403
25839,915593,890346,0.37008950114250183
25840,915593,1112994,0.37006932497024536
25841,915593,5650195,0.370068222284317
25842,915593,1939045,0.37005293369293213
25843,915593,4786480,0.37004554271698
25844,915593,1099381,0.3700319230556488
25845,915593,4779759,0.36998414993286133
25846,915593,1913645,0.3699004352092743
25847,915593,6613619,0.369853675365448
25848,915593,6906529,0.36971235275268555
25849,915593,4924867,0.3696824312210083
25850,915593,1420764,0.36967992782592773
25851,915593,4820287,0.3696621060371399
25852,915593,4953627,0.36966145038604736
25853,915593,342189,0.3696305453777313
25854,915593,6662480,0.3696005046367645
25855,915593,2012269,0.3695780634880066
25856,915593,2076649,0.3694937229156494
25857,915593,7527080,0.3694486618041992
25858,915593,5110084,0.3693222403526306
25859,915593,2957188,0.36930301785469055
25860,915593,3193805,0.36929765343666077
25861,915593,3650676,0.3692440390586853
25862,915593,4617007,0.36918482184410095
25863,915593,2811701,0.369162380695343
25864,915593,6304108,0.3691018223762512
25865,915593,6751479,0.3690836429595947
25866,915593,327680,0.36903655529022217
25867,915593,7114425,0.3690033555030823
25868,915593,2444425,0.36896252632141113
25869,915593,1760405,0.36895501613616943
25870,915593,883687,0.3689236640930176
25871,915593,8707426,0.36887070536613464
25872,915593,5472283,0.36880695819854736
25873,915593,7955361,0.36875081062316895
25874,915593,8720516,0.36872562766075134
25875,915593,3692180,0.36871370673179626
25876,915593,3287515,0.3686649203300476
25877,915593,1379200,0.3685818314552307
25878,915593,3283201,0.3685761094093323
25879,915593,723569,0.36845219135284424
25880,915593,1627864,0.3684498369693756
25881,915593,8295731,0.3684084415435791
25882,915593,5116996,0.36838895082473755
25883,915593,342193,0.36833399534225464
25884,915593,1752492,0.3683033287525177
25885,915593,1788563,0.3682665228843689
25886,915593,3573476,0.3682173788547516
25887,915593,1421031,0.36821210384368896
25888,915593,2312104,0.36813652515411377
25889,915593,4197968,0.36813274025917053
25890,915593,3272435,0.3680891990661621
25891,915593,2225693,0.3680582046508789
25892,915593,7392562,0.36802709102630615
25893,915593,4836251,0.367994487285614
25894,915593,1926673,0.3678911626338959
25895,915593,343281,0.3678743839263916
25896,915593,5033058,0.36774322390556335
25897,915593,433865,0.36770302057266235
25898,915593,383547,0.36764290928840637
25899,915593,2164003,0.36763447523117065
25900,915593,7382388,0.3676241934299469
25901,915593,6051435,0.36760827898979187
25902,915593,1413112,0.36757540702819824
25903,915593,8532534,0.3675697445869446
25904,915593,1792500,0.36756208539009094
25905,915593,7925723,0.3675326406955719
25906,915593,7214074,0.3674483597278595
25907,915593,5443606,0.3674371838569641
25908,915593,3931420,0.36731845140457153
25909,915593,910107,0.367270290851593
25910,915593,3749715,0.3670812249183655
25911,915593,2720911,0.36705756187438965
25912,915593,8163733,0.3670380711555481
25913,915593,6401214,0.3670006990432739
25914,915593,6224711,0.36698484420776367
25915,915593,1936700,0.366935133934021
25916,915593,3463641,0.3668425381183624
25917,915593,6955356,0.3668394982814789
25918,915593,591609,0.3668242394924164
25919,915593,2017849,0.3666328191757202
25920,915593,6739446,0.3666246235370636
25921,915593,1503994,0.3666040897369385
25922,915593,5116997,0.36654800176620483
25923,915593,2267064,0.3665468990802765
25924,915593,8565138,0.3665109872817993
25925,915593,7980628,0.36646005511283875
25926,915593,3234406,0.3663846552371979
25927,915593,626528,0.36637604236602783
25928,915593,736756,0.3663451671600342
25929,915593,8269904,0.36628687381744385
25930,915593,2058277,0.36623916029930115
25931,915593,6594802,0.36623021960258484
25932,915593,4626555,0.36621201038360596
25933,915593,1184855,0.36621004343032837
25934,915593,3662251,0.36620765924453735
25935,915593,4656722,0.3662059009075165
25936,915593,3466396,0.3661280870437622
25937,915593,5627698,0.36610931158065796
25938,915593,6953568,0.36610469222068787
25939,915593,7382255,0.3659478425979614
25940,915593,44402,0.36594724655151367
25941,915593,6632906,0.3659335970878601
25942,915593,520407,0.3659287095069885
25943,915593,2174663,0.3658984899520874
25944,915593,4297695,0.3658716678619385
25945,915593,8682476,0.36585208773612976
25946,915593,6989895,0.3657965660095215
25947,915593,3157336,0.3657718896865845
25948,915593,6888969,0.3657655119895935
25949,915593,3899036,0.36574506759643555
25950,915593,462421,0.3657357692718506
25951,915593,7157449,0.3656730353832245
25952,915593,7811946,0.36563628911972046
25953,915593,6702092,0.3655524253845215
25954,915593,8143844,0.365541934967041
25955,915593,6649700,0.3655130863189697
25956,915593,2109525,0.3655126988887787
25957,915593,1003933,0.3655012845993042
25958,915593,4037072,0.3654431104660034
25959,915593,1610474,0.36542218923568726
25960,915593,6778460,0.3654020428657532
25961,915593,3581434,0.36535215377807617
25962,915593,7860911,0.36534422636032104
25963,915593,1865932,0.3653267025947571
25964,915593,6058624,0.3653026521205902
25965,915593,4521238,0.36520642042160034
25966,915593,8118551,0.36520373821258545
25967,915593,2533003,0.3651888370513916
25968,915593,8661727,0.36513572931289673
25969,915593,1198188,0.3651140630245209
25970,915593,4924874,0.36502283811569214
25971,915593,2992065,0.3650001883506775
25972,915593,8426858,0.36495813727378845
25973,915593,5363690,0.36483871936798096
25974,915593,941582,0.3648178279399872
25975,915593,2865449,0.36476802825927734
25976,915593,2667137,0.3647274076938629
25977,915593,8784823,0.3645767569541931
25978,915593,7617109,0.3645697832107544
25979,915593,5064710,0.36448216438293457
25980,915593,4915119,0.36444616317749023
25981,915593,3085470,0.3644251823425293
25982,915593,4788166,0.3643820285797119
25983,915593,3348585,0.36437147855758667
25984,915593,6568632,0.3643692135810852
25985,915593,1550023,0.364335298538208
25986,915593,8110842,0.36431393027305603
25987,915593,5967447,0.36429086327552795
25988,915593,4502022,0.36423057317733765
25989,915593,6066894,0.3642207980155945
25990,915593,1778508,0.3641851246356964
25991,915593,6203121,0.364038348197937
25992,915593,6218760,0.3640298843383789
25993,915593,4867018,0.3640285134315491
25994,915593,7911140,0.36398664116859436
25995,915593,710420,0.3639770746231079
25996,915593,2098767,0.3639513850212097
25997,915593,4305200,0.363935649394989
25998,915593,7036191,0.3639185428619385
25999,915593,6257409,0.3638271689414978
26000,962179,5653659,0.8158804178237915
26001,962179,2978866,0.8029906749725342
26002,962179,2329699,0.7819785475730896
26003,962179,8785371,0.7626475691795349
26004,962179,4511499,0.7512292265892029
26005,962179,2978864,0.7445566654205322
26006,962179,6898289,0.7341411113739014
26007,962179,6980697,0.7231969833374023
26008,962179,2978869,0.7176614999771118
26009,962179,8785374,0.7160950899124146
26010,962179,5919340,0.7094276547431946
26011,962179,536176,0.6796898245811462
26012,962179,8785369,0.6664005517959595
26013,962179,4606386,0.6421430110931396
26014,962179,2978871,0.6322464942932129
26015,962179,534563,0.6310244202613831
26016,962179,2329697,0.618137001991272
26017,962179,4257872,0.6057745814323425
26018,962179,7733807,0.5978176593780518
26019,962179,1645080,0.5933847427368164
26020,962179,2978870,0.5913770198822021
26021,962179,4511503,0.5782315731048584
26022,962179,8785373,0.576802134513855
26023,962179,2978865,0.5762044191360474
26024,962179,5919342,0.5682793855667114
26025,962179,5653655,0.5681461691856384
26026,962179,5653652,0.5647693872451782
26027,962179,3705165,0.5646499395370483
26028,962179,1371846,0.5584137439727783
26029,962179,2978867,0.5580906271934509
26030,962179,5105844,0.5577625036239624
26031,962179,529450,0.5563945770263672
26032,962179,4257871,0.555773138999939
26033,962179,6904863,0.5543359518051147
26034,962179,5653656,0.5534215569496155
26035,962179,8785368,0.5529381036758423
26036,962179,2131895,0.549799382686615
26037,962179,3173625,0.549799382686615
26038,962179,2329701,0.5488848686218262
26039,962179,6904862,0.5479918718338013
26040,962179,3422319,0.546623170375824
26041,962179,2329700,0.5463886260986328
26042,962179,5931179,0.5455881953239441
26043,962179,6904860,0.5442411303520203
26044,962179,536177,0.5418210029602051
26045,962179,302867,0.5383352637290955
26046,962179,8785375,0.5380603075027466
26047,962179,2329693,0.532469630241394
26048,962179,4257873,0.531225323677063
26049,962179,3033200,0.5305517911911011
26050,962179,2978868,0.5281640291213989
26051,962179,4209397,0.5249630212783813
26052,962179,6904861,0.5238068103790283
26053,962179,8785372,0.5232999324798584
26054,962179,536178,0.5211508274078369
26055,962179,7733810,0.5200074911117554
26056,962179,5329867,0.5184082984924316
26057,962179,4717424,0.5169028639793396
26058,962179,6898293,0.5155614018440247
26059,962179,2329695,0.514844536781311
26060,962179,7147504,0.5141396522521973
26061,962179,7126025,0.5133898854255676
26062,962179,2329696,0.5125766396522522
26063,962179,3384668,0.5120011568069458
26064,962179,8768354,0.5092081427574158
26065,962179,5642478,0.5071608424186707
26066,962179,4606388,0.506860077381134
26067,962179,8032264,0.5050265192985535
26068,962179,2329692,0.5035067200660706
26069,962179,2697161,0.5031080842018127
26070,962179,6904859,0.5025949478149414
26071,962179,4511500,0.4980465769767761
26072,962179,38164,0.4979306757450104
26073,962179,2830857,0.4951040744781494
26074,962179,1006865,0.4940090775489807
26075,962179,5653657,0.49292701482772827
26076,962179,931123,0.49257028102874756
26077,962179,4104854,0.4829126000404358
26078,962179,5773189,0.48231878876686096
26079,962179,8689056,0.4822003245353699
26080,962179,7259894,0.4819663166999817
26081,962179,1101129,0.4795217514038086
26082,962179,8680947,0.47886669635772705
26083,962179,3046926,0.47797733545303345
26084,962179,4606387,0.4777587652206421
26085,962179,7428148,0.4776318669319153
26086,962179,302861,0.4775407016277313
26087,962179,1006860,0.4774070978164673
26088,962179,8689057,0.47638586163520813
26089,962179,1882903,0.4757564663887024
26090,962179,6700397,0.4749000072479248
26091,962179,220191,0.47413092851638794
26092,962179,6904865,0.47220295667648315
26093,962179,1043750,0.47195351123809814
26094,962179,3173623,0.47135674953460693
26095,962179,4511502,0.4708682894706726
26096,962179,7428149,0.4705360531806946
26097,962179,4355819,0.4699029326438904
26098,962179,6675262,0.46949243545532227
26099,962179,3139219,0.4683772921562195
26100,962179,3139216,0.4673222303390503
26101,962179,302868,0.4659140110015869
26102,962179,8518854,0.4656532406806946
26103,962179,4610583,0.4656010568141937
26104,962179,3051208,0.46518674492836
26105,962179,3718396,0.4651394486427307
26106,962179,4141379,0.46511632204055786
26107,962179,1043749,0.4632803499698639
26108,962179,2186434,0.46206340193748474
26109,962179,3051209,0.46175944805145264
26110,962179,3051206,0.46175944805145264
26111,962179,2978862,0.4586252272129059
26112,962179,4568696,0.45854872465133667
26113,962179,6575558,0.4583388566970825
26114,962179,3572851,0.45787253975868225
26115,962179,2003796,0.4571305811405182
26116,962179,2632688,0.45647019147872925
26117,962179,5427065,0.4561261236667633
26118,962179,6172638,0.4552139937877655
26119,962179,45358,0.4533460736274719
26120,962179,1178075,0.4513055682182312
26121,962179,7146272,0.45084577798843384
26122,962179,5053888,0.4508274793624878
26123,962179,7146269,0.45040035247802734
26124,962179,1006861,0.45037779211997986
26125,962179,4661981,0.45032382011413574
26126,962179,7354855,0.44993162155151367
26127,962179,2781435,0.44969141483306885
26128,962179,4511498,0.44953298568725586
26129,962179,2830859,0.4492873251438141
26130,962179,6675264,0.44910264015197754
26131,962179,8572717,0.44838613271713257
26132,962179,4146174,0.4483608305454254
26133,962179,4511497,0.4472585916519165
26134,962179,4511505,0.4464137554168701
26135,962179,2331253,0.44554662704467773
26136,962179,931127,0.4452388882637024
26137,962179,6222621,0.44493037462234497
26138,962179,3944785,0.44443607330322266
26139,962179,8572720,0.4444045126438141
26140,962179,4309122,0.4442966878414154
26141,962179,4606389,0.4438551664352417
26142,962179,4511501,0.4435232877731323
26143,962179,5572991,0.44347718358039856
26144,962179,5247211,0.44332355260849
26145,962179,1080784,0.44283992052078247
26146,962179,37920,0.4426552653312683
26147,962179,3156128,0.4423558712005615
26148,962179,5137738,0.4422314465045929
26149,962179,2372123,0.44216471910476685
26150,962179,7312595,0.4406520128250122
26151,962179,2535084,0.4402902126312256
26152,962179,907605,0.44001632928848267
26153,962179,5444923,0.4396638572216034
26154,962179,15378,0.4396045506000519
26155,962179,2501962,0.43873727321624756
26156,962179,348552,0.43809664249420166
26157,962179,302862,0.43765634298324585
26158,962179,3718393,0.43750911951065063
26159,962179,6904864,0.4370737671852112
26160,962179,8689059,0.4369659423828125
26161,962179,8768976,0.4365076422691345
26162,962179,6675259,0.4362867474555969
26163,962179,7838314,0.43537354469299316
26164,962179,4511504,0.4347783327102661
26165,962179,74741,0.4347163438796997
26166,962179,7222234,0.43467363715171814
26167,962179,8032267,0.43437111377716064
26168,962179,8785367,0.43427300453186035
26169,962179,4146170,0.434068500995636
26170,962179,181089,0.4333399832248688
26171,962179,8426270,0.4330878257751465
26172,962179,7825243,0.4325145483016968
26173,962179,2331245,0.4318329691886902
26174,962179,956187,0.43183016777038574
26175,962179,2582008,0.4317770004272461
26176,962179,1115941,0.4313132166862488
26177,962179,2604045,0.4312664270401001
26178,962179,3979130,0.43051737546920776
26179,962179,2925973,0.4303329288959503
26180,962179,4146178,0.4303254783153534
26181,962179,4168112,0.4299827218055725
26182,962179,4326999,0.42992451786994934
26183,962179,2978863,0.4298897385597229
26184,962179,3111420,0.42952603101730347
26185,962179,230733,0.4291481077671051
26186,962179,7252080,0.4288700222969055
26187,962179,3718394,0.42860978841781616
26188,962179,4974457,0.42806845903396606
26189,962179,6898290,0.42804357409477234
26190,962179,3633725,0.4277448356151581
26191,962179,526460,0.42767685651779175
26192,962179,6898295,0.42742976546287537
26193,962179,302864,0.42715057730674744
26194,962179,6675258,0.4269808530807495
26195,962179,4146179,0.4268389344215393
26196,962179,8392629,0.42653292417526245
26197,962179,1386571,0.42643508315086365
26198,962179,2705150,0.42619138956069946
26199,962179,7036465,0.42582210898399353
26200,962179,1645086,0.4257272779941559
26201,962179,2483871,0.42549625039100647
26202,962179,931126,0.42488110065460205
26203,962179,2375945,0.4245332181453705
26204,962179,38166,0.42434439063072205
26205,962179,8811426,0.42404723167419434
26206,962179,7126017,0.4238230586051941
26207,962179,5282332,0.42358022928237915
26208,962179,5053889,0.4232524633407593
26209,962179,4606384,0.4228976368904114
26210,962179,4240786,0.42250457406044006
26211,962179,6586198,0.42231452465057373
26212,962179,348556,0.42153993248939514
26213,962179,3156132,0.42113983631134033
26214,962179,2329694,0.4206655025482178
26215,962179,3610490,0.42058584094047546
26216,962179,5982183,0.4202848970890045
26217,962179,5444926,0.42022162675857544
26218,962179,4380725,0.42019709944725037
26219,962179,4146175,0.4200422763824463
26220,962179,2372124,0.4199567437171936
26221,962179,3544337,0.41983529925346375
26222,962179,6898292,0.41975831985473633
26223,962179,302869,0.4193858504295349
26224,962179,1475004,0.4191510081291199
26225,962179,5392675,0.4187922775745392
26226,962179,5653660,0.4183309078216553
26227,962179,1239614,0.4181613326072693
26228,962179,3292682,0.4181321859359741
26229,962179,5374952,0.4178396761417389
26230,962179,5372813,0.4175558090209961
26231,962179,1694182,0.4175358712673187
26232,962179,7785439,0.41726386547088623
26233,962179,4270016,0.41676536202430725
26234,962179,8085166,0.4163970649242401
26235,962179,5919341,0.41610991954803467
26236,962179,3023882,0.41601449251174927
26237,962179,6575563,0.41582995653152466
26238,962179,7110186,0.4157792627811432
26239,962179,3033197,0.41570428013801575
26240,962179,2929469,0.415591299533844
26241,962179,3931229,0.41496163606643677
26242,962179,3718554,0.4149470329284668
26243,962179,4610588,0.414397656917572
26244,962179,3696750,0.41408348083496094
26245,962179,4717426,0.41387295722961426
26246,962179,1645084,0.41325491666793823
26247,962179,2614979,0.4129566550254822
26248,962179,4040834,0.41275230050086975
26249,962179,1645088,0.41245037317276
26250,962179,6013393,0.4122587740421295
26251,962179,6837234,0.4122312664985657
26252,962179,7312599,0.4121796190738678
26253,962179,5427070,0.4115489721298218
26254,962179,7822425,0.4114390015602112
26255,962179,6694114,0.41132718324661255
26256,962179,931118,0.4113260507583618
26257,962179,6854625,0.41130542755126953
26258,962179,3747654,0.4112951159477234
26259,962179,8689058,0.41102510690689087
26260,962179,756844,0.4108787178993225
26261,962179,302866,0.4108177721500397
26262,962179,34913,0.41079655289649963
26263,962179,1237998,0.41076016426086426
26264,962179,137246,0.41047874093055725
26265,962179,7773283,0.4104481339454651
26266,962179,6898205,0.41031569242477417
26267,962179,5642480,0.40994566679000854
26268,962179,3823922,0.40987253189086914
26269,962179,1207691,0.4098193943500519
26270,962179,5000523,0.409599632024765
26271,962179,2131893,0.40947458148002625
26272,962179,1645083,0.40937039256095886
26273,962179,3219310,0.40935981273651123
26274,962179,318050,0.40898141264915466
26275,962179,8438482,0.4089582860469818
26276,962179,5935853,0.40864333510398865
26277,962179,4146171,0.40857231616973877
26278,962179,3139217,0.4085037112236023
26279,962179,3362274,0.4084480404853821
26280,962179,5773184,0.40841081738471985
26281,962179,2589902,0.40812885761260986
26282,962179,3738860,0.4078710079193115
26283,962179,7556257,0.4078064560890198
26284,962179,3798590,0.4072543978691101
26285,962179,5000521,0.4071020781993866
26286,962179,2589904,0.40699660778045654
26287,962179,2677984,0.40697139501571655
26288,962179,8657023,0.4067781865596771
26289,962179,2417373,0.40668365359306335
26290,962179,5073484,0.40659940242767334
26291,962179,758398,0.4061807096004486
26292,962179,5107039,0.4061320424079895
26293,962179,2705149,0.40611279010772705
26294,962179,8412338,0.4061090052127838
26295,962179,4378508,0.40552276372909546
26296,962179,3765489,0.40550100803375244
26297,962179,1260210,0.40542852878570557
26298,962179,3919211,0.40511542558670044
26299,962179,7428143,0.4050382971763611
26300,962179,4814368,0.4050356149673462
26301,962179,38158,0.40460944175720215
26302,962179,177376,0.4045160114765167
26303,962179,8768974,0.40450870990753174
26304,962179,298737,0.4042814373970032
26305,962179,7688513,0.40406498312950134
26306,962179,788405,0.40394318103790283
26307,962179,5642474,0.4036661386489868
26308,962179,7263067,0.4036570191383362
26309,962179,1127825,0.40363210439682007
26310,962179,5982180,0.4036315977573395
26311,962179,902366,0.4036030173301697
26312,962179,7590952,0.40358567237854004
26313,962179,5074814,0.40349578857421875
26314,962179,4887117,0.4032939672470093
26315,962179,2834587,0.4030386805534363
26316,962179,6388661,0.40300390124320984
26317,962179,2929465,0.402961790561676
26318,962179,199684,0.4028756022453308
26319,962179,6135044,0.4027434289455414
26320,962179,6575562,0.40263304114341736
26321,962179,3491346,0.4026220440864563
26322,962179,316581,0.40251216292381287
26323,962179,4146177,0.40236330032348633
26324,962179,3384392,0.40227779746055603
26325,962179,4561790,0.40219542384147644
26326,962179,7838313,0.40203315019607544
26327,962179,4960424,0.4019981026649475
26328,962179,3156130,0.401790589094162
26329,962179,3903127,0.4015793204307556
26330,962179,6320164,0.4015103578567505
26331,962179,4723176,0.40148141980171204
26332,962179,8392632,0.4013236165046692
26333,962179,2858350,0.4013020992279053
26334,962179,318049,0.4013010263442993
26335,962179,318286,0.40116405487060547
26336,962179,7935864,0.40102264285087585
26337,962179,6675261,0.4007704257965088
26338,962179,4816351,0.4006454348564148
26339,962179,3982060,0.4004301130771637
26340,962179,6675260,0.4003005027770996
26341,962179,931121,0.40019848942756653
26342,962179,6874064,0.40014317631721497
26343,962179,3755106,0.40001046657562256
26344,962179,2331025,0.40000057220458984
26345,962179,348553,0.3999863564968109
26346,962179,5053894,0.3999439477920532
26347,962179,6926595,0.3998465836048126
26348,962179,4717427,0.3998464345932007
26349,962179,3572859,0.3997381031513214
26350,962179,5053896,0.3996502161026001
26351,962179,2925971,0.3994861841201782
26352,962179,4146172,0.3994594216346741
26353,962179,2635952,0.39941543340682983
26354,962179,536180,0.39928603172302246
26355,962179,2964694,0.399137943983078
26356,962179,2279857,0.39900994300842285
26357,962179,5213312,0.39898568391799927
26358,962179,1860743,0.3989604413509369
26359,962179,1475000,0.3988848030567169
26360,962179,6136903,0.39884084463119507
26361,962179,4568467,0.3986937999725342
26362,962179,5362288,0.39868688583374023
26363,962179,2341986,0.3986152112483978
26364,962179,3479886,0.3985285460948944
26365,962179,4208741,0.3984217643737793
26366,962179,7749617,0.3983675241470337
26367,962179,2740779,0.39828842878341675
26368,962179,7428150,0.3982630968093872
26369,962179,4986656,0.3980603814125061
26370,962179,3265731,0.39787718653678894
26371,962179,6954824,0.3974562883377075
26372,962179,4523054,0.39744460582733154
26373,962179,4922549,0.3974301218986511
26374,962179,328957,0.39734041690826416
26375,962179,4661978,0.397321492433548
26376,962179,2534728,0.39729034900665283
26377,962179,3928724,0.39704927802085876
26378,962179,4606390,0.3970484733581543
26379,962179,7672919,0.3970440626144409
26380,962179,4180841,0.39694151282310486
26381,962179,7324118,0.3968227505683899
26382,962179,4146173,0.3967767357826233
26383,962179,1043743,0.39667269587516785
26384,962179,1992740,0.39659181237220764
26385,962179,2140714,0.39641502499580383
26386,962179,7927015,0.3963351845741272
26387,962179,5065113,0.3963117003440857
26388,962179,16220,0.39622342586517334
26389,962179,2121342,0.3961973488330841
26390,962179,3023884,0.39608094096183777
26391,962179,8082493,0.39607352018356323
26392,962179,6664636,0.39581260085105896
26393,962179,318052,0.39560994505882263
26394,962179,4036052,0.39550715684890747
26395,962179,2770867,0.39545315504074097
26396,962179,5389111,0.39540213346481323
26397,962179,2799426,0.395133912563324
26398,962179,3896632,0.3950745761394501
26399,962179,1238004,0.3950127959251404
26400,962179,4378509,0.39490729570388794
26401,962179,628900,0.3944096565246582
26402,962179,1006862,0.3943689465522766
26403,962179,3457714,0.3943273425102234
26404,962179,3938733,0.3943023681640625
26405,962179,3651871,0.39415740966796875
26406,962179,2841365,0.3940955400466919
26407,962179,65094,0.39409083127975464
26408,962179,2357114,0.39389097690582275
26409,962179,7206408,0.39388418197631836
26410,962179,8707924,0.39373111724853516
26411,962179,4755369,0.39363232254981995
26412,962179,7259901,0.3934709131717682
26413,962179,3934242,0.3934597969055176
26414,962179,8689051,0.3932439684867859
26415,962179,3234198,0.3931907117366791
26416,962179,5653653,0.3930593729019165
26417,962179,2149974,0.39305564761161804
26418,962179,3219303,0.39291730523109436
26419,962179,7600842,0.3929087221622467
26420,962179,34907,0.3928857743740082
26421,962179,491416,0.3928845524787903
26422,962179,8780169,0.3928401470184326
26423,962179,831074,0.3928034007549286
26424,962179,2218842,0.392776221036911
26425,962179,7938755,0.39272940158843994
26426,962179,5320368,0.39268797636032104
26427,962179,6134304,0.3926647901535034
26428,962179,121022,0.39262115955352783
26429,962179,4180835,0.3925780951976776
26430,962179,8689054,0.39246922731399536
26431,962179,1905057,0.3923770785331726
26432,962179,3104202,0.39232006669044495
26433,962179,3809232,0.3922087550163269
26434,962179,2457361,0.3921206593513489
26435,962179,4461477,0.3921092748641968
26436,962179,4040832,0.3920116126537323
26437,962179,5919337,0.3919968605041504
26438,962179,5427063,0.39178571105003357
26439,962179,3289622,0.3917725682258606
26440,962179,3343243,0.3914622664451599
26441,962179,5000517,0.39134347438812256
26442,962179,8811422,0.39125311374664307
26443,962179,7734298,0.3912087082862854
26444,962179,3585199,0.3911978602409363
26445,962179,4180839,0.39107805490493774
26446,962179,3422321,0.3910384178161621
26447,962179,3903126,0.3909991383552551
26448,962179,3560206,0.3909883499145508
26449,962179,6980699,0.39094918966293335
26450,962179,6980700,0.3908359706401825
26451,962179,931120,0.39081257581710815
26452,962179,1739160,0.3907751142978668
26453,962179,7294329,0.3906005620956421
26454,962179,5213307,0.39054906368255615
26455,962179,3422318,0.3904690444469452
26456,962179,4610590,0.39036521315574646
26457,962179,1396540,0.39035168290138245
26458,962179,4036916,0.3901333808898926
26459,962179,3738852,0.3901275396347046
26460,962179,6066777,0.39011669158935547
26461,962179,5257738,0.389942467212677
26462,962179,2332231,0.3898885250091553
26463,962179,8145320,0.3898777961730957
26464,962179,8839159,0.38986101746559143
26465,962179,2017003,0.3898121416568756
26466,962179,4240780,0.38978177309036255
26467,962179,4491619,0.3897676467895508
26468,962179,4610592,0.38955748081207275
26469,962179,3493767,0.38947808742523193
26470,962179,3331737,0.3894074857234955
26471,962179,3462299,0.3894074261188507
26472,962179,5053892,0.3893848955631256
26473,962179,4335222,0.38937094807624817
26474,962179,785166,0.3893251419067383
26475,962179,2838948,0.3890596628189087
26476,962179,2919198,0.3889390230178833
26477,962179,3244701,0.3887915015220642
26478,962179,8149290,0.38877618312835693
26479,962179,4229845,0.38871288299560547
26480,962179,65093,0.38870853185653687
26481,962179,3903125,0.3887065052986145
26482,962179,3903132,0.3886464834213257
26483,962179,5053897,0.38863348960876465
26484,962179,2527632,0.3885633945465088
26485,962179,3451355,0.3885454833507538
26486,962179,5251127,0.38847866654396057
26487,962179,6808218,0.38844528794288635
26488,962179,4928979,0.3883373737335205
26489,962179,3557335,0.38831865787506104
26490,962179,4717433,0.38823556900024414
26491,962179,4319753,0.38815659284591675
26492,962179,6575560,0.3879377841949463
26493,962179,3112292,0.38793182373046875
26494,962179,8790679,0.3878558278083801
26495,962179,2425847,0.3877113163471222
26496,962179,2151219,0.3876640498638153
26497,962179,8041699,0.3876262903213501
26498,962179,6338543,0.38761791586875916
26499,962179,5719225,0.38752228021621704
26500,962179,5347518,0.38749581575393677
26501,962179,1860740,0.3874886631965637
26502,962179,2433077,0.3874857425689697
26503,962179,2151220,0.38748258352279663
26504,962179,2269450,0.38748008012771606
26505,962179,526462,0.38747936487197876
26506,962179,4338229,0.3874725103378296
26507,962179,4857468,0.3872948884963989
26508,962179,7838310,0.38716575503349304
26509,962179,3920856,0.3871571719646454
26510,962179,65098,0.38708484172821045
26511,962179,6864574,0.3870682120323181
26512,962179,3104199,0.38703328371047974
26513,962179,4355813,0.3869013786315918
26514,962179,2705156,0.38682013750076294
26515,962179,3454550,0.3868153691291809
26516,962179,2589905,0.38678282499313354
26517,962179,5919900,0.3865203857421875
26518,962179,4760188,0.3864977955818176
26519,962179,328955,0.38637110590934753
26520,962179,3945423,0.3861377239227295
26521,962179,208548,0.38611435890197754
26522,962179,1707416,0.38611310720443726
26523,962179,8785370,0.38607579469680786
26524,962179,3903134,0.38604551553726196
26525,962179,2585762,0.3859547972679138
26526,962179,7921197,0.38571712374687195
26527,962179,6667366,0.385619580745697
26528,962179,3903129,0.3856032192707062
26529,962179,1668280,0.3855721950531006
26530,962179,7258670,0.38554906845092773
26531,962179,3027334,0.3855378329753876
26532,962179,318055,0.38546472787857056
26533,962179,5140270,0.3854309320449829
26534,962179,4501425,0.38539567589759827
26535,962179,3100583,0.38538339734077454
26536,962179,2394623,0.38526198267936707
26537,962179,3672470,0.38508641719818115
26538,962179,2582004,0.38501155376434326
26539,962179,2802973,0.38484299182891846
26540,962179,3954675,0.3846641182899475
26541,962179,3022637,0.3846396207809448
26542,962179,1406301,0.384633332490921
26543,962179,4746484,0.3845720887184143
26544,962179,5981539,0.3845686912536621
26545,962179,2775041,0.3845551013946533
26546,962179,7775928,0.3842747211456299
26547,962179,2386917,0.3842458128929138
26548,962179,4739784,0.38422495126724243
26549,962179,1396539,0.38408607244491577
26550,962179,8657019,0.3840276598930359
26551,962179,4831576,0.38401031494140625
26552,962179,7775931,0.3838728666305542
26553,962179,317331,0.3838682770729065
26554,962179,3651458,0.3836181163787842
26555,962179,4796599,0.38355207443237305
26556,962179,2144231,0.3835441470146179
26557,962179,3157962,0.38346606492996216
26558,962179,2742992,0.383464515209198
26559,962179,5207243,0.38344645500183105
26560,962179,3628302,0.3832773268222809
26561,962179,3216062,0.3832680881023407
26562,962179,81194,0.3832298815250397
26563,962179,31565,0.38295626640319824
26564,962179,2215337,0.38293254375457764
26565,962179,3572855,0.38287413120269775
26566,962179,3265293,0.3828009366989136
26567,962179,3936715,0.38272732496261597
26568,962179,1706438,0.3826402723789215
26569,962179,7376224,0.38248658180236816
26570,962179,2329206,0.382359117269516
26571,962179,2836725,0.3820408582687378
26572,962179,5002394,0.3820219337940216
26573,962179,8063227,0.3818901777267456
26574,962179,5146054,0.38188600540161133
26575,962179,2449890,0.3816927969455719
26576,962179,2116009,0.38166147470474243
26577,962179,902368,0.38164883852005005
26578,962179,6736176,0.3814748525619507
26579,962179,5213305,0.38143983483314514
26580,962179,1706169,0.3812522292137146
26581,962179,5187119,0.3810715675354004
26582,962179,5558,0.38103121519088745
26583,962179,8514818,0.38101673126220703
26584,962179,1233680,0.380920946598053
26585,962179,1183624,0.3808589577674866
26586,962179,3123869,0.380832314491272
26587,962179,4957301,0.3808293342590332
26588,962179,609818,0.3804085850715637
26589,962179,5053890,0.38040465116500854
26590,962179,5408098,0.38036420941352844
26591,962179,7194488,0.38034841418266296
26592,962179,2306733,0.3803219199180603
26593,962179,2329200,0.38029348850250244
26594,962179,2697160,0.3801654577255249
26595,962179,1706782,0.38015055656433105
26596,962179,4563604,0.38014867901802063
26597,962179,2684305,0.3800393342971802
26598,962179,3060,0.37997379899024963
26599,962179,961916,0.37996405363082886
26600,962179,5935849,0.3799284100532532
26601,962179,6575567,0.37974902987480164
26602,962179,2941072,0.37970221042633057
26603,962179,4448483,0.37957918643951416
26604,962179,8230426,0.3794463276863098
26605,962179,5569719,0.37934044003486633
26606,962179,3524909,0.3792775273323059
26607,962179,758394,0.37927165627479553
26608,962179,2386919,0.3792704939842224
26609,962179,3765676,0.37925243377685547
26610,962179,2618027,0.3792301416397095
26611,962179,8689053,0.37906450033187866
26612,962179,4267489,0.3790111541748047
26613,962179,2030582,0.378991961479187
26614,962179,985651,0.37897971272468567
26615,962179,4299968,0.37891697883605957
26616,962179,4491617,0.3788793087005615
26617,962179,2591707,0.3788524866104126
26618,962179,7688509,0.3788018822669983
26619,962179,3816886,0.3787290155887604
26620,962179,4174063,0.3786873519420624
26621,962179,4335228,0.3785540461540222
26622,962179,4717425,0.3785250782966614
26623,962179,5886688,0.37847840785980225
26624,962179,8148591,0.37839531898498535
26625,962179,4213814,0.3783494532108307
26626,962179,2369945,0.3782220780849457
26627,962179,5230645,0.3781905770301819
26628,962179,65091,0.37797093391418457
26629,962179,4610591,0.3778335452079773
26630,962179,3046360,0.37775808572769165
26631,962179,3501202,0.3777158856391907
26632,962179,4756995,0.3775462508201599
26633,962179,8159297,0.3775453269481659
26634,962179,5000525,0.3775367736816406
26635,962179,657800,0.37753409147262573
26636,962179,5213310,0.37749984860420227
26637,962179,3169508,0.3774767220020294
26638,962179,4686890,0.377381831407547
26639,962179,7815453,0.3772439956665039
26640,962179,62601,0.3772364854812622
26641,962179,6054854,0.3770403265953064
26642,962179,7401424,0.37702038884162903
26643,962179,4940129,0.3769996762275696
26644,962179,4248137,0.3769713044166565
26645,962179,3988690,0.37686771154403687
26646,962179,4957300,0.3767739236354828
26647,962179,4338230,0.3767428398132324
26648,962179,7428146,0.3767390251159668
26649,962179,1811703,0.37673643231391907
26650,962179,7688508,0.3767353296279907
26651,962179,8792844,0.37667131423950195
26652,962179,7249899,0.37664759159088135
26653,962179,2882463,0.37664276361465454
26654,962179,3493766,0.37649959325790405
26655,962179,341653,0.3764715790748596
26656,962179,3258655,0.37640780210494995
26657,962179,529455,0.3763650953769684
26658,962179,3903131,0.37632352113723755
26659,962179,4160391,0.3761864900588989
26660,962179,8746005,0.3761178255081177
26661,962179,2237749,0.37557077407836914
26662,962179,4240781,0.3755645751953125
26663,962179,7573554,0.37544459104537964
26664,962179,81195,0.3753809928894043
26665,962179,5592725,0.37536531686782837
26666,962179,6980701,0.37535572052001953
26667,962179,4923068,0.3752621114253998
26668,962179,7755210,0.37517237663269043
26669,962179,5897311,0.37516310811042786
26670,962179,4209394,0.37514638900756836
26671,962179,3919216,0.37513023614883423
26672,962179,3169507,0.3750762939453125
26673,962179,3783315,0.37504643201828003
26674,962179,2693172,0.3750067949295044
26675,962179,2361704,0.3749645948410034
26676,962179,8787801,0.37461644411087036
26677,962179,8244417,0.3746124505996704
26678,962179,5305190,0.37447306513786316
26679,962179,3008792,0.37444692850112915
26680,962179,2757642,0.37428784370422363
26681,962179,2334992,0.3742850422859192
26682,962179,37919,0.3740857243537903
26683,962179,4259379,0.3740709125995636
26684,962179,2690003,0.37402307987213135
26685,962179,3242404,0.3739820420742035
26686,962179,1199231,0.3739224672317505
26687,962179,2915689,0.3737841248512268
26688,962179,3413959,0.3737809360027313
26689,962179,7597259,0.37373214960098267
26690,962179,5247212,0.37368303537368774
26691,962179,3371641,0.3735637068748474
26692,962179,8816613,0.37355226278305054
26693,962179,3258656,0.37339943647384644
26694,962179,3560208,0.3733978271484375
26695,962179,1238852,0.3732181191444397
26696,962179,3369577,0.37306588888168335
26697,962179,8785156,0.3730594515800476
26698,962179,3796614,0.3730182647705078
26699,962179,3504096,0.37295475602149963
26700,962179,8514816,0.37284529209136963
26701,962179,2312632,0.3728393018245697
26702,962179,4566895,0.3727225661277771
26703,962179,36734,0.3726854920387268
26704,962179,4678293,0.3725138008594513
26705,962179,5347521,0.37244194746017456
26706,962179,350535,0.37219083309173584
26707,962179,7730928,0.37203502655029297
26708,962179,6736175,0.37194883823394775
26709,962179,3456808,0.37193772196769714
26710,962179,2097494,0.3719334006309509
26711,962179,4146176,0.37192004919052124
26712,962179,2033623,0.37187808752059937
26713,962179,5030981,0.3718253970146179
26714,962179,3343303,0.37178531289100647
26715,962179,1768991,0.37173187732696533
26716,962179,7731430,0.3717248737812042
26717,962179,277974,0.3717184066772461
26718,962179,2854168,0.3716689348220825
26719,962179,1006868,0.3716508746147156
26720,962179,5444924,0.37134993076324463
26721,962179,7853375,0.37126654386520386
26722,962179,3278514,0.371224582195282
26723,962179,7523436,0.37120845913887024
26724,962179,3726337,0.37102174758911133
26725,962179,3691024,0.37100696563720703
26726,962179,6210481,0.3710061311721802
26727,962179,2653067,0.37098607420921326
26728,962179,3738858,0.37090012431144714
26729,962179,2797843,0.3708947002887726
26730,962179,4549654,0.37084686756134033
26731,962179,7396922,0.3708406686782837
26732,962179,2719088,0.37074464559555054
26733,962179,6819922,0.3707065284252167
26734,962179,7757306,0.37068361043930054
26735,962179,2759173,0.37056028842926025
26736,962179,1006859,0.37046223878860474
26737,962179,3954677,0.37038618326187134
26738,962179,3717916,0.37029707431793213
26739,962179,3738854,0.3702388405799866
26740,962179,4937142,0.37006527185440063
26741,962179,2375946,0.37003862857818604
26742,962179,4186987,0.369947612285614
26743,962179,724895,0.369897723197937
26744,962179,3237597,0.369889497756958
26745,962179,3076367,0.3698875606060028
26746,962179,6979408,0.3698629140853882
26747,962179,3616516,0.3698059320449829
26748,962179,2247415,0.369793176651001
26749,962179,2865321,0.3695814609527588
26750,962179,635961,0.36957794427871704
26751,962179,2996552,0.369512140750885
26752,962179,3493769,0.36949142813682556
26753,962179,4841826,0.36944711208343506
26754,962179,985650,0.369431734085083
26755,962179,4846061,0.3693782389163971
26756,962179,7916402,0.3693627715110779
26757,962179,8670259,0.36933770775794983
26758,962179,3380330,0.3692857623100281
26759,962179,1882570,0.36923089623451233
26760,962179,5931181,0.369207501411438
26761,962179,3979190,0.36915385723114014
26762,962179,7515022,0.36913275718688965
26763,962179,2598904,0.36909210681915283
26764,962179,2393216,0.3690376579761505
26765,962179,3457711,0.3689563572406769
26766,962179,5034367,0.3689519762992859
26767,962179,4976378,0.3688170909881592
26768,962179,3605882,0.368625670671463
26769,962179,5444925,0.3685570955276489
26770,962179,7935122,0.3684748709201813
26771,962179,520139,0.3683776557445526
26772,962179,4715905,0.36836016178131104
26773,962179,2298687,0.368256151676178
26774,962179,3139218,0.36824989318847656
26775,962179,4564745,0.3682304620742798
26776,962179,3958152,0.3682247996330261
26777,962179,5501489,0.3681630790233612
26778,962179,2775045,0.3681415021419525
26779,962179,305931,0.36800867319107056
26780,962179,7666568,0.3678378462791443
26781,962179,7973820,0.36783307790756226
26782,962179,4319754,0.3677775263786316
26783,962179,4103747,0.3677050471305847
26784,962179,3251635,0.36768049001693726
26785,962179,3982056,0.36760973930358887
26786,962179,4055745,0.36750930547714233
26787,962179,8198785,0.36749768257141113
26788,962179,7467004,0.36748820543289185
26789,962179,5956177,0.3674509823322296
26790,962179,7977614,0.3674408793449402
26791,962179,2131892,0.36741793155670166
26792,962179,7815022,0.36732953786849976
26793,962179,6136907,0.36711665987968445
26794,962179,8768359,0.36710989475250244
26795,962179,5251123,0.36709287762641907
26796,962179,4960415,0.36707603931427
26797,962179,2618625,0.3670729398727417
26798,962179,4448477,0.36706995964050293
26799,962179,4355023,0.3670571446418762
26800,962179,902373,0.3670193552970886
26801,962179,8811427,0.3670159578323364
26802,962179,2879321,0.366982102394104
26803,962179,6675265,0.3669677674770355
26804,962179,3738508,0.36692336201667786
26805,962179,2334997,0.3667857050895691
26806,962179,1278487,0.366782546043396
26807,962179,2710919,0.3667724132537842
26808,962179,4036918,0.3666679263114929
26809,962179,7822426,0.36663830280303955
26810,962179,6440648,0.3666343092918396
26811,962179,49781,0.3665699362754822
26812,962179,8745996,0.366546094417572
26813,962179,78529,0.36651498079299927
26814,962179,6292826,0.36630940437316895
26815,962179,5931178,0.366153359413147
26816,962179,4069651,0.36603641510009766
26817,962179,4723170,0.36601704359054565
26818,962179,3139578,0.3659040927886963
26819,962179,7025022,0.36589494347572327
26820,962179,7312838,0.3658348023891449
26821,962179,3509091,0.3658323884010315
26822,962179,3661633,0.36581143736839294
26823,962179,6372541,0.3656533658504486
26824,962179,7820958,0.3655579090118408
26825,962179,3115414,0.36546796560287476
26826,962179,976345,0.36534571647644043
26827,962179,6720478,0.3652302920818329
26828,962179,4358082,0.365201473236084
26829,962179,2874698,0.3651867210865021
26830,962179,1207686,0.36515137553215027
26831,962179,3457706,0.36513978242874146
26832,962179,7344694,0.3651048541069031
26833,962179,5653651,0.36506709456443787
26834,962179,2536371,0.3649742901325226
26835,962179,34912,0.3649446964263916
26836,962179,3673195,0.364883154630661
26837,962179,4796595,0.36486536264419556
26838,962179,3896629,0.3648248314857483
26839,962179,6139960,0.36476874351501465
26840,962179,2054338,0.36476099491119385
26841,962179,3286421,0.36471134424209595
26842,962179,5305186,0.36467722058296204
26843,962179,2648382,0.364654541015625
26844,962179,931119,0.3645809590816498
26845,962179,5642479,0.3645140528678894
26846,962179,6139266,0.3644666075706482
26847,962179,3646975,0.36438417434692383
26848,962179,6292825,0.36436858773231506
26849,962179,3469457,0.3643434941768646
26850,962179,2836728,0.36429837346076965
26851,962179,1238003,0.364279180765152
26852,962179,4240784,0.3642655909061432
26853,962179,2057573,0.36425697803497314
26854,962179,497792,0.3642566204071045
26855,962179,7306861,0.3642408549785614
26856,962179,2526914,0.3642362654209137
26857,962179,817933,0.3641318380832672
26858,962179,6887572,0.3641098737716675
26859,962179,3159172,0.36399173736572266
26860,962179,2862513,0.3639560043811798
26861,962179,5235601,0.3639257550239563
26862,962179,4533102,0.36388739943504333
26863,962179,2426566,0.3638438582420349
26864,962179,4219984,0.3638337254524231
26865,962179,7839587,0.3637292981147766
26866,962179,2425503,0.36372315883636475
26867,962179,8404264,0.3637099266052246
26868,962179,5956176,0.36369967460632324
26869,962179,5241105,0.3636891841888428
26870,962179,2056185,0.3636561632156372
26871,962179,4629940,0.3635542392730713
26872,962179,3065774,0.3635430932044983
26873,962179,4785201,0.36354005336761475
26874,962179,6896196,0.36353492736816406
26875,962179,1475249,0.36351990699768066
26876,962179,6292821,0.36343133449554443
26877,962179,999691,0.36337772011756897
26878,962179,4855565,0.3633735179901123
26879,962179,3232126,0.36332374811172485
26880,962179,6963403,0.3632909655570984
26881,962179,1207690,0.363266259431839
26882,962179,3139221,0.36316177248954773
26883,962179,1340920,0.3630981147289276
26884,962179,7525909,0.363076388835907
26885,962179,2393220,0.36303484439849854
26886,962179,4732789,0.3630114793777466
26887,962179,3462297,0.36291322112083435
26888,962179,8305944,0.36277246475219727
26889,962179,2719087,0.3627620339393616
26890,962179,2461740,0.3627301752567291
26891,962179,3074999,0.36267030239105225
26892,962179,7659016,0.3625708520412445
26893,962179,3652302,0.36250603199005127
26894,962179,4284247,0.3624332845211029
26895,962179,5389741,0.3624125123023987
26896,962179,976350,0.36240458488464355
26897,962179,6602127,0.3623002767562866
26898,962179,2816573,0.36229169368743896
26899,962179,3951522,0.3622780740261078
26900,962179,4945280,0.36225125193595886
26901,962179,6963400,0.36224982142448425
26902,962179,677307,0.36223670840263367
26903,962179,3013399,0.3622029721736908
26904,962179,7727753,0.3621412515640259
26905,962179,2593631,0.36213454604148865
26906,962179,3616514,0.36202317476272583
26907,962179,3056590,0.3619718551635742
26908,962179,2279807,0.36192113161087036
26909,962179,4381474,0.36191484332084656
26910,962179,2574268,0.3618110418319702
26911,962179,5233106,0.36180824041366577
26912,962179,4033039,0.3617423176765442
26913,962179,4213803,0.3617364168167114
26914,962179,65092,0.3617197275161743
26915,962179,3589572,0.3616952896118164
26916,962179,3167831,0.3616616427898407
26917,962179,4083236,0.3616199791431427
26918,962179,25202,0.3616176247596741
26919,962179,5417384,0.36161333322525024
26920,962179,2311096,0.3616096079349518
26921,962179,5044936,0.36157387495040894
26922,962179,4159377,0.36154359579086304
26923,962179,1332423,0.36148393154144287
26924,962179,1992046,0.3614587187767029
26925,962179,2272891,0.36141669750213623
26926,962179,2690001,0.36137011647224426
26927,962179,8362438,0.36133837699890137
26928,962179,3157349,0.3612976372241974
26929,962179,2941071,0.3612702488899231
26930,962179,2905415,0.36124199628829956
26931,962179,5405858,0.3612409830093384
26932,962179,3131899,0.3611859381198883
26933,962179,77707,0.36117273569107056
26934,962179,529456,0.36116960644721985
26935,962179,3726334,0.3611334562301636
26936,962179,4448479,0.3611230254173279
26937,962179,2653064,0.3611135482788086
26938,962179,8811650,0.3611080050468445
26939,962179,7757307,0.3610782027244568
26940,962179,3738857,0.36106956005096436
26941,962179,4119790,0.36103355884552
26942,962179,7156513,0.36089739203453064
26943,962179,5444922,0.3607664406299591
26944,962179,8771554,0.36060062050819397
26945,962179,3665193,0.3606000542640686
26946,962179,8540133,0.3605988621711731
26947,962179,5067805,0.36058610677719116
26948,962179,6100668,0.3604964315891266
26949,962179,2416234,0.36048489809036255
26950,962179,2293004,0.36046820878982544
26951,962179,6539255,0.3604305386543274
26952,962179,4756996,0.36040791869163513
26953,962179,25195,0.36039096117019653
26954,962179,8690900,0.36033201217651367
26955,962179,4727230,0.36033037304878235
26956,962179,6369076,0.36031484603881836
26957,962179,4984295,0.3602364957332611
26958,962179,2250322,0.36022719740867615
26959,962179,5806053,0.3602229952812195
26960,962179,436879,0.36016541719436646
26961,962179,2155998,0.3601230978965759
26962,962179,3585203,0.3601166605949402
26963,962179,1522077,0.36008256673812866
26964,962179,3254130,0.3600810766220093
26965,962179,7294330,0.36007291078567505
26966,962179,7343103,0.3599979877471924
26967,962179,5948222,0.3599332869052887
26968,962179,5593903,0.3598787188529968
26969,962179,2835069,0.3597673773765564
26970,962179,4208740,0.35971730947494507
26971,962179,4771744,0.3595907688140869
26972,962179,4831574,0.35957789421081543
26973,962179,2748824,0.3595573902130127
26974,962179,5389107,0.3595380485057831
26975,962179,4646744,0.3595295548439026
26976,962179,2925970,0.35951417684555054
26977,962179,2311089,0.3594975173473358
26978,962179,5289937,0.3594748377799988
26979,962179,4067674,0.35947394371032715
26980,962179,2793568,0.3594653308391571
26981,962179,8750586,0.3594135642051697
26982,962179,4240779,0.35939666628837585
26983,962179,616998,0.35938066244125366
26984,962179,4598213,0.35934334993362427
26985,962179,3815554,0.3593274652957916
26986,962179,6129247,0.35928571224212646
26987,962179,1669846,0.3592512011528015
26988,962179,812396,0.3592374324798584
26989,962179,8811425,0.35922130942344666
26990,962179,4195550,0.35920989513397217
26991,962179,5832492,0.35920095443725586
26992,962179,2470224,0.3591865301132202
26993,962179,4703912,0.3591521382331848
26994,962179,3014990,0.35909706354141235
26995,962179,4036047,0.35909175872802734
26996,962179,6341370,0.35907185077667236
26997,962179,5372816,0.359022855758667
26998,962179,2144229,0.35898739099502563
26999,962179,3602645,0.35884201526641846
27000,1037798,8760871,0.594024658203125
27001,1037798,13689,0.5654337406158447
27002,1037798,3353333,0.5601571798324585
27003,1037798,3620986,0.5534679889678955
27004,1037798,2140944,0.5523496866226196
27005,1037798,8760864,0.539486289024353
27006,1037798,3353331,0.5257501602172852
27007,1037798,8760867,0.5238199234008789
27008,1037798,13686,0.5214968919754028
27009,1037798,7758392,0.5184117555618286
27010,1037798,3353327,0.5149748921394348
27011,1037798,4188832,0.5094454288482666
27012,1037798,52632,0.508759081363678
27013,1037798,8760866,0.5060285329818726
27014,1037798,2360252,0.5042883157730103
27015,1037798,5523765,0.503939151763916
27016,1037798,2697971,0.5032247304916382
27017,1037798,94171,0.5016093850135803
27018,1037798,8172029,0.5015354752540588
27019,1037798,8760870,0.5013058185577393
27020,1037798,5927423,0.4976755380630493
27021,1037798,7492493,0.49762555956840515
27022,1037798,2474675,0.4968793988227844
27023,1037798,8760873,0.49505332112312317
27024,1037798,2258763,0.4938463866710663
27025,1037798,4715286,0.4930184483528137
27026,1037798,5432809,0.49280548095703125
27027,1037798,52631,0.4916176497936249
27028,1037798,7459945,0.491507351398468
27029,1037798,52630,0.4848223924636841
27030,1037798,5048795,0.48423296213150024
27031,1037798,7917032,0.4838024377822876
27032,1037798,6988326,0.48349928855895996
27033,1037798,506140,0.48288363218307495
27034,1037798,2360245,0.48185503482818604
27035,1037798,3620983,0.4812183380126953
27036,1037798,2258765,0.48059314489364624
27037,1037798,3620991,0.4796081781387329
27038,1037798,4053679,0.479434072971344
27039,1037798,4738848,0.4777557849884033
27040,1037798,7822415,0.47756701707839966
27041,1037798,3187018,0.4775322675704956
27042,1037798,1218178,0.474413126707077
27043,1037798,2697968,0.4741188883781433
27044,1037798,2698086,0.47301360964775085
27045,1037798,6983693,0.4723832607269287
27046,1037798,479276,0.4723382890224457
27047,1037798,5962054,0.4722721576690674
27048,1037798,2970895,0.47220033407211304
27049,1037798,3187019,0.4716932773590088
27050,1037798,8398820,0.47150883078575134
27051,1037798,2232011,0.4705691933631897
27052,1037798,5048796,0.46808290481567383
27053,1037798,2360248,0.4652193784713745
27054,1037798,7473860,0.4648406207561493
27055,1037798,4114288,0.4640645682811737
27056,1037798,3150376,0.4637608528137207
27057,1037798,2094540,0.46326008439064026
27058,1037798,38045,0.4627838730812073
27059,1037798,5353458,0.4623413681983948
27060,1037798,2701087,0.462288498878479
27061,1037798,3265446,0.46225878596305847
27062,1037798,2792958,0.46143120527267456
27063,1037798,2821763,0.4610469937324524
27064,1037798,3100717,0.46007439494132996
27065,1037798,8764647,0.46007317304611206
27066,1037798,2403951,0.4588810205459595
27067,1037798,2970892,0.4585492014884949
27068,1037798,2970891,0.4574938714504242
27069,1037798,3077997,0.45744943618774414
27070,1037798,6885182,0.45599061250686646
27071,1037798,7508563,0.45561930537223816
27072,1037798,2930341,0.45520371198654175
27073,1037798,7293223,0.4542416036128998
27074,1037798,2321254,0.4542331397533417
27075,1037798,4833478,0.4541095495223999
27076,1037798,6983691,0.4540286064147949
27077,1037798,7903191,0.4538073241710663
27078,1037798,75050,0.4531283378601074
27079,1037798,2787508,0.4521467685699463
27080,1037798,923295,0.45200949907302856
27081,1037798,4953446,0.45184510946273804
27082,1037798,7610104,0.45115819573402405
27083,1037798,5534272,0.4508398175239563
27084,1037798,3402664,0.45060455799102783
27085,1037798,2496739,0.4501042366027832
27086,1037798,4604405,0.44943904876708984
27087,1037798,7293227,0.44940412044525146
27088,1037798,7877233,0.44919082522392273
27089,1037798,1356120,0.44918036460876465
27090,1037798,2551260,0.4488721489906311
27091,1037798,3150377,0.4469405710697174
27092,1037798,4270506,0.44678619503974915
27093,1037798,4411120,0.4454389214515686
27094,1037798,6988328,0.44543391466140747
27095,1037798,2970897,0.44495338201522827
27096,1037798,6988325,0.4449516534805298
27097,1037798,2748803,0.4442293345928192
27098,1037798,3195400,0.4440882205963135
27099,1037798,2803567,0.44376319646835327
27100,1037798,7253349,0.4434436559677124
27101,1037798,3468165,0.4429221749305725
27102,1037798,8780810,0.4425544738769531
27103,1037798,6515872,0.44239217042922974
27104,1037798,3388630,0.4420340657234192
27105,1037798,2470420,0.44177889823913574
27106,1037798,5566373,0.44158080220222473
27107,1037798,4298389,0.4410390853881836
27108,1037798,4436165,0.4410092234611511
27109,1037798,236181,0.44071340560913086
27110,1037798,896906,0.4405396580696106
27111,1037798,8167012,0.44015446305274963
27112,1037798,2472467,0.43990105390548706
27113,1037798,4849056,0.4398996829986572
27114,1037798,1787250,0.4386851191520691
27115,1037798,2749981,0.43809354305267334
27116,1037798,7917030,0.43689480423927307
27117,1037798,2701088,0.4366968870162964
27118,1037798,2457175,0.4363024830818176
27119,1037798,2421015,0.4362192451953888
27120,1037798,6962480,0.43609118461608887
27121,1037798,2321255,0.4357028007507324
27122,1037798,52629,0.4352271854877472
27123,1037798,3730155,0.43498897552490234
27124,1037798,1612693,0.4346587359905243
27125,1037798,5126659,0.4338814914226532
27126,1037798,7730213,0.43349528312683105
27127,1037798,5432807,0.43338197469711304
27128,1037798,8224675,0.433330774307251
27129,1037798,2803574,0.43298643827438354
27130,1037798,7285787,0.4328458905220032
27131,1037798,7473862,0.432705283164978
27132,1037798,2360247,0.4322401285171509
27133,1037798,2617932,0.4321371912956238
27134,1037798,4849057,0.431605726480484
27135,1037798,8135054,0.43100565671920776
27136,1037798,2470418,0.4309832453727722
27137,1037798,6135486,0.430794358253479
27138,1037798,7246122,0.43048009276390076
27139,1037798,4948774,0.4298889636993408
27140,1037798,2756206,0.4298474192619324
27141,1037798,7253357,0.429570734500885
27142,1037798,7794886,0.42952120304107666
27143,1037798,5937614,0.4293281137943268
27144,1037798,2756309,0.42891567945480347
27145,1037798,5392831,0.4287741184234619
27146,1037798,2991611,0.4280271530151367
27147,1037798,7459941,0.42791253328323364
27148,1037798,2321256,0.4278639853000641
27149,1037798,4767146,0.4272100329399109
27150,1037798,4953438,0.42715513706207275
27151,1037798,4603328,0.42713335156440735
27152,1037798,2940993,0.42712146043777466
27153,1037798,1978023,0.4265502095222473
27154,1037798,6761261,0.4262693524360657
27155,1037798,3247266,0.4261857867240906
27156,1037798,8224670,0.4260662794113159
27157,1037798,6929176,0.4259084463119507
27158,1037798,2400601,0.4257165193557739
27159,1037798,2628036,0.42497169971466064
27160,1037798,2511152,0.424824595451355
27161,1037798,3883422,0.4239646792411804
27162,1037798,3926211,0.42380017042160034
27163,1037798,7948020,0.4231843054294586
27164,1037798,4958447,0.4229266047477722
27165,1037798,4436166,0.42265036702156067
27166,1037798,2213411,0.4225904941558838
27167,1037798,7848211,0.42193180322647095
27168,1037798,8239329,0.421436071395874
27169,1037798,2662474,0.4212285280227661
27170,1037798,4932830,0.4211414158344269
27171,1037798,5864786,0.4209335446357727
27172,1037798,75049,0.4208870828151703
27173,1037798,7759410,0.4207850992679596
27174,1037798,5748535,0.42076653242111206
27175,1037798,7663286,0.4205563962459564
27176,1037798,4941343,0.42037755250930786
27177,1037798,4833476,0.41979408264160156
27178,1037798,5013891,0.41954630613327026
27179,1037798,7281941,0.4188721776008606
27180,1037798,806743,0.4186454117298126
27181,1037798,8082193,0.4185425043106079
27182,1037798,8186759,0.418266624212265
27183,1037798,2483449,0.41811397671699524
27184,1037798,6792181,0.41776901483535767
27185,1037798,2876157,0.41730737686157227
27186,1037798,2921097,0.41719841957092285
27187,1037798,5175256,0.4171202778816223
27188,1037798,2970890,0.41705307364463806
27189,1037798,7843724,0.41665077209472656
27190,1037798,2536395,0.41658979654312134
27191,1037798,5175254,0.41648775339126587
27192,1037798,5904345,0.41599041223526
27193,1037798,5330241,0.4159029424190521
27194,1037798,4095441,0.41585808992385864
27195,1037798,2963527,0.41585201025009155
27196,1037798,5323928,0.415553480386734
27197,1037798,5385710,0.4154288172721863
27198,1037798,6121893,0.41519731283187866
27199,1037798,7962547,0.4147961139678955
27200,1037798,8677702,0.41472649574279785
27201,1037798,204868,0.4146687388420105
27202,1037798,6296889,0.41457122564315796
27203,1037798,3245239,0.4145657420158386
27204,1037798,2157450,0.4143524169921875
27205,1037798,3166513,0.41435113549232483
27206,1037798,676451,0.41415122151374817
27207,1037798,2698324,0.41408026218414307
27208,1037798,3756963,0.4139348268508911
27209,1037798,7285796,0.4139097332954407
27210,1037798,2470417,0.4133712947368622
27211,1037798,5957151,0.41314196586608887
27212,1037798,8553474,0.413118839263916
27213,1037798,363567,0.4127829074859619
27214,1037798,4436170,0.4126403331756592
27215,1037798,7948025,0.41230615973472595
27216,1037798,3265451,0.412143349647522
27217,1037798,3461575,0.4118959307670593
27218,1037798,3305231,0.41121089458465576
27219,1037798,3150375,0.41108402609825134
27220,1037798,4701013,0.410928338766098
27221,1037798,1513331,0.41090765595436096
27222,1037798,6024054,0.4107826352119446
27223,1037798,2403955,0.41073668003082275
27224,1037798,4611456,0.41072651743888855
27225,1037798,7961603,0.4103620648384094
27226,1037798,1218176,0.4096110165119171
27227,1037798,6606580,0.4094657897949219
27228,1037798,8734191,0.4092312455177307
27229,1037798,8196106,0.40863487124443054
27230,1037798,5013887,0.40847766399383545
27231,1037798,75056,0.40839138627052307
27232,1037798,8752626,0.40836432576179504
27233,1037798,1329503,0.40822356939315796
27234,1037798,5331924,0.4081992208957672
27235,1037798,4674250,0.40804681181907654
27236,1037798,8695537,0.40795454382896423
27237,1037798,4392098,0.4076942205429077
27238,1037798,8695541,0.407676100730896
27239,1037798,7536847,0.4068538546562195
27240,1037798,671988,0.4067951440811157
27241,1037798,7264315,0.4066532254219055
27242,1037798,3166509,0.4066266119480133
27243,1037798,676454,0.4064721167087555
27244,1037798,4824243,0.4063206613063812
27245,1037798,3679721,0.40611520409584045
27246,1037798,6670911,0.4059864282608032
27247,1037798,2699723,0.40582919120788574
27248,1037798,7253355,0.4058104157447815
27249,1037798,3779582,0.4058045744895935
27250,1037798,8780809,0.4054016172885895
27251,1037798,7419282,0.40508806705474854
27252,1037798,1557165,0.4049791097640991
27253,1037798,3187020,0.4049195647239685
27254,1037798,8695538,0.4048371911048889
27255,1037798,5649573,0.4048228859901428
27256,1037798,1065113,0.40479689836502075
27257,1037798,8553478,0.40458571910858154
27258,1037798,5175421,0.40446174144744873
27259,1037798,7057496,0.40407148003578186
27260,1037798,2342249,0.4035244882106781
27261,1037798,4853963,0.40344154834747314
27262,1037798,2940998,0.403351366519928
27263,1037798,4936572,0.4031165838241577
27264,1037798,3835875,0.40299537777900696
27265,1037798,7762656,0.40291813015937805
27266,1037798,2970894,0.4025043249130249
27267,1037798,2779205,0.4023537337779999
27268,1037798,8776923,0.4022696912288666
27269,1037798,6444265,0.4021233320236206
27270,1037798,7917035,0.40199536085128784
27271,1037798,8220986,0.40187057852745056
27272,1037798,4468755,0.40171146392822266
27273,1037798,6929174,0.4016721248626709
27274,1037798,7759404,0.4015308916568756
27275,1037798,8082192,0.40145599842071533
27276,1037798,2447965,0.4014464020729065
27277,1037798,5416112,0.40144112706184387
27278,1037798,2457181,0.40114739537239075
27279,1037798,2273340,0.40106767416000366
27280,1037798,8166630,0.40099623799324036
27281,1037798,1308512,0.4008876085281372
27282,1037798,8032858,0.40083086490631104
27283,1037798,8800181,0.40076524019241333
27284,1037798,2273333,0.40070170164108276
27285,1037798,4114281,0.4006021320819855
27286,1037798,2475414,0.40031570196151733
27287,1037798,5416117,0.4001390337944031
27288,1037798,5124586,0.40012723207473755
27289,1037798,2246946,0.3996635377407074
27290,1037798,5286397,0.3996269404888153
27291,1037798,3029217,0.399553120136261
27292,1037798,1043107,0.39953792095184326
27293,1037798,2596786,0.3990972936153412
27294,1037798,3086168,0.39871883392333984
27295,1037798,4099535,0.3985286355018616
27296,1037798,2698316,0.39843231439590454
27297,1037798,506134,0.39842545986175537
27298,1037798,4329342,0.39840805530548096
27299,1037798,6296881,0.3979496359825134
27300,1037798,7258987,0.3978227972984314
27301,1037798,1218174,0.39766281843185425
27302,1037798,8166631,0.3974494934082031
27303,1037798,5585227,0.39735856652259827
27304,1037798,5284230,0.3973075747489929
27305,1037798,7778842,0.3972134590148926
27306,1037798,6879988,0.39715275168418884
27307,1037798,3408287,0.39691394567489624
27308,1037798,3265444,0.3968662619590759
27309,1037798,4824240,0.3968662619590759
27310,1037798,2027591,0.39684543013572693
27311,1037798,7258986,0.3968196213245392
27312,1037798,3557996,0.3964860439300537
27313,1037798,4095436,0.39646199345588684
27314,1037798,670466,0.39634594321250916
27315,1037798,8735935,0.3962666392326355
27316,1037798,4907048,0.396237850189209
27317,1037798,2963521,0.396112322807312
27318,1037798,7610103,0.39608174562454224
27319,1037798,4478884,0.3960243761539459
27320,1037798,1733108,0.39555591344833374
27321,1037798,2187544,0.3953801393508911
27322,1037798,2403953,0.39534950256347656
27323,1037798,4845799,0.39534488320350647
27324,1037798,38040,0.3953137993812561
27325,1037798,5051180,0.39530473947525024
27326,1037798,4948777,0.3950381875038147
27327,1037798,7813654,0.3950086832046509
27328,1037798,1218177,0.3948463797569275
27329,1037798,3876557,0.3947985768318176
27330,1037798,6444270,0.3946342468261719
27331,1037798,3274897,0.3945765495300293
27332,1037798,2511159,0.39445555210113525
27333,1037798,3883427,0.3943600058555603
27334,1037798,2854871,0.3940228819847107
27335,1037798,3187013,0.3940078616142273
27336,1037798,1043105,0.39389941096305847
27337,1037798,3311998,0.3937304615974426
27338,1037798,5145114,0.3937288224697113
27339,1037798,6966724,0.3935467004776001
27340,1037798,4162748,0.3931110203266144
27341,1037798,2930343,0.3930187225341797
27342,1037798,479281,0.3929719924926758
27343,1037798,2698203,0.3928966224193573
27344,1037798,5403030,0.39289242029190063
27345,1037798,8186763,0.39283865690231323
27346,1037798,4282000,0.3927006125450134
27347,1037798,5904351,0.3924649953842163
27348,1037798,501744,0.39242643117904663
27349,1037798,5584343,0.392384797334671
27350,1037798,5904350,0.39235860109329224
27351,1037798,4095438,0.3915461003780365
27352,1037798,793254,0.3915383815765381
27353,1037798,2457178,0.3913314938545227
27354,1037798,6526049,0.39113885164260864
27355,1037798,2433583,0.3911300301551819
27356,1037798,5523772,0.3911176323890686
27357,1037798,741658,0.3910885453224182
27358,1037798,7965271,0.39099380373954773
27359,1037798,7953357,0.39099234342575073
27360,1037798,4949285,0.3908681869506836
27361,1037798,5599571,0.39066508412361145
27362,1037798,3103122,0.39054378867149353
27363,1037798,4824237,0.3904743790626526
27364,1037798,5566374,0.3904682993888855
27365,1037798,1037011,0.39040714502334595
27366,1037798,7505175,0.3903491795063019
27367,1037798,5864784,0.3900386691093445
27368,1037798,3129957,0.38990655541419983
27369,1037798,967282,0.3898014724254608
27370,1037798,2360251,0.3896242082118988
27371,1037798,3883426,0.38959234952926636
27372,1037798,5286395,0.3894563913345337
27373,1037798,8764153,0.3893745541572571
27374,1037798,5887649,0.38936370611190796
27375,1037798,4848204,0.38918089866638184
27376,1037798,4767142,0.3890596032142639
27377,1037798,2662476,0.3889763355255127
27378,1037798,4848208,0.38869765400886536
27379,1037798,6539444,0.38786518573760986
27380,1037798,882999,0.38754498958587646
27381,1037798,1744699,0.3873436748981476
27382,1037798,7638984,0.3871159553527832
27383,1037798,5544953,0.38706284761428833
27384,1037798,8734195,0.3869401216506958
27385,1037798,3002502,0.3867799639701843
27386,1037798,1921430,0.38670217990875244
27387,1037798,3187014,0.38654300570487976
27388,1037798,8475873,0.38652676343917847
27389,1037798,4824241,0.38641357421875
27390,1037798,6943529,0.3862844705581665
27391,1037798,4340455,0.38623929023742676
27392,1037798,2349260,0.3861074149608612
27393,1037798,3978950,0.38608282804489136
27394,1037798,6279303,0.3860766887664795
27395,1037798,104285,0.3860422670841217
27396,1037798,4521612,0.3857623338699341
27397,1037798,8753189,0.3856431245803833
27398,1037798,3166506,0.3856304883956909
27399,1037798,3326083,0.38551032543182373
27400,1037798,3265449,0.3852420151233673
27401,1037798,2596791,0.38517194986343384
27402,1037798,6526050,0.38510841131210327
27403,1037798,2363183,0.385087788105011
27404,1037798,7952145,0.3846304416656494
27405,1037798,4783198,0.38448697328567505
27406,1037798,2787509,0.3844274878501892
27407,1037798,4786200,0.3843705356121063
27408,1037798,4960421,0.3843464255332947
27409,1037798,4419501,0.384182870388031
27410,1037798,3879241,0.38413721323013306
27411,1037798,6898678,0.38410261273384094
27412,1037798,59025,0.38407963514328003
27413,1037798,4188833,0.38381147384643555
27414,1037798,3066373,0.38374167680740356
27415,1037798,8800176,0.38365668058395386
27416,1037798,3761283,0.38355380296707153
27417,1037798,3986292,0.38347139954566956
27418,1037798,1751995,0.38337963819503784
27419,1037798,1043103,0.38332873582839966
27420,1037798,8205973,0.38332873582839966
27421,1037798,4287267,0.3833083510398865
27422,1037798,4958449,0.38329482078552246
27423,1037798,6943535,0.38325345516204834
27424,1037798,7505181,0.3829799294471741
27425,1037798,5952398,0.38294827938079834
27426,1037798,4959168,0.3827764093875885
27427,1037798,5544947,0.3826484680175781
27428,1037798,806677,0.3824450373649597
27429,1037798,4379833,0.38244345784187317
27430,1037798,7253353,0.38234859704971313
27431,1037798,1921436,0.38220927119255066
27432,1037798,2619541,0.3820885419845581
27433,1037798,4889444,0.38207730650901794
27434,1037798,2843325,0.3820149004459381
27435,1037798,3872373,0.38196519017219543
27436,1037798,1675609,0.3819339871406555
27437,1037798,7848218,0.3817364275455475
27438,1037798,3265450,0.38164323568344116
27439,1037798,3876556,0.3815600275993347
27440,1037798,5435173,0.3815326690673828
27441,1037798,3796204,0.38145723938941956
27442,1037798,4487415,0.3813320994377136
27443,1037798,8157718,0.38132038712501526
27444,1037798,4824712,0.3812220096588135
27445,1037798,2683135,0.38095977902412415
27446,1037798,3883424,0.38079434633255005
27447,1037798,7503705,0.380667507648468
27448,1037798,4517061,0.38061726093292236
27449,1037798,5544949,0.3805810213088989
27450,1037798,5432808,0.3805312216281891
27451,1037798,2617930,0.38052162528038025
27452,1037798,7952148,0.380482017993927
27453,1037798,5320831,0.3803897500038147
27454,1037798,4287264,0.3802867531776428
27455,1037798,5523767,0.38028663396835327
27456,1037798,4907050,0.37998056411743164
27457,1037798,7081473,0.3797781467437744
27458,1037798,4371434,0.3794853687286377
27459,1037798,640157,0.37938082218170166
27460,1037798,6929175,0.3793485760688782
27461,1037798,4392103,0.3792566657066345
27462,1037798,7292049,0.37925052642822266
27463,1037798,5302773,0.3791325092315674
27464,1037798,8764157,0.37890684604644775
27465,1037798,2303699,0.37874868512153625
27466,1037798,4600227,0.3787410855293274
27467,1037798,5813101,0.37863993644714355
27468,1037798,6065490,0.37861573696136475
27469,1037798,3795489,0.3784131407737732
27470,1037798,6183307,0.37839388847351074
27471,1037798,3161679,0.3783794045448303
27472,1037798,7817007,0.3783469796180725
27473,1037798,2781960,0.37818479537963867
27474,1037798,6576755,0.3780832290649414
27475,1037798,8224641,0.3780131936073303
27476,1037798,3326082,0.37790828943252563
27477,1037798,3002498,0.3779023587703705
27478,1037798,7921396,0.37784844636917114
27479,1037798,3788070,0.37777000665664673
27480,1037798,3353329,0.37768635153770447
27481,1037798,6929178,0.37767964601516724
27482,1037798,6792682,0.37767666578292847
27483,1037798,5987975,0.37766033411026
27484,1037798,4767145,0.37756234407424927
27485,1037798,3048396,0.37753358483314514
27486,1037798,7293219,0.37732604146003723
27487,1037798,5432806,0.37700578570365906
27488,1037798,6098070,0.3769671320915222
27489,1037798,5204466,0.37678006291389465
27490,1037798,3625620,0.3767243027687073
27491,1037798,2511154,0.37661224603652954
27492,1037798,3810260,0.3764508366584778
27493,1037798,7749444,0.37636178731918335
27494,1037798,2792729,0.37633246183395386
27495,1037798,2753346,0.3763170838356018
27496,1037798,479275,0.3762419819831848
27497,1037798,39289,0.37621498107910156
27498,1037798,1035556,0.3759811520576477
27499,1037798,3129924,0.3759421110153198
27500,1037798,4571191,0.37584829330444336
27501,1037798,3883429,0.375823438167572
27502,1037798,7239720,0.3755953311920166
27503,1037798,4853960,0.37557119131088257
27504,1037798,1661359,0.37556177377700806
27505,1037798,4970321,0.3755272924900055
27506,1037798,8157712,0.37530481815338135
27507,1037798,6687044,0.37500667572021484
27508,1037798,4820960,0.3749982714653015
27509,1037798,2317060,0.3749251067638397
27510,1037798,2821765,0.3747798800468445
27511,1037798,3468163,0.3746796250343323
27512,1037798,3342992,0.3745296001434326
27513,1037798,8230221,0.3744027018547058
27514,1037798,1450040,0.3743312358856201
27515,1037798,2021899,0.3742973208427429
27516,1037798,8414830,0.3742417097091675
27517,1037798,2470415,0.374225378036499
27518,1037798,7917033,0.374104380607605
27519,1037798,3622,0.3740527331829071
27520,1037798,2263504,0.37399840354919434
27521,1037798,6315876,0.3739168643951416
27522,1037798,1148851,0.37390589714050293
27523,1037798,786886,0.3738824129104614
27524,1037798,2027590,0.37381279468536377
27525,1037798,3826750,0.3737998604774475
27526,1037798,6157246,0.3737800121307373
27527,1037798,5669768,0.3737526535987854
27528,1037798,3375471,0.3737506866455078
27529,1037798,5748534,0.3735221326351166
27530,1037798,4403761,0.37347081303596497
27531,1037798,2309206,0.3734429180622101
27532,1037798,7246121,0.3733658194541931
27533,1037798,3006575,0.3733237385749817
27534,1037798,8248627,0.3732544481754303
27535,1037798,2632670,0.37322479486465454
27536,1037798,5416115,0.37320053577423096
27537,1037798,1849500,0.3731958866119385
27538,1037798,4522034,0.37291741371154785
27539,1037798,7805338,0.3728936016559601
27540,1037798,3779583,0.37275272607803345
27541,1037798,2743168,0.3725700080394745
27542,1037798,2656974,0.3724672198295593
27543,1037798,7749449,0.3723091781139374
27544,1037798,8800180,0.3722778558731079
27545,1037798,8414823,0.3722270131111145
27546,1037798,770854,0.3722071349620819
27547,1037798,2421012,0.3721393346786499
27548,1037798,8451823,0.3720351755619049
27549,1037798,2513284,0.3720039129257202
27550,1037798,5748541,0.3719598352909088
27551,1037798,8803037,0.37189793586730957
27552,1037798,5044696,0.37187275290489197
27553,1037798,63433,0.37182337045669556
27554,1037798,7285788,0.37172967195510864
27555,1037798,7805340,0.3717074990272522
27556,1037798,6253090,0.37163102626800537
27557,1037798,2756211,0.3716168701648712
27558,1037798,3798094,0.3716045916080475
27559,1037798,5013885,0.37158721685409546
27560,1037798,7643578,0.37152373790740967
27561,1037798,4958446,0.3715149760246277
27562,1037798,3591134,0.3714810311794281
27563,1037798,4188831,0.37143611907958984
27564,1037798,8564931,0.3714183568954468
27565,1037798,2485117,0.3714013397693634
27566,1037798,3393696,0.37129366397857666
27567,1037798,3347501,0.37120696902275085
27568,1037798,2312128,0.37109124660491943
27569,1037798,2496736,0.37105464935302734
27570,1037798,2247886,0.3707422614097595
27571,1037798,8502192,0.37067097425460815
27572,1037798,7523603,0.3705357313156128
27573,1037798,7258993,0.37049445509910583
27574,1037798,4054464,0.3704732060432434
27575,1037798,6885190,0.3704358637332916
27576,1037798,8800175,0.3703799843788147
27577,1037798,2930339,0.37037360668182373
27578,1037798,3748296,0.37024393677711487
27579,1037798,1616843,0.3701820969581604
27580,1037798,470284,0.370044082403183
27581,1037798,8564932,0.3699108362197876
27582,1037798,8221376,0.3699040412902832
27583,1037798,3202354,0.36989885568618774
27584,1037798,7412882,0.36988332867622375
27585,1037798,4611453,0.36981916427612305
27586,1037798,2816128,0.3698037266731262
27587,1037798,881854,0.369802862405777
27588,1037798,7081472,0.36971020698547363
27589,1037798,8696888,0.36963051557540894
27590,1037798,6202756,0.3696024417877197
27591,1037798,2027587,0.3695712685585022
27592,1037798,4371431,0.36952486634254456
27593,1037798,2792962,0.36951303482055664
27594,1037798,1139119,0.3694303631782532
27595,1037798,3619344,0.3694295883178711
27596,1037798,4109214,0.3691418170928955
27597,1037798,8398828,0.36907249689102173
27598,1037798,479279,0.3690454959869385
27599,1037798,3353328,0.3690122961997986
27600,1037798,8792381,0.36874163150787354
27601,1037798,3265448,0.3687405586242676
27602,1037798,6808950,0.3687323331832886
27603,1037798,2803568,0.3686297535896301
27604,1037798,2638563,0.3686087131500244
27605,1037798,2603492,0.36852675676345825
27606,1037798,7801207,0.36847639083862305
27607,1037798,7765420,0.3683028519153595
27608,1037798,910444,0.3681848645210266
27609,1037798,7081010,0.3680793046951294
27610,1037798,2658433,0.36799392104148865
27611,1037798,3242551,0.3677395284175873
27612,1037798,4403758,0.3675583600997925
27613,1037798,305816,0.36755692958831787
27614,1037798,7817006,0.3673606812953949
27615,1037798,4340459,0.3673418164253235
27616,1037798,3516538,0.36722493171691895
27617,1037798,7128596,0.36708587408065796
27618,1037798,7817009,0.3669945001602173
27619,1037798,4797964,0.3669760227203369
27620,1037798,3578521,0.3668521046638489
27621,1037798,4278281,0.3667781949043274
27622,1037798,2258762,0.36666738986968994
27623,1037798,2403949,0.36663079261779785
27624,1037798,8208397,0.36651769280433655
27625,1037798,7619076,0.3663782477378845
27626,1037798,2433585,0.3662421703338623
27627,1037798,3082795,0.3661329746246338
27628,1037798,5146567,0.3660663664340973
27629,1037798,6183301,0.3660561740398407
27630,1037798,7953352,0.3658981919288635
27631,1037798,6366114,0.3656461536884308
27632,1037798,7963996,0.36562833189964294
27633,1037798,8248635,0.3653714060783386
27634,1037798,5003210,0.3652900159358978
27635,1037798,220073,0.3652457594871521
27636,1037798,1587674,0.365014910697937
27637,1037798,3350595,0.36498790979385376
27638,1037798,1914895,0.36489367485046387
27639,1037798,470281,0.364779531955719
27640,1037798,5428988,0.36471107602119446
27641,1037798,1468706,0.3645631670951843
27642,1037798,6885184,0.36452150344848633
27643,1037798,4867833,0.36447370052337646
27644,1037798,6495173,0.36443811655044556
27645,1037798,8800179,0.36443445086479187
27646,1037798,2346028,0.36441972851753235
27647,1037798,7310135,0.3643694818019867
27648,1037798,793252,0.36430078744888306
27649,1037798,3604884,0.3642221987247467
27650,1037798,1218171,0.36410847306251526
27651,1037798,6681409,0.36410486698150635
27652,1037798,4188834,0.3640764057636261
27653,1037798,7202529,0.3639080822467804
27654,1037798,7817011,0.3638041615486145
27655,1037798,3187021,0.3637304902076721
27656,1037798,2692418,0.36370640993118286
27657,1037798,3506344,0.36368435621261597
27658,1037798,7758391,0.3636668622493744
27659,1037798,2699722,0.3635362386703491
27660,1037798,3600679,0.3632779121398926
27661,1037798,1335002,0.3632015287876129
27662,1037798,7019991,0.36314207315444946
27663,1037798,3845972,0.3631398677825928
27664,1037798,967279,0.36310601234436035
27665,1037798,3884115,0.3630216121673584
27666,1037798,4329341,0.36298689246177673
27667,1037798,8398822,0.36298656463623047
27668,1037798,2781965,0.3627113997936249
27669,1037798,8617035,0.36242252588272095
27670,1037798,4932537,0.362382173538208
27671,1037798,2792726,0.36220625042915344
27672,1037798,5753980,0.3621536195278168
27673,1037798,4953439,0.3620416820049286
27674,1037798,160292,0.3617536127567291
27675,1037798,7333377,0.36171501874923706
27676,1037798,5044697,0.3616395890712738
27677,1037798,3202363,0.36162272095680237
27678,1037798,8553470,0.3615085780620575
27679,1037798,4393733,0.3614538013935089
27680,1037798,2657087,0.3614293336868286
27681,1037798,3187017,0.36130812764167786
27682,1037798,4436245,0.36123400926589966
27683,1037798,8248630,0.3611319661140442
27684,1037798,8198480,0.361122190952301
27685,1037798,4172405,0.36106809973716736
27686,1037798,7043227,0.36106449365615845
27687,1037798,4478879,0.36103540658950806
27688,1037798,6079805,0.3610280752182007
27689,1037798,2065842,0.36098405718803406
27690,1037798,811779,0.36097997426986694
27691,1037798,3077998,0.36093950271606445
27692,1037798,2824621,0.36093372106552124
27693,1037798,6202758,0.3608439862728119
27694,1037798,4736959,0.36083871126174927
27695,1037798,228343,0.36018261313438416
27696,1037798,8734192,0.3601750135421753
27697,1037798,3098009,0.36016109585762024
27698,1037798,4619008,0.36007314920425415
27699,1037798,7774178,0.3600359559059143
27700,1037798,7917028,0.36002057790756226
27701,1037798,5337355,0.35964828729629517
27702,1037798,3714180,0.3596060872077942
27703,1037798,3839688,0.3595689535140991
27704,1037798,3539523,0.35956665873527527
27705,1037798,2792177,0.359453022480011
27706,1037798,4452513,0.3594120144844055
27707,1037798,2107435,0.3593654930591583
27708,1037798,4661351,0.359199583530426
27709,1037798,3697282,0.3591991066932678
27710,1037798,8602349,0.3591788411140442
27711,1037798,7272161,0.3588513135910034
27712,1037798,5449418,0.3587556481361389
27713,1037798,4936568,0.3587513267993927
27714,1037798,3468164,0.3587077260017395
27715,1037798,3475598,0.35865354537963867
27716,1037798,2354063,0.3586166501045227
27717,1037798,8208799,0.3585338592529297
27718,1037798,5645671,0.3585096001625061
27719,1037798,5034108,0.3584454655647278
27720,1037798,2436671,0.3583880662918091
27721,1037798,8082191,0.35834261775016785
27722,1037798,7243396,0.3582667112350464
27723,1037798,7225025,0.35822734236717224
27724,1037798,8764640,0.3575587570667267
27725,1037798,46336,0.3574906587600708
27726,1037798,5937074,0.3572852909564972
27727,1037798,990679,0.35723456740379333
27728,1037798,6170192,0.35719650983810425
27729,1037798,6296622,0.3571195900440216
27730,1037798,143025,0.3571072220802307
27731,1037798,3498562,0.35709357261657715
27732,1037798,1139116,0.357086181640625
27733,1037798,8286865,0.3568874001502991
27734,1037798,7286242,0.3563891649246216
27735,1037798,6948719,0.3563805818557739
27736,1037798,6815401,0.35631653666496277
27737,1037798,1631686,0.35616427659988403
27738,1037798,7143308,0.35615086555480957
27739,1037798,158365,0.3561442196369171
27740,1037798,3026120,0.35605117678642273
27741,1037798,2972831,0.3559409976005554
27742,1037798,4278277,0.35592687129974365
27743,1037798,93824,0.3559247851371765
27744,1037798,3836165,0.35591307282447815
27745,1037798,1026348,0.3558027148246765
27746,1037798,3129931,0.3557649552822113
27747,1037798,5154693,0.3557102084159851
27748,1037798,2802252,0.3556765913963318
27749,1037798,4004429,0.3554738163948059
27750,1037798,3077995,0.3554185628890991
27751,1037798,470286,0.3552510142326355
27752,1037798,6880298,0.3551531434059143
27753,1037798,4867051,0.3551328778266907
27754,1037798,2971911,0.3550654649734497
27755,1037798,3879242,0.35505905747413635
27756,1037798,4988275,0.35502326488494873
27757,1037798,2460165,0.35502153635025024
27758,1037798,5336818,0.3549222946166992
27759,1037798,4784823,0.35486388206481934
27760,1037798,4702507,0.35484611988067627
27761,1037798,723095,0.3547993004322052
27762,1037798,7732732,0.35466474294662476
27763,1037798,4682183,0.3546488285064697
27764,1037798,93826,0.3546432852745056
27765,1037798,8383996,0.35461923480033875
27766,1037798,3286036,0.354525625705719
27767,1037798,2258768,0.3544396162033081
27768,1037798,1608026,0.35438990592956543
27769,1037798,8800177,0.3543241024017334
27770,1037798,8780808,0.3542834222316742
27771,1037798,4464470,0.35405588150024414
27772,1037798,6792684,0.3540077209472656
27773,1037798,1043100,0.3539970815181732
27774,1037798,806094,0.35398656129837036
27775,1037798,160285,0.35391172766685486
27776,1037798,3002501,0.35387954115867615
27777,1037798,7888273,0.353826105594635
27778,1037798,7063023,0.35364681482315063
27779,1037798,7627973,0.3536422848701477
27780,1037798,3779752,0.3536248803138733
27781,1037798,4019248,0.353617399930954
27782,1037798,6709848,0.3536064028739929
27783,1037798,3149789,0.35351619124412537
27784,1037798,8787208,0.3534744381904602
27785,1037798,8248632,0.3534730076789856
27786,1037798,3376220,0.35346540808677673
27787,1037798,8248634,0.35319265723228455
27788,1037798,1914894,0.35310283303260803
27789,1037798,1410494,0.35286012291908264
27790,1037798,710788,0.3526921272277832
27791,1037798,6792683,0.35267797112464905
27792,1037798,4092426,0.3526066243648529
27793,1037798,4485531,0.3525712490081787
27794,1037798,5586617,0.35250887274742126
27795,1037798,7758389,0.3524899482727051
27796,1037798,3354462,0.35246720910072327
27797,1037798,8779370,0.3524588942527771
27798,1037798,2343292,0.3524375259876251
27799,1037798,3744926,0.35239845514297485
27800,1037798,228345,0.35233426094055176
27801,1037798,6700841,0.352331280708313
27802,1037798,2502218,0.35221895575523376
27803,1037798,52628,0.35219407081604004
27804,1037798,3709781,0.35218358039855957
27805,1037798,4768818,0.3520817160606384
27806,1037798,3117395,0.35204702615737915
27807,1037798,2553245,0.3519936800003052
27808,1037798,6118541,0.3519669771194458
27809,1037798,7081470,0.3519439995288849
27810,1037798,5094137,0.3519318401813507
27811,1037798,7877234,0.3519286513328552
27812,1037798,6097095,0.3519207239151001
27813,1037798,6118277,0.35184425115585327
27814,1037798,3929137,0.3517916798591614
27815,1037798,7283423,0.35170459747314453
27816,1037798,5120465,0.3516507148742676
27817,1037798,4941339,0.351621150970459
27818,1037798,710794,0.35160762071609497
27819,1037798,8088626,0.3515147566795349
27820,1037798,8451820,0.35151341557502747
27821,1037798,2617933,0.35147038102149963
27822,1037798,1970191,0.35144150257110596
27823,1037798,2021892,0.351382315158844
27824,1037798,3896683,0.35137471556663513
27825,1037798,51239,0.35122889280319214
27826,1037798,4207904,0.3512186110019684
27827,1037798,5641473,0.3511195182800293
27828,1037798,4207903,0.35101789236068726
27829,1037798,8352443,0.3510149121284485
27830,1037798,6709846,0.3510076403617859
27831,1037798,3698549,0.3508933186531067
27832,1037798,8440292,0.3508933186531067
27833,1037798,8495443,0.3507601320743561
27834,1037798,8766526,0.35063493251800537
27835,1037798,8072591,0.35059046745300293
27836,1037798,3413173,0.35056424140930176
27837,1037798,3926202,0.35053443908691406
27838,1037798,2479753,0.3504267930984497
27839,1037798,2480102,0.3503955006599426
27840,1037798,158370,0.35038647055625916
27841,1037798,4369651,0.3503606617450714
27842,1037798,4948770,0.3502681255340576
27843,1037798,4118112,0.3502448797225952
27844,1037798,6412273,0.35022294521331787
27845,1037798,2312130,0.35022228956222534
27846,1037798,7057493,0.350163072347641
27847,1037798,7258994,0.35012882947921753
27848,1037798,7805339,0.35002845525741577
27849,1037798,8734190,0.3498693108558655
27850,1037798,2978122,0.3497939109802246
27851,1037798,5065321,0.349740207195282
27852,1037798,4820452,0.34949129819869995
27853,1037798,8811962,0.34928029775619507
27854,1037798,4061389,0.34925517439842224
27855,1037798,2970896,0.34913963079452515
27856,1037798,2451456,0.3491203784942627
27857,1037798,2450247,0.3490813970565796
27858,1037798,4534644,0.34908026456832886
27859,1037798,8451819,0.3490302562713623
27860,1037798,4721667,0.3489953279495239
27861,1037798,7711440,0.3489876389503479
27862,1037798,4071735,0.34898650646209717
27863,1037798,3491604,0.34891992807388306
27864,1037798,7599082,0.3488315939903259
27865,1037798,1537297,0.3488274812698364
27866,1037798,5044698,0.3488156199455261
27867,1037798,6346766,0.34849923849105835
27868,1037798,628422,0.3484397530555725
27869,1037798,8553371,0.34841567277908325
27870,1037798,5127693,0.3483119010925293
27871,1037798,2792731,0.34824931621551514
27872,1037798,2843639,0.34813958406448364
27873,1037798,3863498,0.3481299877166748
27874,1037798,6977786,0.3480948805809021
27875,1037798,1356119,0.3480660319328308
27876,1037798,7816712,0.3478257656097412
27877,1037798,4245631,0.34779074788093567
27878,1037798,5554067,0.34774249792099
27879,1037798,1129383,0.34774184226989746
27880,1037798,2553241,0.3476983606815338
27881,1037798,7958503,0.3476914167404175
27882,1037798,1555952,0.347683310508728
27883,1037798,239747,0.34763801097869873
27884,1037798,5748536,0.3475901484489441
27885,1037798,4025580,0.34758663177490234
27886,1037798,8734194,0.34755825996398926
27887,1037798,1536985,0.34749701619148254
27888,1037798,423415,0.3474414646625519
27889,1037798,5155733,0.34737545251846313
27890,1037798,2395700,0.3473343253135681
27891,1037798,4652915,0.34723567962646484
27892,1037798,2803571,0.3472042381763458
27893,1037798,4403764,0.34719645977020264
27894,1037798,1486431,0.34715211391448975
27895,1037798,5292918,0.34707868099212646
27896,1037798,2246945,0.3470155596733093
27897,1037798,2781962,0.34696680307388306
27898,1037798,2836657,0.346944123506546
27899,1037798,5048829,0.34679746627807617
27900,1037798,3876555,0.3467850983142853
27901,1037798,3805289,0.3467692732810974
27902,1037798,4391483,0.346754252910614
27903,1037798,1329500,0.3467470407485962
27904,1037798,3847447,0.34672078490257263
27905,1037798,2971916,0.34670740365982056
27906,1037798,695556,0.34669792652130127
27907,1037798,5155728,0.3466486930847168
27908,1037798,4426184,0.34657973051071167
27909,1037798,3958150,0.346555233001709
27910,1037798,6131645,0.3465403616428375
27911,1037798,5500266,0.34647876024246216
27912,1037798,2389158,0.3464299440383911
27913,1037798,7307356,0.34639135003089905
27914,1037798,8791026,0.3463728427886963
27915,1037798,5155726,0.34634992480278015
27916,1037798,7164330,0.3463343381881714
27917,1037798,2292332,0.3462437689304352
27918,1037798,8665483,0.34623491764068604
27919,1037798,6510674,0.3462236523628235
27920,1037798,7073953,0.3461397886276245
27921,1037798,136524,0.34612125158309937
27922,1037798,1616515,0.3461192846298218
27923,1037798,6188066,0.3459870517253876
27924,1037798,2459375,0.34597939252853394
27925,1037798,4936570,0.34593284130096436
27926,1037798,93825,0.34587040543556213
27927,1037798,2655485,0.3458399176597595
27928,1037798,2687093,0.34578168392181396
27929,1037798,1479436,0.3457220792770386
27930,1037798,7203711,0.34569793939590454
27931,1037798,7272164,0.34565410017967224
27932,1037798,1124583,0.3456439971923828
27933,1037798,3077996,0.3456406593322754
27934,1037798,4923413,0.3456075191497803
27935,1037798,160291,0.3456047773361206
27936,1037798,5198902,0.3455772399902344
27937,1037798,1155490,0.3455522954463959
27938,1037798,4658502,0.34551918506622314
27939,1037798,2450252,0.34550949931144714
27940,1037798,6880291,0.34549546241760254
27941,1037798,3937165,0.34549206495285034
27942,1037798,4367411,0.34532856941223145
27943,1037798,3442139,0.34525638818740845
27944,1037798,3934864,0.34523075819015503
27945,1037798,3605135,0.3450573980808258
27946,1037798,1914898,0.3450486660003662
27947,1037798,3520700,0.3450124263763428
27948,1037798,7693907,0.3449702560901642
27949,1037798,7286243,0.3448407053947449
27950,1037798,2360010,0.34481993317604065
27951,1037798,6918302,0.344812273979187
27952,1037798,6918304,0.344812273979187
27953,1037798,7624804,0.344775527715683
27954,1037798,1772032,0.34450894594192505
27955,1037798,1361747,0.3444867432117462
27956,1037798,8225148,0.34447938203811646
27957,1037798,2712046,0.34439924359321594
27958,1037798,2588768,0.3442002534866333
27959,1037798,1820275,0.34415993094444275
27960,1037798,7914739,0.3441237211227417
27961,1037798,4820445,0.3440887928009033
27962,1037798,3455787,0.34405773878097534
27963,1037798,8464990,0.3440387547016144
27964,1037798,239746,0.34402453899383545
27965,1037798,2943073,0.34396225214004517
27966,1037798,6121891,0.3438871502876282
27967,1037798,3151665,0.3437861502170563
27968,1037798,8790261,0.3437306880950928
27969,1037798,7524205,0.3437241315841675
27970,1037798,2781937,0.34355929493904114
27971,1037798,2360246,0.3435405492782593
27972,1037798,3602040,0.34352773427963257
27973,1037798,2232392,0.34349530935287476
27974,1037798,7548018,0.34347063302993774
27975,1037798,75053,0.3434354364871979
27976,1037798,3464855,0.3433016836643219
27977,1037798,2634469,0.3432193398475647
27978,1037798,8223901,0.34315788745880127
27979,1037798,5328409,0.3431548476219177
27980,1037798,7794139,0.34309571981430054
27981,1037798,4475197,0.3430880904197693
27982,1037798,7746967,0.3430812954902649
27983,1037798,5190385,0.34305357933044434
27984,1037798,5013886,0.3429970145225525
27985,1037798,6761265,0.3428770899772644
27986,1037798,63429,0.34286224842071533
27987,1037798,2889867,0.34284693002700806
27988,1037798,3149419,0.34281426668167114
27989,1037798,8157340,0.34277892112731934
27990,1037798,5640247,0.342668354511261
27991,1037798,1105002,0.3425644040107727
27992,1037798,4845800,0.3425339460372925
27993,1037798,8387562,0.34252476692199707
27994,1037798,7276153,0.34250515699386597
27995,1037798,2726759,0.34249889850616455
27996,1037798,1371155,0.3424733281135559
27997,1037798,6412271,0.3424378037452698
27998,1037798,3914692,0.34236305952072144
27999,1037798,4177856,0.34233155846595764
28000,1063750,4337532,0.6715980768203735
28001,1063750,2230089,0.6433300971984863
28002,1063750,7571423,0.6393494009971619
28003,1063750,6127389,0.6352212429046631
28004,1063750,7952971,0.6345076560974121
28005,1063750,8384971,0.6335549354553223
28006,1063750,4337527,0.6330872774124146
28007,1063750,7952967,0.6309754252433777
28008,1063750,5956099,0.6267330646514893
28009,1063750,7952965,0.6217491626739502
28010,1063750,7952964,0.6207059621810913
28011,1063750,2470328,0.6138259768486023
28012,1063750,8239877,0.610715389251709
28013,1063750,4834969,0.6096683740615845
28014,1063750,4337526,0.6087589263916016
28015,1063750,8183810,0.6009532809257507
28016,1063750,4337528,0.5990861058235168
28017,1063750,8821734,0.5970938205718994
28018,1063750,2230090,0.5947846174240112
28019,1063750,8239876,0.5922942161560059
28020,1063750,7778351,0.5914371609687805
28021,1063750,2391460,0.5871554613113403
28022,1063750,7778354,0.5725806951522827
28023,1063750,8821735,0.5710755586624146
28024,1063750,819283,0.5703381299972534
28025,1063750,8640242,0.5656387805938721
28026,1063750,819284,0.5653232336044312
28027,1063750,5442711,0.5650545954704285
28028,1063750,7247264,0.5649545192718506
28029,1063750,4487118,0.5641987323760986
28030,1063750,8821736,0.563381552696228
28031,1063750,7837938,0.5593563318252563
28032,1063750,3327051,0.554679811000824
28033,1063750,7952966,0.5532243847846985
28034,1063750,2768117,0.5525631904602051
28035,1063750,8821737,0.552506148815155
28036,1063750,3327052,0.5523212552070618
28037,1063750,7837936,0.5458463430404663
28038,1063750,1866486,0.5442763566970825
28039,1063750,4834974,0.5431095361709595
28040,1063750,7778348,0.5428322553634644
28041,1063750,4158202,0.5418327450752258
28042,1063750,4542127,0.5396286845207214
28043,1063750,3327047,0.5380212664604187
28044,1063750,3959834,0.537585973739624
28045,1063750,1098175,0.5351914763450623
28046,1063750,3327045,0.5342174768447876
28047,1063750,2997842,0.5335686802864075
28048,1063750,6591646,0.5332465171813965
28049,1063750,1923506,0.5327417850494385
28050,1063750,4788295,0.5321999788284302
28051,1063750,2768123,0.5317499041557312
28052,1063750,1580964,0.5280700325965881
28053,1063750,7959117,0.5280174016952515
28054,1063750,5956106,0.5280110836029053
28055,1063750,3327046,0.5278464555740356
28056,1063750,7959121,0.5270853042602539
28057,1063750,1922590,0.5269180536270142
28058,1063750,5423929,0.5265698432922363
28059,1063750,330159,0.5256834030151367
28060,1063750,3036347,0.5247585773468018
28061,1063750,6127385,0.5243935585021973
28062,1063750,5256198,0.521714985370636
28063,1063750,4193159,0.5186370611190796
28064,1063750,983111,0.5185247659683228
28065,1063750,6127387,0.5162380337715149
28066,1063750,5062363,0.5156197547912598
28067,1063750,5423884,0.5154740214347839
28068,1063750,4718157,0.5151597261428833
28069,1063750,4252093,0.5138646960258484
28070,1063750,3327049,0.5122754573822021
28071,1063750,1580962,0.5122289061546326
28072,1063750,3327050,0.511929988861084
28073,1063750,5433388,0.5115069150924683
28074,1063750,4718161,0.511487603187561
28075,1063750,2230091,0.5114200115203857
28076,1063750,8536365,0.511328399181366
28077,1063750,4487115,0.5112112760543823
28078,1063750,7778357,0.5097131729125977
28079,1063750,2186737,0.5096421837806702
28080,1063750,3973418,0.5094462633132935
28081,1063750,5423928,0.5087308883666992
28082,1063750,5956104,0.5086038708686829
28083,1063750,3994446,0.507614254951477
28084,1063750,3078271,0.5065578818321228
28085,1063750,309313,0.5065222978591919
28086,1063750,3602247,0.5038768649101257
28087,1063750,8821738,0.5030307769775391
28088,1063750,4559132,0.5027533769607544
28089,1063750,118643,0.5016984343528748
28090,1063750,2250946,0.5011919736862183
28091,1063750,2230095,0.5009765625
28092,1063750,4712119,0.5002717971801758
28093,1063750,4337529,0.5002660751342773
28094,1063750,8536367,0.5002360343933105
28095,1063750,4336681,0.499819278717041
28096,1063750,7952969,0.498373806476593
28097,1063750,7247268,0.49832871556282043
28098,1063750,330165,0.4981071949005127
28099,1063750,3259892,0.4981071949005127
28100,1063750,1580966,0.4974569082260132
28101,1063750,25201,0.4973031282424927
28102,1063750,7717144,0.4965342879295349
28103,1063750,4408050,0.4963710308074951
28104,1063750,4259285,0.4954419732093811
28105,1063750,3477418,0.4953465163707733
28106,1063750,3772674,0.4952514171600342
28107,1063750,3327053,0.49465611577033997
28108,1063750,8821739,0.494468092918396
28109,1063750,7781459,0.4943888485431671
28110,1063750,1923500,0.49407392740249634
28111,1063750,1923499,0.4938303232192993
28112,1063750,4487113,0.4937400221824646
28113,1063750,8782399,0.4928721487522125
28114,1063750,5433389,0.49271160364151
28115,1063750,4718159,0.4921734929084778
28116,1063750,8739167,0.491468608379364
28117,1063750,4588654,0.49092334508895874
28118,1063750,8657919,0.4905523657798767
28119,1063750,195088,0.49032703042030334
28120,1063750,7778353,0.48919960856437683
28121,1063750,3816771,0.4887540340423584
28122,1063750,4844353,0.4881947636604309
28123,1063750,6984621,0.487820565700531
28124,1063750,3673966,0.48711323738098145
28125,1063750,7420087,0.4866918921470642
28126,1063750,5590573,0.4864262640476227
28127,1063750,8239878,0.48626840114593506
28128,1063750,5057641,0.48583492636680603
28129,1063750,7420089,0.4858078956604004
28130,1063750,3633198,0.485772043466568
28131,1063750,2496767,0.4853065311908722
28132,1063750,819285,0.48410335183143616
28133,1063750,1074552,0.483380526304245
28134,1063750,6318583,0.4828846752643585
28135,1063750,7959118,0.48253747820854187
28136,1063750,7781460,0.48222291469573975
28137,1063750,4795722,0.4821552038192749
28138,1063750,5956102,0.4821319580078125
28139,1063750,4795723,0.481759637594223
28140,1063750,6093912,0.48116403818130493
28141,1063750,8418269,0.48111027479171753
28142,1063750,8695598,0.4802970886230469
28143,1063750,3654234,0.47992098331451416
28144,1063750,21578,0.47979697585105896
28145,1063750,2825574,0.47979697585105896
28146,1063750,2768423,0.4794009327888489
28147,1063750,7571428,0.4793168306350708
28148,1063750,7571429,0.47928857803344727
28149,1063750,987163,0.4789094924926758
28150,1063750,4559130,0.47870367765426636
28151,1063750,4156513,0.4782836437225342
28152,1063750,1506577,0.4780164062976837
28153,1063750,5442717,0.4779435098171234
28154,1063750,2391459,0.4774717390537262
28155,1063750,4745595,0.4770875573158264
28156,1063750,3334065,0.47700369358062744
28157,1063750,6093904,0.47693467140197754
28158,1063750,3654231,0.47677886486053467
28159,1063750,3259889,0.4766795039176941
28160,1063750,7860029,0.47646018862724304
28161,1063750,7247261,0.4764307737350464
28162,1063750,2116899,0.4764193296432495
28163,1063750,4759046,0.47639000415802
28164,1063750,4306483,0.47633275389671326
28165,1063750,7959124,0.4761905372142792
28166,1063750,2391455,0.4761144816875458
28167,1063750,7247263,0.47610801458358765
28168,1063750,8715504,0.47573122382164
28169,1063750,1781992,0.47538381814956665
28170,1063750,4441552,0.4750208258628845
28171,1063750,5057637,0.4747030735015869
28172,1063750,4969851,0.4745476245880127
28173,1063750,3961923,0.4742198586463928
28174,1063750,5590575,0.47388404607772827
28175,1063750,976892,0.4726230502128601
28176,1063750,5137010,0.4725005626678467
28177,1063750,2439954,0.47239696979522705
28178,1063750,2569816,0.4721772074699402
28179,1063750,1098172,0.47189193964004517
28180,1063750,4156510,0.47180628776550293
28181,1063750,3775320,0.4717954099178314
28182,1063750,1580961,0.47179263830184937
28183,1063750,2787250,0.4715687036514282
28184,1063750,8536358,0.47111940383911133
28185,1063750,4408055,0.4710621237754822
28186,1063750,5036198,0.47091418504714966
28187,1063750,4844354,0.470714807510376
28188,1063750,7607274,0.4705541729927063
28189,1063750,6347205,0.4705371856689453
28190,1063750,1866487,0.4704338014125824
28191,1063750,2997835,0.47001636028289795
28192,1063750,2391457,0.47000235319137573
28193,1063750,2499493,0.4699020981788635
28194,1063750,2499497,0.46940118074417114
28195,1063750,6591648,0.4692994952201843
28196,1063750,2997838,0.46903276443481445
28197,1063750,4419163,0.46820205450057983
28198,1063750,2391456,0.4680606424808502
28199,1063750,5590581,0.46770235896110535
28200,1063750,824448,0.4671646058559418
28201,1063750,2242819,0.4669415354728699
28202,1063750,6318582,0.46687808632850647
28203,1063750,7778355,0.4667322039604187
28204,1063750,2220585,0.46651411056518555
28205,1063750,2307192,0.46646976470947266
28206,1063750,4337530,0.46634554862976074
28207,1063750,4158205,0.4659477770328522
28208,1063750,8640240,0.4659208655357361
28209,1063750,6720052,0.4657443165779114
28210,1063750,1580967,0.4655285179615021
28211,1063750,6093910,0.46520131826400757
28212,1063750,4188647,0.4648912250995636
28213,1063750,2138804,0.4645158648490906
28214,1063750,6673653,0.4641183018684387
28215,1063750,3259884,0.46403151750564575
28216,1063750,2569813,0.4638197422027588
28217,1063750,3654233,0.46381676197052
28218,1063750,3805478,0.4632387161254883
28219,1063750,2391461,0.46321171522140503
28220,1063750,4096513,0.4629300832748413
28221,1063750,4802036,0.462869256734848
28222,1063750,6175601,0.462789386510849
28223,1063750,3654236,0.46274182200431824
28224,1063750,5057642,0.46257853507995605
28225,1063750,8536360,0.46223145723342896
28226,1063750,4545372,0.4616575837135315
28227,1063750,975488,0.4616209864616394
28228,1063750,2185618,0.461329847574234
28229,1063750,277799,0.461147665977478
28230,1063750,2499492,0.461054265499115
28231,1063750,5423931,0.4609278738498688
28232,1063750,8326884,0.46065911650657654
28233,1063750,2372120,0.4604937434196472
28234,1063750,8193079,0.4602307677268982
28235,1063750,1321857,0.46002233028411865
28236,1063750,1580968,0.460009902715683
28237,1063750,976890,0.4599934220314026
28238,1063750,4836707,0.4599860906600952
28239,1063750,8772008,0.4598548114299774
28240,1063750,4914011,0.45982033014297485
28241,1063750,1580960,0.4597867727279663
28242,1063750,4759819,0.4596680700778961
28243,1063750,7531188,0.45947301387786865
28244,1063750,2615851,0.4593566656112671
28245,1063750,7120561,0.45918476581573486
28246,1063750,5237507,0.45900481939315796
28247,1063750,3871549,0.4588363468647003
28248,1063750,3610445,0.45864516496658325
28249,1063750,2230088,0.4580381512641907
28250,1063750,7778349,0.4580013155937195
28251,1063750,2185615,0.45745572447776794
28252,1063750,6035793,0.45734453201293945
28253,1063750,3965096,0.4570632576942444
28254,1063750,4553793,0.4567612409591675
28255,1063750,8772007,0.4566041827201843
28256,1063750,7571424,0.4563378691673279
28257,1063750,5389358,0.4561646580696106
28258,1063750,1098177,0.4561280608177185
28259,1063750,2631570,0.4560656249523163
28260,1063750,6268109,0.45594096183776855
28261,1063750,7146775,0.455829381942749
28262,1063750,12266,0.45581403374671936
28263,1063750,3134992,0.45579999685287476
28264,1063750,7746114,0.45570772886276245
28265,1063750,4875244,0.4553855061531067
28266,1063750,8778501,0.45520472526550293
28267,1063750,1866482,0.45515722036361694
28268,1063750,8384978,0.454977810382843
28269,1063750,2728074,0.4547778069972992
28270,1063750,1098173,0.4545806646347046
28271,1063750,8170636,0.4544832706451416
28272,1063750,1004963,0.45434659719467163
28273,1063750,6486436,0.4541935324668884
28274,1063750,1506582,0.4539945125579834
28275,1063750,5412858,0.45390355587005615
28276,1063750,7895975,0.4533189535140991
28277,1063750,3259891,0.4533082842826843
28278,1063750,419108,0.4532453715801239
28279,1063750,4844348,0.45321711897850037
28280,1063750,4859538,0.4528314471244812
28281,1063750,5078817,0.4524795413017273
28282,1063750,4788294,0.4523831605911255
28283,1063750,8778502,0.45172756910324097
28284,1063750,7571425,0.4513326585292816
28285,1063750,4559131,0.451133131980896
28286,1063750,5137017,0.4510951042175293
28287,1063750,2185613,0.45105335116386414
28288,1063750,1300452,0.4509824812412262
28289,1063750,195089,0.45079469680786133
28290,1063750,6459685,0.45067909359931946
28291,1063750,4259290,0.4506497383117676
28292,1063750,4833167,0.45063892006874084
28293,1063750,5137016,0.45052415132522583
28294,1063750,7494563,0.45043790340423584
28295,1063750,6611145,0.4503423571586609
28296,1063750,4072210,0.45029741525650024
28297,1063750,7120558,0.4498513340950012
28298,1063750,2551914,0.44954556226730347
28299,1063750,7952968,0.44944822788238525
28300,1063750,6127382,0.4492977261543274
28301,1063750,5295721,0.4491426944732666
28302,1063750,5590578,0.44888976216316223
28303,1063750,5956100,0.44860947132110596
28304,1063750,2947505,0.44808948040008545
28305,1063750,4830128,0.44794344902038574
28306,1063750,7860035,0.4477577805519104
28307,1063750,4835973,0.4477527141571045
28308,1063750,3134994,0.44771456718444824
28309,1063750,8384976,0.4475718140602112
28310,1063750,7245736,0.4475048780441284
28311,1063750,4349277,0.4473588466644287
28312,1063750,4542118,0.44700196385383606
28313,1063750,1585551,0.4466027021408081
28314,1063750,3765642,0.44643670320510864
28315,1063750,6093907,0.4464205503463745
28316,1063750,6666451,0.4462510049343109
28317,1063750,983116,0.44613295793533325
28318,1063750,5140753,0.446128249168396
28319,1063750,3461498,0.4459402859210968
28320,1063750,5423882,0.4458331763744354
28321,1063750,5389356,0.44579964876174927
28322,1063750,6984617,0.44551771879196167
28323,1063750,5977543,0.4453608989715576
28324,1063750,4788297,0.44508087635040283
28325,1063750,2755000,0.44504666328430176
28326,1063750,3327048,0.4449242353439331
28327,1063750,2745614,0.44484877586364746
28328,1063750,987158,0.44484764337539673
28329,1063750,2784782,0.44484347105026245
28330,1063750,3327054,0.44453683495521545
28331,1063750,2622925,0.4443954527378082
28332,1063750,3805477,0.4442847967147827
28333,1063750,7686433,0.444074422121048
28334,1063750,4834837,0.4438296854496002
28335,1063750,6347199,0.4434724748134613
28336,1063750,5137013,0.4430929720401764
28337,1063750,195087,0.4430350065231323
28338,1063750,1414545,0.4428021013736725
28339,1063750,4009582,0.442786306142807
28340,1063750,2631571,0.4425324499607086
28341,1063750,4834834,0.44252437353134155
28342,1063750,7379506,0.44229376316070557
28343,1063750,3177629,0.4422413408756256
28344,1063750,2784784,0.4421513080596924
28345,1063750,5137015,0.44194769859313965
28346,1063750,3178996,0.44190940260887146
28347,1063750,8657915,0.44181203842163086
28348,1063750,3610446,0.4416137933731079
28349,1063750,8063722,0.4415516257286072
28350,1063750,8772009,0.44116729497909546
28351,1063750,1923507,0.4409215450286865
28352,1063750,2230092,0.4408857822418213
28353,1063750,6486431,0.4408453106880188
28354,1063750,5956105,0.440797358751297
28355,1063750,983117,0.44012510776519775
28356,1063750,7959125,0.4399988055229187
28357,1063750,7151220,0.4399709105491638
28358,1063750,2499494,0.43983766436576843
28359,1063750,3328545,0.43977272510528564
28360,1063750,3772677,0.43973618745803833
28361,1063750,7245743,0.4395221471786499
28362,1063750,5140755,0.43901878595352173
28363,1063750,4487116,0.4387822151184082
28364,1063750,3259887,0.4381905198097229
28365,1063750,4336683,0.4380115270614624
28366,1063750,4262840,0.43784502148628235
28367,1063750,4553795,0.4375189244747162
28368,1063750,7783007,0.43714022636413574
28369,1063750,975494,0.4369332194328308
28370,1063750,5137012,0.43688827753067017
28371,1063750,8536361,0.4367775321006775
28372,1063750,4969850,0.4367251992225647
28373,1063750,8263284,0.43664655089378357
28374,1063750,8584970,0.43662601709365845
28375,1063750,5721773,0.43639853596687317
28376,1063750,5517272,0.4362195134162903
28377,1063750,987159,0.43616312742233276
28378,1063750,2777856,0.4361152648925781
28379,1063750,3274908,0.4359204173088074
28380,1063750,2230087,0.43584495782852173
28381,1063750,4009583,0.43583056330680847
28382,1063750,1781993,0.4357669949531555
28383,1063750,7959122,0.43575748801231384
28384,1063750,4915735,0.43572908639907837
28385,1063750,1098181,0.43555623292922974
28386,1063750,3671075,0.43548595905303955
28387,1063750,8661019,0.4354827404022217
28388,1063750,6580491,0.43524616956710815
28389,1063750,7924889,0.43524399399757385
28390,1063750,4485232,0.43499109148979187
28391,1063750,8746343,0.4349900484085083
28392,1063750,8781651,0.43494680523872375
28393,1063750,3065718,0.43469882011413574
28394,1063750,8657914,0.43455976247787476
28395,1063750,2321278,0.4342160224914551
28396,1063750,2250952,0.43421146273612976
28397,1063750,6318578,0.4340212345123291
28398,1063750,4545376,0.4337688088417053
28399,1063750,8381256,0.4337158203125
28400,1063750,2925603,0.43369653820991516
28401,1063750,924279,0.433505117893219
28402,1063750,4588652,0.4334719479084015
28403,1063750,7871505,0.43341290950775146
28404,1063750,4542123,0.4333873987197876
28405,1063750,2774023,0.43328654766082764
28406,1063750,6167204,0.433173269033432
28407,1063750,706930,0.4328652620315552
28408,1063750,60715,0.43284398317337036
28409,1063750,5061517,0.4327489137649536
28410,1063750,7954757,0.4326968789100647
28411,1063750,4853371,0.4326440691947937
28412,1063750,770887,0.4326319992542267
28413,1063750,5721765,0.43260157108306885
28414,1063750,5006971,0.43245694041252136
28415,1063750,2157948,0.4324236810207367
28416,1063750,5501488,0.4321647882461548
28417,1063750,2868845,0.4321006238460541
28418,1063750,3252158,0.43189865350723267
28419,1063750,706931,0.4318627715110779
28420,1063750,4859539,0.4317600727081299
28421,1063750,8722081,0.4316903054714203
28422,1063750,2966593,0.4316490590572357
28423,1063750,4188650,0.4315751791000366
28424,1063750,5057640,0.4314172863960266
28425,1063750,3455654,0.43134525418281555
28426,1063750,3188792,0.4313037097454071
28427,1063750,5331833,0.43128103017807007
28428,1063750,7420088,0.43127328157424927
28429,1063750,6167210,0.43120238184928894
28430,1063750,4143824,0.43105262517929077
28431,1063750,8536363,0.4310319423675537
28432,1063750,5137011,0.4310286045074463
28433,1063750,549418,0.43086129426956177
28434,1063750,2399257,0.4308498799800873
28435,1063750,4759047,0.430830717086792
28436,1063750,2107469,0.43056970834732056
28437,1063750,5269958,0.4300840497016907
28438,1063750,7412330,0.42989614605903625
28439,1063750,1447007,0.42977064847946167
28440,1063750,2566071,0.4294714331626892
28441,1063750,3633196,0.4294578433036804
28442,1063750,6984618,0.42943698167800903
28443,1063750,5389357,0.4293707311153412
28444,1063750,5538548,0.429076611995697
28445,1063750,6483822,0.4290279150009155
28446,1063750,2862172,0.42897745966911316
28447,1063750,4080492,0.42889612913131714
28448,1063750,3540090,0.42875802516937256
28449,1063750,712406,0.4285685420036316
28450,1063750,5104140,0.4282859265804291
28451,1063750,3477421,0.42812153697013855
28452,1063750,4497330,0.42804044485092163
28453,1063750,2774022,0.42799079418182373
28454,1063750,7251978,0.4277963638305664
28455,1063750,2092813,0.42767685651779175
28456,1063750,3470636,0.4273799955844879
28457,1063750,4594384,0.42730480432510376
28458,1063750,3036348,0.42716339230537415
28459,1063750,3012718,0.4271142780780792
28460,1063750,4858113,0.4271027147769928
28461,1063750,3747092,0.42687952518463135
28462,1063750,7781369,0.4266790747642517
28463,1063750,4166380,0.4266618490219116
28464,1063750,2760238,0.4262775778770447
28465,1063750,2185620,0.42625102400779724
28466,1063750,4691862,0.42621657252311707
28467,1063750,5041984,0.42616844177246094
28468,1063750,1523262,0.42584091424942017
28469,1063750,5165147,0.42573434114456177
28470,1063750,2893326,0.4256892502307892
28471,1063750,4155935,0.42552268505096436
28472,1063750,1523265,0.4254830479621887
28473,1063750,7319366,0.4254808723926544
28474,1063750,2391458,0.4254153370857239
28475,1063750,549420,0.42535483837127686
28476,1063750,7742956,0.4253482222557068
28477,1063750,602531,0.425165057182312
28478,1063750,3153992,0.42515718936920166
28479,1063750,2947512,0.4250563979148865
28480,1063750,6093911,0.4249127209186554
28481,1063750,7746119,0.42483997344970703
28482,1063750,1091714,0.4248216450214386
28483,1063750,7270648,0.42461419105529785
28484,1063750,5224100,0.42459285259246826
28485,1063750,5960292,0.42457014322280884
28486,1063750,2768424,0.42456406354904175
28487,1063750,5096894,0.42452046275138855
28488,1063750,2912999,0.42421215772628784
28489,1063750,7244517,0.42398256063461304
28490,1063750,4718160,0.4237745404243469
28491,1063750,4156512,0.4236214756965637
28492,1063750,5804730,0.42355599999427795
28493,1063750,1253906,0.4235154390335083
28494,1063750,1936921,0.4232906401157379
28495,1063750,8170640,0.4232018291950226
28496,1063750,8745118,0.4230366349220276
28497,1063750,5945360,0.4229918122291565
28498,1063750,8544463,0.42285817861557007
28499,1063750,4784887,0.4224391579627991
28500,1063750,4708917,0.4224098324775696
28501,1063750,6404782,0.42229557037353516
28502,1063750,2518330,0.42229169607162476
28503,1063750,4155929,0.4220210909843445
28504,1063750,3136898,0.4219645857810974
28505,1063750,3792798,0.4217240810394287
28506,1063750,3392582,0.42168277502059937
28507,1063750,1797343,0.42161253094673157
28508,1063750,2743286,0.4215177297592163
28509,1063750,924283,0.42151713371276855
28510,1063750,7494558,0.4214840531349182
28511,1063750,2140356,0.4214524030685425
28512,1063750,7861219,0.4214287996292114
28513,1063750,1028123,0.42138543725013733
28514,1063750,6463189,0.42132633924484253
28515,1063750,3146105,0.42102211713790894
28516,1063750,7554646,0.42099305987358093
28517,1063750,3532111,0.4208119511604309
28518,1063750,224345,0.4207335114479065
28519,1063750,7886763,0.42050901055336
28520,1063750,2784781,0.4204460382461548
28521,1063750,2250944,0.42043983936309814
28522,1063750,8063721,0.4203566312789917
28523,1063750,2201080,0.4199565649032593
28524,1063750,7247267,0.41959309577941895
28525,1063750,3651,0.41939860582351685
28526,1063750,7959120,0.4192373752593994
28527,1063750,5295720,0.4191865026950836
28528,1063750,3134986,0.41915643215179443
28529,1063750,4327612,0.41904401779174805
28530,1063750,4899028,0.4188939034938812
28531,1063750,6984624,0.41885969042778015
28532,1063750,6943130,0.41875624656677246
28533,1063750,3532405,0.41866955161094666
28534,1063750,5314349,0.4182836413383484
28535,1063750,1191944,0.4182778000831604
28536,1063750,1385098,0.4182491898536682
28537,1063750,5189697,0.4181382358074188
28538,1063750,1523266,0.41804325580596924
28539,1063750,2377955,0.41779381036758423
28540,1063750,2584947,0.41775721311569214
28541,1063750,7746116,0.41774535179138184
28542,1063750,3184616,0.4177120327949524
28543,1063750,2913002,0.4175604581832886
28544,1063750,865282,0.41737017035484314
28545,1063750,3872997,0.4171093702316284
28546,1063750,8536364,0.41706979274749756
28547,1063750,7038985,0.41689079999923706
28548,1063750,5326427,0.41676872968673706
28549,1063750,6127455,0.41676387190818787
28550,1063750,5280802,0.41671526432037354
28551,1063750,8332940,0.41653576493263245
28552,1063750,4052913,0.4164363443851471
28553,1063750,3298238,0.41639435291290283
28554,1063750,4126155,0.41632509231567383
28555,1063750,2365180,0.41612958908081055
28556,1063750,2997653,0.415865033864975
28557,1063750,549415,0.41584616899490356
28558,1063750,6143785,0.41575318574905396
28559,1063750,1936915,0.4156629145145416
28560,1063750,5137019,0.4155053198337555
28561,1063750,2690935,0.41543763875961304
28562,1063750,7120562,0.41543298959732056
28563,1063750,2572211,0.4152612090110779
28564,1063750,1547719,0.41523706912994385
28565,1063750,1936916,0.4152088761329651
28566,1063750,7959119,0.41516631841659546
28567,1063750,4306477,0.41508400440216064
28568,1063750,3278379,0.4150068163871765
28569,1063750,6450931,0.4149651825428009
28570,1063750,4259288,0.414930135011673
28571,1063750,6404783,0.41489991545677185
28572,1063750,4915730,0.41489720344543457
28573,1063750,2383934,0.4147915244102478
28574,1063750,8507324,0.4146783947944641
28575,1063750,3076179,0.41463616490364075
28576,1063750,6666445,0.4146003723144531
28577,1063750,8658912,0.4145393371582031
28578,1063750,2892757,0.4145137667655945
28579,1063750,1171298,0.41412055492401123
28580,1063750,5389354,0.41410398483276367
28581,1063750,7304887,0.4140186905860901
28582,1063750,3550629,0.41400957107543945
28583,1063750,8691410,0.41385117173194885
28584,1063750,7251975,0.4138256311416626
28585,1063750,2571194,0.4138256311416626
28586,1063750,8757214,0.4138143062591553
28587,1063750,5195970,0.4137108623981476
28588,1063750,1253910,0.41369134187698364
28589,1063750,1447945,0.41353148221969604
28590,1063750,1253912,0.41341081261634827
28591,1063750,5026397,0.4133976101875305
28592,1063750,788483,0.41333484649658203
28593,1063750,2439959,0.4132736325263977
28594,1063750,2653692,0.4131092429161072
28595,1063750,3097867,0.4130638837814331
28596,1063750,3153997,0.41305750608444214
28597,1063750,5326426,0.41287630796432495
28598,1063750,4408051,0.41281789541244507
28599,1063750,7296060,0.412802517414093
28600,1063750,2092816,0.4126583933830261
28601,1063750,3772679,0.41256073117256165
28602,1063750,7228291,0.4125240445137024
28603,1063750,4408046,0.41231489181518555
28604,1063750,4408053,0.41225501894950867
28605,1063750,5538551,0.41216325759887695
28606,1063750,4391292,0.41214728355407715
28607,1063750,195092,0.41194361448287964
28608,1063750,8169151,0.4119161367416382
28609,1063750,6224404,0.41182681918144226
28610,1063750,3072922,0.4117070436477661
28611,1063750,3259890,0.4115694761276245
28612,1063750,7247108,0.4115042984485626
28613,1063750,6104103,0.4114205837249756
28614,1063750,4559129,0.4112800359725952
28615,1063750,1300455,0.4112028479576111
28616,1063750,1447942,0.4111408293247223
28617,1063750,3973423,0.41114017367362976
28618,1063750,5026395,0.41113191843032837
28619,1063750,3558889,0.4110172390937805
28620,1063750,586038,0.41098451614379883
28621,1063750,4722682,0.41098183393478394
28622,1063750,4337531,0.41086095571517944
28623,1063750,3259885,0.41078704595565796
28624,1063750,6879579,0.4106844663619995
28625,1063750,4486378,0.4106678068637848
28626,1063750,1516860,0.41063621640205383
28627,1063750,7252812,0.410616934299469
28628,1063750,4155932,0.41058069467544556
28629,1063750,5347614,0.4105760455131531
28630,1063750,2768121,0.4105324447154999
28631,1063750,7694031,0.4104660153388977
28632,1063750,5314345,0.410422146320343
28633,1063750,1839173,0.4102761149406433
28634,1063750,5351281,0.4101898670196533
28635,1063750,1004959,0.4101896286010742
28636,1063750,3568346,0.41011425852775574
28637,1063750,4788299,0.410089910030365
28638,1063750,3610442,0.4100233018398285
28639,1063750,3802486,0.4099220931529999
28640,1063750,3959833,0.4098440408706665
28641,1063750,2195308,0.40984171628952026
28642,1063750,7241899,0.4098086953163147
28643,1063750,5256196,0.4097382724285126
28644,1063750,4799491,0.40966638922691345
28645,1063750,1004960,0.4094862639904022
28646,1063750,6331478,0.4094647169113159
28647,1063750,4156515,0.40943068265914917
28648,1063750,3765645,0.40907007455825806
28649,1063750,277796,0.40890777111053467
28650,1063750,5784378,0.4088094234466553
28651,1063750,7957835,0.40865030884742737
28652,1063750,476610,0.40858161449432373
28653,1063750,1835558,0.40854185819625854
28654,1063750,3693338,0.408481240272522
28655,1063750,1506580,0.40844810009002686
28656,1063750,7445576,0.4084363579750061
28657,1063750,106875,0.4083750545978546
28658,1063750,7151225,0.4082517921924591
28659,1063750,5804733,0.40823620557785034
28660,1063750,238173,0.4081658720970154
28661,1063750,2460718,0.4081592261791229
28662,1063750,983697,0.4081299304962158
28663,1063750,2857090,0.40802717208862305
28664,1063750,8536359,0.40798985958099365
28665,1063750,6611151,0.4079826772212982
28666,1063750,4559127,0.4079062342643738
28667,1063750,6347200,0.4078400135040283
28668,1063750,2934625,0.40773844718933105
28669,1063750,5053946,0.4075879454612732
28670,1063750,2774024,0.4075603485107422
28671,1063750,4155934,0.40749937295913696
28672,1063750,232386,0.4074222445487976
28673,1063750,4426597,0.40738290548324585
28674,1063750,143600,0.4073714017868042
28675,1063750,4026025,0.40736642479896545
28676,1063750,3856928,0.4072166085243225
28677,1063750,4753474,0.40721556544303894
28678,1063750,3508905,0.4071551561355591
28679,1063750,3477419,0.407138466835022
28680,1063750,3499599,0.40710729360580444
28681,1063750,4487117,0.4070027470588684
28682,1063750,5339315,0.4069365859031677
28683,1063750,8006295,0.4069286584854126
28684,1063750,4054796,0.4068409204483032
28685,1063750,2566445,0.40682488679885864
28686,1063750,4769897,0.4068138599395752
28687,1063750,7860038,0.4067929983139038
28688,1063750,6534745,0.40665555000305176
28689,1063750,2728078,0.4066297709941864
28690,1063750,2676519,0.40661993622779846
28691,1063750,5355033,0.40658140182495117
28692,1063750,759813,0.4065096378326416
28693,1063750,2267906,0.406494677066803
28694,1063750,1173187,0.4064108729362488
28695,1063750,4759816,0.40636497735977173
28696,1063750,4324422,0.40631234645843506
28697,1063750,4616928,0.40621620416641235
28698,1063750,7903431,0.4062028229236603
28699,1063750,5021253,0.40617525577545166
28700,1063750,3547677,0.4060359001159668
28701,1063750,3097862,0.4060095548629761
28702,1063750,1191942,0.40599575638771057
28703,1063750,5053942,0.4059861898422241
28704,1063750,5036193,0.40595918893814087
28705,1063750,2763993,0.40588217973709106
28706,1063750,1685545,0.40583717823028564
28707,1063750,987161,0.4056207537651062
28708,1063750,1802059,0.4055889844894409
28709,1063750,6436702,0.4055730104446411
28710,1063750,110681,0.40553832054138184
28711,1063750,4336687,0.40542012453079224
28712,1063750,7015866,0.4053981304168701
28713,1063750,3708836,0.4052143692970276
28714,1063750,4860547,0.4051719903945923
28715,1063750,3816777,0.40503132343292236
28716,1063750,1059101,0.4050225615501404
28717,1063750,3296956,0.4049779176712036
28718,1063750,584334,0.4049718379974365
28719,1063750,4156511,0.4048617482185364
28720,1063750,2808611,0.4048510789871216
28721,1063750,7245225,0.40485092997550964
28722,1063750,4168208,0.4048320949077606
28723,1063750,549412,0.40479862689971924
28724,1063750,7823087,0.40471455454826355
28725,1063750,3455652,0.4046702980995178
28726,1063750,2926262,0.40465861558914185
28727,1063750,4398902,0.4045792818069458
28728,1063750,2349945,0.4045172929763794
28729,1063750,274604,0.4044051766395569
28730,1063750,3198341,0.40429744124412537
28731,1063750,2731828,0.40428072214126587
28732,1063750,3429516,0.4042264223098755
28733,1063750,4516992,0.4042254090309143
28734,1063750,47617,0.4041919410228729
28735,1063750,7244668,0.40415507555007935
28736,1063750,8006299,0.40408632159233093
28737,1063750,4366559,0.40408408641815186
28738,1063750,4329904,0.40391820669174194
28739,1063750,3311920,0.40383413434028625
28740,1063750,5360360,0.4036591649055481
28741,1063750,2242826,0.4034780263900757
28742,1063750,7360167,0.40331798791885376
28743,1063750,4630647,0.40328705310821533
28744,1063750,4555717,0.403239905834198
28745,1063750,4541453,0.40318918228149414
28746,1063750,2092817,0.4031316041946411
28747,1063750,2927427,0.4029501974582672
28748,1063750,6459686,0.4029356837272644
28749,1063750,2569817,0.40288588404655457
28750,1063750,1585548,0.40282323956489563
28751,1063750,5053945,0.4026201665401459
28752,1063750,1516869,0.4026094675064087
28753,1063750,16693,0.4025495648384094
28754,1063750,2247768,0.40254825353622437
28755,1063750,476611,0.40244755148887634
28756,1063750,4121716,0.4023769497871399
28757,1063750,2378554,0.4022274315357208
28758,1063750,3102131,0.4022209048271179
28759,1063750,5383282,0.4021852910518646
28760,1063750,274603,0.4021763205528259
28761,1063750,1951676,0.40208613872528076
28762,1063750,2506183,0.40208110213279724
28763,1063750,4450886,0.4020664691925049
28764,1063750,5168153,0.4020554721355438
28765,1063750,3282463,0.40199121832847595
28766,1063750,3630535,0.40189051628112793
28767,1063750,4834831,0.4018704891204834
28768,1063750,5140759,0.4017776548862457
28769,1063750,7254055,0.40173789858818054
28770,1063750,8757213,0.4017259478569031
28771,1063750,5088122,0.40171968936920166
28772,1063750,3610047,0.40168774127960205
28773,1063750,3973682,0.40168485045433044
28774,1063750,4054797,0.4016585946083069
28775,1063750,5721764,0.40138739347457886
28776,1063750,8362090,0.40138310194015503
28777,1063750,4693530,0.4012949764728546
28778,1063750,3856930,0.4012473523616791
28779,1063750,2243173,0.400957316160202
28780,1063750,4647483,0.4009465277194977
28781,1063750,4395765,0.40084052085876465
28782,1063750,106873,0.40080738067626953
28783,1063750,1506574,0.4007391929626465
28784,1063750,7245807,0.4007148742675781
28785,1063750,2242823,0.4006964862346649
28786,1063750,5413532,0.40068352222442627
28787,1063750,5538547,0.4006701707839966
28788,1063750,4333034,0.40056169033050537
28789,1063750,3633193,0.4005357027053833
28790,1063750,8128452,0.4005292057991028
28791,1063750,2837538,0.4004688262939453
28792,1063750,3107001,0.40039974451065063
28793,1063750,7494556,0.4003086984157562
28794,1063750,6212833,0.4002697467803955
28795,1063750,1044195,0.4002319574356079
28796,1063750,2326466,0.4001239538192749
28797,1063750,7379509,0.39981356263160706
28798,1063750,6108526,0.3997795581817627
28799,1063750,1516866,0.39977848529815674
28800,1063750,987167,0.3997487723827362
28801,1063750,2109251,0.3996814787387848
28802,1063750,2808610,0.3994254469871521
28803,1063750,5324842,0.39942508935928345
28804,1063750,6943539,0.39941635727882385
28805,1063750,1098178,0.3992844820022583
28806,1063750,2871678,0.39918696880340576
28807,1063750,1008764,0.3991052508354187
28808,1063750,825746,0.3990974426269531
28809,1063750,5969186,0.39903581142425537
28810,1063750,4193624,0.3990267813205719
28811,1063750,1590894,0.3989402949810028
28812,1063750,238180,0.3989032208919525
28813,1063750,3581658,0.3988766670227051
28814,1063750,2487205,0.39886417984962463
28815,1063750,2116901,0.3988431692123413
28816,1063750,8263290,0.39880722761154175
28817,1063750,8381261,0.39877867698669434
28818,1063750,5173279,0.3987683653831482
28819,1063750,2612569,0.39872199296951294
28820,1063750,5881098,0.3986918330192566
28821,1063750,2755003,0.3986360728740692
28822,1063750,3550631,0.3986038863658905
28823,1063750,2243171,0.3984617292881012
28824,1063750,6203605,0.3984464406967163
28825,1063750,5041982,0.3983897566795349
28826,1063750,1802051,0.39836201071739197
28827,1063750,1124053,0.3982272148132324
28828,1063750,4180801,0.3982071876525879
28829,1063750,4330928,0.398147851228714
28830,1063750,3955843,0.3981073498725891
28831,1063750,5230068,0.39809274673461914
28832,1063750,3278378,0.3980737328529358
28833,1063750,4556202,0.39803779125213623
28834,1063750,3841794,0.3979859948158264
28835,1063750,1974605,0.39796727895736694
28836,1063750,5563714,0.39794695377349854
28837,1063750,47618,0.39791032671928406
28838,1063750,4707182,0.3978191018104553
28839,1063750,5940685,0.3977973461151123
28840,1063750,5156872,0.3977449834346771
28841,1063750,4449534,0.3977150321006775
28842,1063750,4005093,0.3976701498031616
28843,1063750,4888808,0.39757058024406433
28844,1063750,1618917,0.397407591342926
28845,1063750,3134991,0.397407591342926
28846,1063750,3606621,0.39740145206451416
28847,1063750,2929879,0.3973979949951172
28848,1063750,2777860,0.39738577604293823
28849,1063750,3174999,0.3973844051361084
28850,1063750,7322903,0.39724797010421753
28851,1063750,4182558,0.3972376585006714
28852,1063750,4435429,0.39722147583961487
28853,1063750,3959837,0.39719992876052856
28854,1063750,7791404,0.39700937271118164
28855,1063750,3499600,0.3969307243824005
28856,1063750,4487112,0.3969111740589142
28857,1063750,4834972,0.39687174558639526
28858,1063750,8730123,0.3968128263950348
28859,1063750,7860037,0.39678603410720825
28860,1063750,8501145,0.3967757821083069
28861,1063750,8578671,0.3967742323875427
28862,1063750,2185614,0.39676350355148315
28863,1063750,5314344,0.3966729938983917
28864,1063750,2919574,0.3966637849807739
28865,1063750,6984622,0.39660125970840454
28866,1063750,3607503,0.39654257893562317
28867,1063750,2314180,0.3965345025062561
28868,1063750,7541799,0.39647454023361206
28869,1063750,8695592,0.39646971225738525
28870,1063750,2752191,0.39627760648727417
28871,1063750,4542119,0.3962398171424866
28872,1063750,3293219,0.39603036642074585
28873,1063750,5538552,0.39597591757774353
28874,1063750,4844357,0.3958815336227417
28875,1063750,7924887,0.39584583044052124
28876,1063750,7882525,0.3958284258842468
28877,1063750,2825572,0.39578235149383545
28878,1063750,3175006,0.3957700729370117
28879,1063750,1587259,0.39572542905807495
28880,1063750,4334589,0.39572393894195557
28881,1063750,1164997,0.3956427574157715
28882,1063750,2335513,0.395618200302124
28883,1063750,2510064,0.3956070840358734
28884,1063750,711556,0.3955702781677246
28885,1063750,4188792,0.39549219608306885
28886,1063750,2610201,0.39548227190971375
28887,1063750,8654051,0.3954789638519287
28888,1063750,4516994,0.3954662084579468
28889,1063750,4545852,0.3953859806060791
28890,1063750,3076181,0.39531058073043823
28891,1063750,6331481,0.3952762484550476
28892,1063750,2250951,0.39526790380477905
28893,1063750,543423,0.39522403478622437
28894,1063750,2118376,0.394919216632843
28895,1063750,3169508,0.3948516249656677
28896,1063750,3431950,0.39483219385147095
28897,1063750,7791760,0.3948030471801758
28898,1063750,8828757,0.3946993350982666
28899,1063750,8778243,0.39467382431030273
28900,1063750,5956101,0.3945607841014862
28901,1063750,1506573,0.39450395107269287
28902,1063750,4406742,0.3944239020347595
28903,1063750,4274809,0.3943459987640381
28904,1063750,5002696,0.3942909240722656
28905,1063750,1432209,0.3942405581474304
28906,1063750,3662345,0.39421844482421875
28907,1063750,2321280,0.39417654275894165
28908,1063750,2440851,0.39415794610977173
28909,1063750,5199111,0.39415794610977173
28910,1063750,5082037,0.39411062002182007
28911,1063750,5423879,0.39407944679260254
28912,1063750,2380670,0.3940667510032654
28913,1063750,7860030,0.39405256509780884
28914,1063750,144471,0.39400404691696167
28915,1063750,6362617,0.39400044083595276
28916,1063750,7318680,0.39389801025390625
28917,1063750,5351279,0.3938823342323303
28918,1063750,274879,0.393826425075531
28919,1063750,2890207,0.3937826156616211
28920,1063750,3132976,0.3937450051307678
28921,1063750,4811664,0.39374426007270813
28922,1063750,7245664,0.39374104142189026
28923,1063750,2807967,0.3936272859573364
28924,1063750,4594012,0.393585205078125
28925,1063750,4032352,0.39357781410217285
28926,1063750,6318577,0.393474817276001
28927,1063750,1091719,0.3934720754623413
28928,1063750,5961613,0.39342576265335083
28929,1063750,2365440,0.3934188485145569
28930,1063750,4556201,0.3933086395263672
28931,1063750,3376183,0.3932037949562073
28932,1063750,2625592,0.3931824266910553
28933,1063750,2243178,0.39315706491470337
28934,1063750,5133260,0.3931565582752228
28935,1063750,4450885,0.3931349813938141
28936,1063750,549417,0.393094539642334
28937,1063750,6406692,0.3930565118789673
28938,1063750,3872999,0.3930397629737854
28939,1063750,4301722,0.39295077323913574
28940,1063750,2243177,0.3929404616355896
28941,1063750,5373035,0.39293956756591797
28942,1063750,5347613,0.3929159641265869
28943,1063750,4329902,0.3928864896297455
28944,1063750,5956103,0.3928227424621582
28945,1063750,5222664,0.39280378818511963
28946,1063750,1447946,0.3927493095397949
28947,1063750,2997843,0.3926529884338379
28948,1063750,7871504,0.39257895946502686
28949,1063750,3274905,0.3925465941429138
28950,1063750,1004962,0.3924849033355713
28951,1063750,2718555,0.39247632026672363
28952,1063750,6318580,0.3924751877784729
28953,1063750,4259289,0.3924177885055542
28954,1063750,4408049,0.3924005329608917
28955,1063750,2043089,0.3923302888870239
28956,1063750,7319363,0.39227306842803955
28957,1063750,623576,0.3921113610267639
28958,1063750,8657917,0.39204078912734985
28959,1063750,3525222,0.3919835686683655
28960,1063750,309316,0.39191433787345886
28961,1063750,6406688,0.39185935258865356
28962,1063750,2092812,0.39179715514183044
28963,1063750,3562867,0.3916558027267456
28964,1063750,3434318,0.39162927865982056
28965,1063750,2891368,0.39155781269073486
28966,1063750,1166116,0.39149558544158936
28967,1063750,2101565,0.3914942741394043
28968,1063750,2201085,0.3914383053779602
28969,1063750,684112,0.3914230167865753
28970,1063750,4567897,0.3913154602050781
28971,1063750,3610200,0.3912956416606903
28972,1063750,1540729,0.39121097326278687
28973,1063750,711562,0.39118826389312744
28974,1063750,4426603,0.39110660552978516
28975,1063750,7038986,0.39100155234336853
28976,1063750,4625819,0.39098259806632996
28977,1063750,6489283,0.3909732401371002
28978,1063750,8194910,0.39094698429107666
28979,1063750,4712116,0.3908352255821228
28980,1063750,8598199,0.39078134298324585
28981,1063750,2610203,0.390597403049469
28982,1063750,4060885,0.39037269353866577
28983,1063750,2972626,0.3903573155403137
28984,1063750,5778235,0.3903504014015198
28985,1063750,1866934,0.3903401494026184
28986,1063750,2986853,0.3903036117553711
28987,1063750,7694036,0.3902825117111206
28988,1063750,3638438,0.3902679681777954
28989,1063750,4812338,0.3901710510253906
28990,1063750,2499495,0.39009222388267517
28991,1063750,8817182,0.39005351066589355
28992,1063750,1529669,0.39002829790115356
28993,1063750,7571431,0.3899897336959839
28994,1063750,1447941,0.38981813192367554
28995,1063750,4980368,0.3897849917411804
28996,1063750,8170637,0.38973742723464966
28997,1063750,2267913,0.3897242546081543
28998,1063750,5585985,0.38970571756362915
28999,1063750,8263283,0.38968977332115173
29000,1103812,8220089,0.598021388053894
29001,1103812,8220086,0.5899353623390198
29002,1103812,8220085,0.5799196362495422
29003,1103812,3940091,0.5698273777961731
29004,1103812,8224175,0.5350667834281921
29005,1103812,3843271,0.5266213417053223
29006,1103812,2703114,0.5245363116264343
29007,1103812,8224183,0.5231672525405884
29008,1103812,2586283,0.5213906764984131
29009,1103812,2703108,0.5165318250656128
29010,1103812,8402961,0.508693516254425
29011,1103812,5976811,0.5041177272796631
29012,1103812,2703110,0.5009168386459351
29013,1103812,7430769,0.5002993941307068
29014,1103812,6103245,0.4994840621948242
29015,1103812,1294072,0.4969868063926697
29016,1103812,3843267,0.4941915273666382
29017,1103812,3591090,0.4933701455593109
29018,1103812,1659850,0.48911547660827637
29019,1103812,868008,0.4887499511241913
29020,1103812,5974245,0.48670652508735657
29021,1103812,7280664,0.48630136251449585
29022,1103812,4879957,0.4837339520454407
29023,1103812,4824831,0.4807671904563904
29024,1103812,7430771,0.4801787734031677
29025,1103812,8220081,0.47850501537323
29026,1103812,8224177,0.4749578833580017
29027,1103812,6220880,0.4722721576690674
29028,1103812,2976165,0.4718448221683502
29029,1103812,4168356,0.47142136096954346
29030,1103812,5976804,0.47119778394699097
29031,1103812,3990418,0.4686005115509033
29032,1103812,8220087,0.46662917733192444
29033,1103812,292718,0.4660601019859314
29034,1103812,1631015,0.4655817151069641
29035,1103812,3843269,0.465567946434021
29036,1103812,1659852,0.4635118544101715
29037,1103812,7873020,0.46306753158569336
29038,1103812,3591099,0.4628813862800598
29039,1103812,7242599,0.4615997076034546
29040,1103812,3591098,0.46008285880088806
29041,1103812,7612807,0.45985376834869385
29042,1103812,3964593,0.45961993932724
29043,1103812,7864068,0.45935413241386414
29044,1103812,6569474,0.4592939615249634
29045,1103812,5976805,0.4585099518299103
29046,1103812,4322056,0.45629066228866577
29047,1103812,6950697,0.4560568928718567
29048,1103812,4044288,0.45554596185684204
29049,1103812,7729484,0.4547051787376404
29050,1103812,3981272,0.45206817984580994
29051,1103812,955560,0.45035290718078613
29052,1103812,6289840,0.45016807317733765
29053,1103812,2158704,0.44961220026016235
29054,1103812,3672737,0.4488195776939392
29055,1103812,3843263,0.4485788345336914
29056,1103812,737451,0.44805896282196045
29057,1103812,6604321,0.4470359981060028
29058,1103812,3370999,0.4456186294555664
29059,1103812,1869724,0.441334068775177
29060,1103812,3672738,0.4408988356590271
29061,1103812,8293805,0.44080185890197754
29062,1103812,6107372,0.4406086206436157
29063,1103812,7246728,0.439887136220932
29064,1103812,7570543,0.43906062841415405
29065,1103812,5172169,0.43891841173171997
29066,1103812,4586998,0.43831145763397217
29067,1103812,5077446,0.43811094760894775
29068,1103812,6220881,0.4373273253440857
29069,1103812,3981270,0.43655312061309814
29070,1103812,7802865,0.43445131182670593
29071,1103812,153734,0.43427714705467224
29072,1103812,737450,0.4332510232925415
29073,1103812,4322057,0.4331062436103821
29074,1103812,3723299,0.43126043677330017
29075,1103812,4469205,0.4311533570289612
29076,1103812,8755009,0.43101829290390015
29077,1103812,190061,0.4309690594673157
29078,1103812,8220088,0.43039369583129883
29079,1103812,3431713,0.4301968216896057
29080,1103812,6223311,0.43011265993118286
29081,1103812,7729482,0.4296390116214752
29082,1103812,2223293,0.4284449815750122
29083,1103812,7352826,0.4283543825149536
29084,1103812,3697006,0.42815589904785156
29085,1103812,4817508,0.427692174911499
29086,1103812,7861512,0.4272291660308838
29087,1103812,304200,0.4269571006298065
29088,1103812,2922099,0.42695385217666626
29089,1103812,2596833,0.42660054564476013
29090,1103812,6107371,0.42651820182800293
29091,1103812,5036304,0.42543989419937134
29092,1103812,8220084,0.424275666475296
29093,1103812,7916891,0.42394107580184937
29094,1103812,5414932,0.4235023856163025
29095,1103812,1909886,0.4234706163406372
29096,1103812,4688876,0.4232329726219177
29097,1103812,1602354,0.42241671681404114
29098,1103812,6842213,0.42150843143463135
29099,1103812,6449127,0.42095106840133667
29100,1103812,3964719,0.4203934669494629
29101,1103812,7908747,0.42035138607025146
29102,1103812,7280423,0.4203328788280487
29103,1103812,7105495,0.4198894500732422
29104,1103812,292721,0.4196202754974365
29105,1103812,484648,0.4191490411758423
29106,1103812,292717,0.4189629554748535
29107,1103812,1104618,0.4189409911632538
29108,1103812,2777790,0.41869235038757324
29109,1103812,7782826,0.41866743564605713
29110,1103812,5666555,0.4183327257633209
29111,1103812,8187232,0.4166626036167145
29112,1103812,4087886,0.415616512298584
29113,1103812,4675881,0.41469961404800415
29114,1103812,4566582,0.4146570563316345
29115,1103812,4565078,0.4142909348011017
29116,1103812,4305326,0.4135131239891052
29117,1103812,7676360,0.41350749135017395
29118,1103812,3990417,0.41292762756347656
29119,1103812,4486451,0.41288357973098755
29120,1103812,1377056,0.4127475619316101
29121,1103812,1679945,0.41220927238464355
29122,1103812,1104624,0.41214191913604736
29123,1103812,4802773,0.41152822971343994
29124,1103812,2253245,0.4114975333213806
29125,1103812,3499601,0.411474347114563
29126,1103812,292719,0.41097936034202576
29127,1103812,4417979,0.41071540117263794
29128,1103812,5430768,0.4104430377483368
29129,1103812,2150228,0.4098462164402008
29130,1103812,5666556,0.4095567464828491
29131,1103812,2240117,0.4090031385421753
29132,1103812,2372270,0.4088647663593292
29133,1103812,1519963,0.40882939100265503
29134,1103812,5929498,0.40845680236816406
29135,1103812,3277638,0.40798652172088623
29136,1103812,7802863,0.4079495370388031
29137,1103812,3499600,0.40777409076690674
29138,1103812,203670,0.4073648452758789
29139,1103812,7280419,0.40724074840545654
29140,1103812,8220083,0.40705639123916626
29141,1103812,856838,0.4068733751773834
29142,1103812,3168116,0.40669289231300354
29143,1103812,3591094,0.4061407446861267
29144,1103812,5300749,0.406011164188385
29145,1103812,1631016,0.4059506356716156
29146,1103812,2451562,0.405917763710022
29147,1103812,3309365,0.4056021571159363
29148,1103812,4838986,0.40524882078170776
29149,1103812,4879959,0.4050685465335846
29150,1103812,8402959,0.40472090244293213
29151,1103812,5224743,0.4046051800251007
29152,1103812,4565083,0.40456080436706543
29153,1103812,2919990,0.4043235182762146
29154,1103812,4797930,0.40430948138237
29155,1103812,2562513,0.40424105525016785
29156,1103812,3843270,0.4041498899459839
29157,1103812,4543568,0.4040340185165405
29158,1103812,8224176,0.4039348065853119
29159,1103812,3349025,0.4038769006729126
29160,1103812,955565,0.40374132990837097
29161,1103812,7242597,0.4035241901874542
29162,1103812,2822999,0.40350276231765747
29163,1103812,8663356,0.4032830595970154
29164,1103812,3591570,0.403249055147171
29165,1103812,6766631,0.4031444787979126
29166,1103812,3665057,0.4031113088130951
29167,1103812,1532170,0.40279245376586914
29168,1103812,476183,0.402589350938797
29169,1103812,6668186,0.4025207757949829
29170,1103812,5064431,0.40242576599121094
29171,1103812,2750951,0.4023713171482086
29172,1103812,3779635,0.40208157896995544
29173,1103812,8138246,0.40207144618034363
29174,1103812,3195408,0.4019729495048523
29175,1103812,3282182,0.4014342129230499
29176,1103812,6454487,0.4012317657470703
29177,1103812,865879,0.40122637152671814
29178,1103812,6312077,0.4004371762275696
29179,1103812,4572725,0.40022391080856323
29180,1103812,4726842,0.40011832118034363
29181,1103812,2354423,0.4000728130340576
29182,1103812,737457,0.40007174015045166
29183,1103812,3328547,0.3998073637485504
29184,1103812,4786510,0.3996196389198303
29185,1103812,4565077,0.39910584688186646
29186,1103812,2602252,0.39904099702835083
29187,1103812,3925682,0.39898496866226196
29188,1103812,7898629,0.39891698956489563
29189,1103812,8760897,0.3987749516963959
29190,1103812,5944117,0.39866793155670166
29191,1103812,5190509,0.3986212909221649
29192,1103812,7397341,0.39849892258644104
29193,1103812,4824834,0.3984503746032715
29194,1103812,8221395,0.39823466539382935
29195,1103812,1268865,0.39818763732910156
29196,1103812,4566583,0.3980993926525116
29197,1103812,5108194,0.39809027314186096
29198,1103812,1404884,0.3977574110031128
29199,1103812,5180532,0.397727906703949
29200,1103812,5201198,0.3977268636226654
29201,1103812,4567912,0.3976682424545288
29202,1103812,4565079,0.3976304233074188
29203,1103812,8160339,0.39750319719314575
29204,1103812,3697004,0.39727097749710083
29205,1103812,4591742,0.39718693494796753
29206,1103812,4492200,0.3971138000488281
29207,1103812,4584680,0.39699649810791016
29208,1103812,5691453,0.3969563841819763
29209,1103812,7244886,0.3966693878173828
29210,1103812,549417,0.39662840962409973
29211,1103812,2857090,0.3963712751865387
29212,1103812,7117101,0.39597174525260925
29213,1103812,5310799,0.39589646458625793
29214,1103812,8220080,0.39586520195007324
29215,1103812,8728917,0.39566901326179504
29216,1103812,3789475,0.39565056562423706
29217,1103812,5034018,0.3955470621585846
29218,1103812,2720842,0.3954732120037079
29219,1103812,921470,0.3953370451927185
29220,1103812,3779637,0.3952784836292267
29221,1103812,6950694,0.3952632546424866
29222,1103812,6026325,0.3951818346977234
29223,1103812,7491609,0.3950558602809906
29224,1103812,737452,0.39499717950820923
29225,1103812,6750896,0.39495518803596497
29226,1103812,5201204,0.3948651850223541
29227,1103812,848984,0.39453959465026855
29228,1103812,5819640,0.39449542760849
29229,1103812,4434348,0.39431288838386536
29230,1103812,2250950,0.394292414188385
29231,1103812,6627381,0.3939844071865082
29232,1103812,2828690,0.39392662048339844
29233,1103812,2602251,0.39377015829086304
29234,1103812,3394733,0.3937009572982788
29235,1103812,4565080,0.39353305101394653
29236,1103812,4241925,0.39351144433021545
29237,1103812,4292848,0.39339479804039
29238,1103812,660299,0.3927649259567261
29239,1103812,3131753,0.39270728826522827
29240,1103812,4444626,0.3925250768661499
29241,1103812,7861548,0.392358660697937
29242,1103812,1350005,0.392319917678833
29243,1103812,737449,0.39227116107940674
29244,1103812,2502985,0.3921622633934021
29245,1103812,4598218,0.3919990658760071
29246,1103812,4584673,0.3919675946235657
29247,1103812,5742521,0.3917180299758911
29248,1103812,5208697,0.3914185166358948
29249,1103812,431926,0.39113306999206543
29250,1103812,5960010,0.3910427689552307
29251,1103812,5372063,0.39096343517303467
29252,1103812,4298193,0.3909045457839966
29253,1103812,4241929,0.3907667100429535
29254,1103812,4815645,0.39058810472488403
29255,1103812,3168115,0.3899313807487488
29256,1103812,8192156,0.3897206783294678
29257,1103812,4023153,0.3896375894546509
29258,1103812,5976809,0.3895953893661499
29259,1103812,2068193,0.3895281255245209
29260,1103812,7568372,0.38938671350479126
29261,1103812,4937953,0.38918372988700867
29262,1103812,3996037,0.38917073607444763
29263,1103812,3431711,0.38916951417922974
29264,1103812,5666554,0.3890111446380615
29265,1103812,7721900,0.38889747858047485
29266,1103812,5121076,0.38854527473449707
29267,1103812,5206504,0.388525128364563
29268,1103812,6127923,0.3884969651699066
29269,1103812,1439916,0.38842666149139404
29270,1103812,7880546,0.38840624690055847
29271,1103812,5950140,0.38835176825523376
29272,1103812,7965773,0.3883284330368042
29273,1103812,4174727,0.3880274295806885
29274,1103812,8224181,0.38763588666915894
29275,1103812,3919310,0.38763174414634705
29276,1103812,3985347,0.387484610080719
29277,1103812,2822996,0.38726717233657837
29278,1103812,3649127,0.3871705234050751
29279,1103812,3431715,0.38704001903533936
29280,1103812,6618280,0.3870278000831604
29281,1103812,4572724,0.3869742751121521
29282,1103812,3990414,0.38690781593322754
29283,1103812,8510829,0.38688600063323975
29284,1103812,3377640,0.386756032705307
29285,1103812,5944115,0.38675224781036377
29286,1103812,2291873,0.3864480257034302
29287,1103812,4600620,0.38642799854278564
29288,1103812,1237925,0.386348158121109
29289,1103812,4635226,0.38623395562171936
29290,1103812,862722,0.3857843577861786
29291,1103812,6477643,0.3856011927127838
29292,1103812,4094637,0.3854835033416748
29293,1103812,2541847,0.3853774964809418
29294,1103812,4900631,0.38530656695365906
29295,1103812,4627996,0.3852089047431946
29296,1103812,5581284,0.3851686716079712
29297,1103812,8730462,0.38515040278434753
29298,1103812,4331707,0.3850175142288208
29299,1103812,2922100,0.38478463888168335
29300,1103812,3529443,0.384671151638031
29301,1103812,1992054,0.38465508818626404
29302,1103812,4514622,0.3845684230327606
29303,1103812,3726202,0.38451218605041504
29304,1103812,168819,0.3844538629055023
29305,1103812,848986,0.38416388630867004
29306,1103812,4322058,0.384049654006958
29307,1103812,7430767,0.38394391536712646
29308,1103812,4815641,0.3839113712310791
29309,1103812,4565081,0.3837961256504059
29310,1103812,4322060,0.3836597204208374
29311,1103812,4087884,0.383532851934433
29312,1103812,2920650,0.3835216760635376
29313,1103812,6476707,0.38349658250808716
29314,1103812,3222437,0.38323038816452026
29315,1103812,4968895,0.38305866718292236
29316,1103812,6449124,0.3829617500305176
29317,1103812,8109174,0.38291430473327637
29318,1103812,737454,0.3826802968978882
29319,1103812,833536,0.38251030445098877
29320,1103812,3229117,0.38243940472602844
29321,1103812,484643,0.3824322521686554
29322,1103812,6083690,0.3822539448738098
29323,1103812,7950487,0.3821479082107544
29324,1103812,4879958,0.38206446170806885
29325,1103812,6099081,0.38194960355758667
29326,1103812,2881946,0.38181185722351074
29327,1103812,7752768,0.3818024694919586
29328,1103812,4584675,0.3817470669746399
29329,1103812,1717206,0.3817340135574341
29330,1103812,4124203,0.38160213828086853
29331,1103812,1783587,0.3815872073173523
29332,1103812,3229118,0.38128238916397095
29333,1103812,6312075,0.3812611401081085
29334,1103812,4431716,0.38120993971824646
29335,1103812,7871510,0.381205677986145
29336,1103812,4690066,0.381174772977829
29337,1103812,6698722,0.3811487555503845
29338,1103812,292715,0.3811373710632324
29339,1103812,4751276,0.3811104893684387
29340,1103812,6423141,0.38081032037734985
29341,1103812,4793471,0.3805754780769348
29342,1103812,5176911,0.3805463910102844
29343,1103812,8620378,0.3804224133491516
29344,1103812,3517444,0.3803287744522095
29345,1103812,4067568,0.3802230954170227
29346,1103812,7796886,0.380155086517334
29347,1103812,556215,0.38012537360191345
29348,1103812,1573738,0.3801191747188568
29349,1103812,6243721,0.380093514919281
29350,1103812,3055151,0.37981584668159485
29351,1103812,6051374,0.37978047132492065
29352,1103812,8125370,0.3797307312488556
29353,1103812,4259384,0.37968701124191284
29354,1103812,4124199,0.3794185519218445
29355,1103812,1214791,0.37920546531677246
29356,1103812,754115,0.37908482551574707
29357,1103812,8448904,0.379024863243103
29358,1103812,6223313,0.37892046570777893
29359,1103812,1391602,0.3788606524467468
29360,1103812,5388889,0.3787597417831421
29361,1103812,7802860,0.3787200152873993
29362,1103812,2388420,0.3786868453025818
29363,1103812,7329630,0.3786592483520508
29364,1103812,4344676,0.37861204147338867
29365,1103812,2534548,0.37840399146080017
29366,1103812,2750961,0.3782997727394104
29367,1103812,5372066,0.3782578706741333
29368,1103812,6563551,0.3782423734664917
29369,1103812,4824833,0.37824100255966187
29370,1103812,6068972,0.37823450565338135
29371,1103812,4603518,0.37820589542388916
29372,1103812,135976,0.3781893253326416
29373,1103812,4044289,0.3781602680683136
29374,1103812,3186415,0.37803757190704346
29375,1103812,3431710,0.37802839279174805
29376,1103812,5652784,0.37797224521636963
29377,1103812,6251555,0.37794291973114014
29378,1103812,4549588,0.3779173195362091
29379,1103812,4455713,0.3778391480445862
29380,1103812,2801233,0.3776260316371918
29381,1103812,4124202,0.37747758626937866
29382,1103812,2967949,0.377354234457016
29383,1103812,1904428,0.3773202896118164
29384,1103812,4009580,0.3773154020309448
29385,1103812,8085775,0.377280056476593
29386,1103812,6649752,0.3772382438182831
29387,1103812,4747391,0.3770231306552887
29388,1103812,4566578,0.37696966528892517
29389,1103812,5204863,0.3769327402114868
29390,1103812,4541937,0.376928448677063
29391,1103812,4145652,0.37687259912490845
29392,1103812,3946013,0.37687063217163086
29393,1103812,8402960,0.37684911489486694
29394,1103812,3969680,0.3767956793308258
29395,1103812,3302748,0.3766479194164276
29396,1103812,5064960,0.37663692235946655
29397,1103812,4934497,0.37659621238708496
29398,1103812,2914708,0.37658214569091797
29399,1103812,6426266,0.376525342464447
29400,1103812,4168351,0.37644869089126587
29401,1103812,1294091,0.3764247000217438
29402,1103812,6994600,0.37636470794677734
29403,1103812,3585105,0.37635141611099243
29404,1103812,4168355,0.37620171904563904
29405,1103812,6697245,0.3761618137359619
29406,1103812,3264422,0.3761560916900635
29407,1103812,3467206,0.3760216236114502
29408,1103812,3523267,0.37592965364456177
29409,1103812,3028582,0.37589406967163086
29410,1103812,5107468,0.37586748600006104
29411,1103812,3672744,0.3758535385131836
29412,1103812,4834965,0.37574607133865356
29413,1103812,6931846,0.37555021047592163
29414,1103812,7728262,0.3754809498786926
29415,1103812,4726838,0.37542617321014404
29416,1103812,3964717,0.37534552812576294
29417,1103812,5666424,0.3753325939178467
29418,1103812,4514621,0.3752124309539795
29419,1103812,5758652,0.37507086992263794
29420,1103812,4690068,0.37507057189941406
29421,1103812,2973201,0.3750571310520172
29422,1103812,4084625,0.37478768825531006
29423,1103812,4259385,0.37473148107528687
29424,1103812,6837236,0.37464243173599243
29425,1103812,6315096,0.37444019317626953
29426,1103812,3186416,0.3742867708206177
29427,1103812,4179171,0.3742349147796631
29428,1103812,6831434,0.37413647770881653
29429,1103812,7037491,0.37412333488464355
29430,1103812,2828683,0.3739752173423767
29431,1103812,2867461,0.37389156222343445
29432,1103812,4630343,0.3738674521446228
29433,1103812,8599607,0.37385714054107666
29434,1103812,4724583,0.37384167313575745
29435,1103812,3377646,0.37379276752471924
29436,1103812,7292185,0.37364402413368225
29437,1103812,3912903,0.373625785112381
29438,1103812,8511916,0.3735848069190979
29439,1103812,4087883,0.3735596537590027
29440,1103812,4213802,0.37353989481925964
29441,1103812,1387110,0.37352466583251953
29442,1103812,3248098,0.3734302222728729
29443,1103812,961775,0.3734245300292969
29444,1103812,7836509,0.3733852505683899
29445,1103812,556212,0.3733633756637573
29446,1103812,2744625,0.37319135665893555
29447,1103812,4369686,0.37316226959228516
29448,1103812,1556034,0.3731435537338257
29449,1103812,1062415,0.37313830852508545
29450,1103812,7753287,0.37304219603538513
29451,1103812,7055393,0.37303364276885986
29452,1103812,4268169,0.3729172348976135
29453,1103812,2250947,0.3729051947593689
29454,1103812,8175,0.37287241220474243
29455,1103812,7837913,0.372855007648468
29456,1103812,2250580,0.3727160096168518
29457,1103812,8789067,0.37268102169036865
29458,1103812,779117,0.3725622892379761
29459,1103812,8775476,0.3724808096885681
29460,1103812,848359,0.37242141366004944
29461,1103812,2619813,0.3723295032978058
29462,1103812,7280666,0.372295081615448
29463,1103812,4149360,0.37219640612602234
29464,1103812,2273475,0.3721840977668762
29465,1103812,1980766,0.3721403479576111
29466,1103812,4867322,0.372099369764328
29467,1103812,4591733,0.3720936179161072
29468,1103812,7598590,0.3720395863056183
29469,1103812,6569466,0.3720359206199646
29470,1103812,4815639,0.3720201849937439
29471,1103812,3301841,0.3720097243785858
29472,1103812,564753,0.3719126582145691
29473,1103812,1996540,0.3717935085296631
29474,1103812,2490622,0.3717593550682068
29475,1103812,7666568,0.37155526876449585
29476,1103812,1584320,0.3715270161628723
29477,1103812,3385570,0.371512770652771
29478,1103812,3119755,0.37139782309532166
29479,1103812,2963911,0.37129709124565125
29480,1103812,2920657,0.37122881412506104
29481,1103812,5691451,0.3711903989315033
29482,1103812,2114279,0.3711903691291809
29483,1103812,3469098,0.37113773822784424
29484,1103812,883235,0.37104785442352295
29485,1103812,4415404,0.37096163630485535
29486,1103812,7959871,0.3708946406841278
29487,1103812,3001288,0.3707280457019806
29488,1103812,3565701,0.37070173025131226
29489,1103812,7533647,0.3706854581832886
29490,1103812,3134835,0.3706761598587036
29491,1103812,3703369,0.3705645799636841
29492,1103812,7967911,0.37044811248779297
29493,1103812,4087889,0.370399534702301
29494,1103812,7861212,0.3703426718711853
29495,1103812,8672965,0.37033191323280334
29496,1103812,7551184,0.37032032012939453
29497,1103812,1164817,0.37028050422668457
29498,1103812,3843262,0.37020039558410645
29499,1103812,7860447,0.3701024055480957
29500,1103812,6127926,0.3699455261230469
29501,1103812,5393809,0.3698922395706177
29502,1103812,4622905,0.3697297275066376
29503,1103812,7779985,0.3696988821029663
29504,1103812,7280415,0.3695998191833496
29505,1103812,1070309,0.36946016550064087
29506,1103812,3653801,0.3693927824497223
29507,1103812,32904,0.36932796239852905
29508,1103812,2226743,0.3692423701286316
29509,1103812,4591737,0.3691796362400055
29510,1103812,8827260,0.369129478931427
29511,1103812,3726205,0.36903733015060425
29512,1103812,2801231,0.36894237995147705
29513,1103812,7115131,0.3688991069793701
29514,1103812,6086658,0.3688715696334839
29515,1103812,5372068,0.3687571883201599
29516,1103812,4703958,0.36870115995407104
29517,1103812,2380067,0.3686603307723999
29518,1103812,6102084,0.36854851245880127
29519,1103812,1602352,0.3684857487678528
29520,1103812,4443707,0.3684662878513336
29521,1103812,231647,0.36842647194862366
29522,1103812,8049013,0.3683933615684509
29523,1103812,3591092,0.36839133501052856
29524,1103812,7491610,0.36836710572242737
29525,1103812,1717202,0.3683507442474365
29526,1103812,7567264,0.3682984709739685
29527,1103812,2673328,0.3682827651500702
29528,1103812,549415,0.3682370185852051
29529,1103812,741817,0.36817610263824463
29530,1103812,3416288,0.36808645725250244
29531,1103812,5201199,0.3680137097835541
29532,1103812,3170904,0.3680036664009094
29533,1103812,3314661,0.3679683208465576
29534,1103812,5946686,0.3679041266441345
29535,1103812,7970401,0.3678942918777466
29536,1103812,2922102,0.3678909242153168
29537,1103812,56316,0.3678627610206604
29538,1103812,1345762,0.3678291440010071
29539,1103812,5325052,0.3676958680152893
29540,1103812,8677008,0.36765962839126587
29541,1103812,5757954,0.36765435338020325
29542,1103812,4322061,0.36742907762527466
29543,1103812,4529104,0.3673561215400696
29544,1103812,6767825,0.3673325777053833
29545,1103812,5267199,0.36728787422180176
29546,1103812,3186414,0.36726343631744385
29547,1103812,8090703,0.3671688437461853
29548,1103812,7828145,0.3671291768550873
29549,1103812,1229586,0.3670978546142578
29550,1103812,5343347,0.3670412302017212
29551,1103812,7200735,0.36692678928375244
29552,1103812,5419455,0.366904616355896
29553,1103812,5806502,0.366767555475235
29554,1103812,2825701,0.36673468351364136
29555,1103812,3964595,0.366693377494812
29556,1103812,8759457,0.3666265606880188
29557,1103812,5770366,0.3666072487831116
29558,1103812,1175825,0.36656227707862854
29559,1103812,4628959,0.3665153682231903
29560,1103812,8775472,0.3664679527282715
29561,1103812,6977565,0.3663428723812103
29562,1103812,2562508,0.3663428723812103
29563,1103812,4549589,0.3663269281387329
29564,1103812,5279874,0.36630406975746155
29565,1103812,1557084,0.3662806749343872
29566,1103812,4625497,0.36627352237701416
29567,1103812,2520236,0.3661516606807709
29568,1103812,3978768,0.36611613631248474
29569,1103812,3431717,0.36611124873161316
29570,1103812,4520655,0.36607033014297485
29571,1103812,6867600,0.3660210967063904
29572,1103812,7416807,0.36600029468536377
29573,1103812,5208694,0.3659622073173523
29574,1103812,2158708,0.3659295439720154
29575,1103812,2093195,0.3659219741821289
29576,1103812,5252301,0.36580386757850647
29577,1103812,2079302,0.3657810688018799
29578,1103812,2945095,0.3656977713108063
29579,1103812,2977754,0.3655897378921509
29580,1103812,2394563,0.3654957413673401
29581,1103812,6337609,0.36548224091529846
29582,1103812,5320528,0.3654184341430664
29583,1103812,8634181,0.3653596043586731
29584,1103812,556213,0.3653593063354492
29585,1103812,5201200,0.3653517961502075
29586,1103812,7037490,0.36530375480651855
29587,1103812,2703111,0.365198016166687
29588,1103812,3431716,0.3651736378669739
29589,1103812,6042787,0.3651494085788727
29590,1103812,1614305,0.36504605412483215
29591,1103812,5974369,0.36503005027770996
29592,1103812,2730105,0.36488017439842224
29593,1103812,1052202,0.3647126257419586
29594,1103812,8468759,0.3646947145462036
29595,1103812,1848922,0.3645918667316437
29596,1103812,4549590,0.3644056022167206
29597,1103812,3888679,0.3642868995666504
29598,1103812,4029128,0.36427751183509827
29599,1103812,3536664,0.36425113677978516
29600,1103812,4889973,0.3642289638519287
29601,1103812,6542150,0.3641541302204132
29602,1103812,1631017,0.3640604615211487
29603,1103812,1145085,0.36405178904533386
29604,1103812,4934491,0.3640430271625519
29605,1103812,2197527,0.36403051018714905
29606,1103812,6720293,0.3640245795249939
29607,1103812,5176906,0.3639969527721405
29608,1103812,8775475,0.363985538482666
29609,1103812,799651,0.36376136541366577
29610,1103812,7779982,0.36375489830970764
29611,1103812,5398365,0.3635747730731964
29612,1103812,4188212,0.3635275065898895
29613,1103812,3591093,0.3635241985321045
29614,1103812,2100334,0.3635021448135376
29615,1103812,1631019,0.3634779155254364
29616,1103812,2593631,0.36345410346984863
29617,1103812,5973847,0.3633412718772888
29618,1103812,8122219,0.36328738927841187
29619,1103812,2920658,0.36318960785865784
29620,1103812,7756215,0.3631155490875244
29621,1103812,2936250,0.3630429208278656
29622,1103812,3816610,0.36294472217559814
29623,1103812,5316323,0.36283227801322937
29624,1103812,524145,0.36278587579727173
29625,1103812,3612325,0.3627742528915405
29626,1103812,2147638,0.362642377614975
29627,1103812,2602243,0.3626083731651306
29628,1103812,3021364,0.36249786615371704
29629,1103812,7293191,0.36247602105140686
29630,1103812,4053106,0.36240875720977783
29631,1103812,6790264,0.36238598823547363
29632,1103812,4810794,0.36238032579421997
29633,1103812,176425,0.36236125230789185
29634,1103812,4859720,0.36233073472976685
29635,1103812,7802867,0.36225593090057373
29636,1103812,6404778,0.36215174198150635
29637,1103812,2492675,0.3619921803474426
29638,1103812,1545925,0.361983060836792
29639,1103812,5356887,0.3619500398635864
29640,1103812,7274756,0.3619113862514496
29641,1103812,6141953,0.3619039058685303
29642,1103812,6127922,0.36190181970596313
29643,1103812,4565076,0.36181288957595825
29644,1103812,845030,0.3616679906845093
29645,1103812,75014,0.361661434173584
29646,1103812,3195606,0.3616065979003906
29647,1103812,2914706,0.36153003573417664
29648,1103812,1631018,0.36144840717315674
29649,1103812,3781404,0.36142972111701965
29650,1103812,3739246,0.36138731241226196
29651,1103812,6132005,0.36131352186203003
29652,1103812,5261331,0.36125969886779785
29653,1103812,3223964,0.36124908924102783
29654,1103812,1136717,0.361217200756073
29655,1103812,7742951,0.36092573404312134
29656,1103812,7938556,0.36092090606689453
29657,1103812,2740171,0.3608573079109192
29658,1103812,2003009,0.36083105206489563
29659,1103812,3248105,0.3608236610889435
29660,1103812,6137837,0.3607906699180603
29661,1103812,8664444,0.36061805486679077
29662,1103812,4044294,0.36061185598373413
29663,1103812,4536459,0.3604179322719574
29664,1103812,6317132,0.36031442880630493
29665,1103812,4967770,0.36029794812202454
29666,1103812,4671462,0.3602326512336731
29667,1103812,4572727,0.36022162437438965
29668,1103812,7750312,0.36014866828918457
29669,1103812,4704385,0.3600092828273773
29670,1103812,1467087,0.35987746715545654
29671,1103812,2197520,0.3598587214946747
29672,1103812,879058,0.35984212160110474
29673,1103812,6569470,0.35982686281204224
29674,1103812,2354424,0.35971981287002563
29675,1103812,3168111,0.3596307337284088
29676,1103812,3964594,0.3596211373806
29677,1103812,7766791,0.3596048355102539
29678,1103812,2972402,0.35957249999046326
29679,1103812,5425700,0.3595711588859558
29680,1103812,5197916,0.35956278443336487
29681,1103812,6962475,0.35955381393432617
29682,1103812,8211836,0.3594318628311157
29683,1103812,292720,0.3594205379486084
29684,1103812,7243542,0.35939040780067444
29685,1103812,495168,0.35937196016311646
29686,1103812,7243534,0.3592695891857147
29687,1103812,7751872,0.3592432141304016
29688,1103812,2866677,0.35921457409858704
29689,1103812,6220885,0.3591843247413635
29690,1103812,4262148,0.35909873247146606
29691,1103812,7280223,0.3590412735939026
29692,1103812,2641420,0.3590157628059387
29693,1103812,6079782,0.35893088579177856
29694,1103812,8362328,0.35892218351364136
29695,1103812,7175,0.3589062988758087
29696,1103812,1525414,0.3588740825653076
29697,1103812,4635458,0.35885369777679443
29698,1103812,720114,0.3588339686393738
29699,1103812,4584682,0.35874366760253906
29700,1103812,1992046,0.358594685792923
29701,1103812,7234273,0.3585570454597473
29702,1103812,3112940,0.35843950510025024
29703,1103812,8657019,0.35841384530067444
29704,1103812,880814,0.3583570122718811
29705,1103812,7116137,0.3583253026008606
29706,1103812,4695525,0.3580976724624634
29707,1103812,8664445,0.3580506443977356
29708,1103812,4819894,0.3580362796783447
29709,1103812,6768420,0.3580240309238434
29710,1103812,6139153,0.3579728603363037
29711,1103812,7837914,0.3577035367488861
29712,1103812,4053102,0.35770320892333984
29713,1103812,4648717,0.35766541957855225
29714,1103812,7430765,0.35757768154144287
29715,1103812,621213,0.35736289620399475
29716,1103812,2562511,0.35731041431427
29717,1103812,3850089,0.35719728469848633
29718,1103812,7242601,0.3571796715259552
29719,1103812,8404263,0.35713741183280945
29720,1103812,4996939,0.35706114768981934
29721,1103812,2785872,0.3570571541786194
29722,1103812,4549585,0.35692858695983887
29723,1103812,4102779,0.3568921685218811
29724,1103812,2582741,0.356889009475708
29725,1103812,3328551,0.35679227113723755
29726,1103812,475286,0.35671138763427734
29727,1103812,1181431,0.3566478192806244
29728,1103812,5598170,0.35663360357284546
29729,1103812,2959858,0.35663118958473206
29730,1103812,8054156,0.35648614168167114
29731,1103812,3055154,0.35645177960395813
29732,1103812,5983067,0.35644206404685974
29733,1103812,2920654,0.3564152121543884
29734,1103812,5190505,0.35635530948638916
29735,1103812,3905461,0.35623228549957275
29736,1103812,7341153,0.3561818599700928
29737,1103812,6429617,0.356080025434494
29738,1103812,4549587,0.35590630769729614
29739,1103812,883200,0.35588547587394714
29740,1103812,7548099,0.3557530641555786
29741,1103812,4584679,0.3556426167488098
29742,1103812,5089279,0.35554879903793335
29743,1103812,4124201,0.35553157329559326
29744,1103812,8145743,0.3553836941719055
29745,1103812,3570566,0.35519149899482727
29746,1103812,1911896,0.3551904559135437
29747,1103812,322886,0.35506245493888855
29748,1103812,3964715,0.3550434708595276
29749,1103812,2075464,0.35503044724464417
29750,1103812,190066,0.35500314831733704
29751,1103812,3964596,0.3549737334251404
29752,1103812,5044109,0.354947030544281
29753,1103812,1620167,0.3549250662326813
29754,1103812,1071015,0.3549102544784546
29755,1103812,5691449,0.3548925518989563
29756,1103812,2150152,0.35485199093818665
29757,1103812,7021999,0.35472527146339417
29758,1103812,1955555,0.3546924293041229
29759,1103812,4249802,0.3546825051307678
29760,1103812,5343345,0.35462838411331177
29761,1103812,2400796,0.35460779070854187
29762,1103812,2357713,0.3545570373535156
29763,1103812,4990573,0.3545268774032593
29764,1103812,8775474,0.35450923442840576
29765,1103812,4118689,0.3544929027557373
29766,1103812,4118506,0.35446739196777344
29767,1103812,2671722,0.35446712374687195
29768,1103812,8811833,0.3542131781578064
29769,1103812,562263,0.35421061515808105
29770,1103812,5172172,0.3542054295539856
29771,1103812,2880119,0.3541342616081238
29772,1103812,1525410,0.3540800213813782
29773,1103812,3416373,0.35401466488838196
29774,1103812,3771796,0.3539699912071228
29775,1103812,4667350,0.35396426916122437
29776,1103812,2871417,0.35389217734336853
29777,1103812,416250,0.3538832366466522
29778,1103812,5791795,0.35387563705444336
29779,1103812,5907209,0.35385948419570923
29780,1103812,1931619,0.3538585603237152
29781,1103812,8711217,0.3537982106208801
29782,1103812,8145742,0.3537653088569641
29783,1103812,4584676,0.35369813442230225
29784,1103812,6808856,0.35361772775650024
29785,1103812,5397907,0.35358625650405884
29786,1103812,8534643,0.35347259044647217
29787,1103812,7288723,0.35345739126205444
29788,1103812,3270791,0.35343122482299805
29789,1103812,4107608,0.3534286916255951
29790,1103812,1785498,0.35342487692832947
29791,1103812,1061393,0.35330939292907715
29792,1103812,2158711,0.3532733917236328
29793,1103812,6267040,0.35326051712036133
29794,1103812,6519724,0.35325920581817627
29795,1103812,3251874,0.3532419204711914
29796,1103812,8183746,0.3532378077507019
29797,1103812,7773283,0.3532036542892456
29798,1103812,2722992,0.35311159491539
29799,1103812,4259386,0.3530968427658081
29800,1103812,1362055,0.3530648946762085
29801,1103812,2347286,0.35303741693496704
29802,1103812,8211838,0.35303255915641785
29803,1103812,7439046,0.35303059220314026
29804,1103812,4549591,0.35292914509773254
29805,1103812,3055155,0.35277119278907776
29806,1103812,5191745,0.35277003049850464
29807,1103812,8687550,0.352766215801239
29808,1103812,7967544,0.3527401089668274
29809,1103812,3633932,0.35263490676879883
29810,1103812,221382,0.3526310920715332
29811,1103812,2920653,0.35262569785118103
29812,1103812,751673,0.3526156544685364
29813,1103812,3116195,0.3525833785533905
29814,1103812,7235951,0.35254907608032227
29815,1103812,8288840,0.3525223135948181
29816,1103812,3813989,0.3525118827819824
29817,1103812,57558,0.35249292850494385
29818,1103812,7726491,0.3524566888809204
29819,1103812,2637975,0.3524375855922699
29820,1103812,3349026,0.35242682695388794
29821,1103812,7860449,0.3524192273616791
29822,1103812,4895221,0.35239604115486145
29823,1103812,2828689,0.3523537516593933
29824,1103812,5183124,0.3523451089859009
29825,1103812,4182740,0.35225701332092285
29826,1103812,4099564,0.35219693183898926
29827,1103812,4572729,0.3521781265735626
29828,1103812,7879683,0.35215991735458374
29829,1103812,4883690,0.35207486152648926
29830,1103812,7779984,0.35190439224243164
29831,1103812,3225583,0.3518185615539551
29832,1103812,6214232,0.3518069088459015
29833,1103812,6657553,0.3517588973045349
29834,1103812,4353742,0.3517204821109772
29835,1103812,2747365,0.35171765089035034
29836,1103812,2188109,0.35169893503189087
29837,1103812,7667842,0.35169732570648193
29838,1103812,2212017,0.3516690135002136
29839,1103812,3844318,0.3516615629196167
29840,1103812,5209256,0.3515746593475342
29841,1103812,5758183,0.3515259623527527
29842,1103812,8634182,0.3514285385608673
29843,1103812,2662746,0.3513934314250946
29844,1103812,7720187,0.3513670563697815
29845,1103812,4226921,0.35130006074905396
29846,1103812,3353440,0.351225882768631
29847,1103812,2618303,0.35118234157562256
29848,1103812,2666747,0.35108476877212524
29849,1103812,4029124,0.35107913613319397
29850,1103812,5180530,0.3510569632053375
29851,1103812,324797,0.35101982951164246
29852,1103812,1614303,0.35098007321357727
29853,1103812,6853555,0.35089367628097534
29854,1103812,6448776,0.35085365176200867
29855,1103812,6563116,0.3508515954017639
29856,1103812,8351879,0.35082489252090454
29857,1103812,1274921,0.3508235514163971
29858,1103812,3029155,0.3507699966430664
29859,1103812,5150204,0.35072416067123413
29860,1103812,960929,0.35069915652275085
29861,1103812,3445473,0.3506416082382202
29862,1103812,7533695,0.35063236951828003
29863,1103812,5929994,0.3505995571613312
29864,1103812,3843264,0.3505961000919342
29865,1103812,3697003,0.3505890965461731
29866,1103812,5183120,0.3505883812904358
29867,1103812,8811832,0.350538432598114
29868,1103812,1632398,0.3505345284938812
29869,1103812,7407193,0.35051584243774414
29870,1103812,6477642,0.35048019886016846
29871,1103812,4565082,0.3503512144088745
29872,1103812,7294330,0.3503301739692688
29873,1103812,5036300,0.35022783279418945
29874,1103812,5392917,0.3502088487148285
29875,1103812,2606864,0.3501811623573303
29876,1103812,948161,0.3501342236995697
29877,1103812,2539980,0.35010385513305664
29878,1103812,3592991,0.350085973739624
29879,1103812,32910,0.34988167881965637
29880,1103812,4909143,0.3498551845550537
29881,1103812,4213803,0.34977829456329346
29882,1103812,3425644,0.3497764468193054
29883,1103812,788105,0.3494899272918701
29884,1103812,6073125,0.3494482934474945
29885,1103812,5106506,0.34941333532333374
29886,1103812,6141233,0.3493572771549225
29887,1103812,3796827,0.3493466377258301
29888,1103812,5941858,0.34931445121765137
29889,1103812,3626875,0.349296897649765
29890,1103812,4666998,0.34920984506607056
29891,1103812,2314194,0.34918129444122314
29892,1103812,1550205,0.3490568995475769
29893,1103812,3780864,0.3490484952926636
29894,1103812,1039006,0.3490101099014282
29895,1103812,5159593,0.3489733338356018
29896,1103812,7880981,0.34896886348724365
29897,1103812,4148174,0.3489362597465515
29898,1103812,5400890,0.34880906343460083
29899,1103812,5719830,0.3487873077392578
29900,1103812,438918,0.3487730026245117
29901,1103812,1917569,0.3487711548805237
29902,1103812,7779990,0.34867241978645325
29903,1103812,137246,0.3485915958881378
29904,1103812,2509999,0.34857261180877686
29905,1103812,3862339,0.34856265783309937
29906,1103812,556216,0.34855344891548157
29907,1103812,2567807,0.34854716062545776
29908,1103812,4637315,0.3485419452190399
29909,1103812,1195607,0.3485371470451355
29910,1103812,3014674,0.3485238552093506
29911,1103812,7254280,0.34847506880760193
29912,1103812,1510369,0.3484329581260681
29913,1103812,5239451,0.3484267592430115
29914,1103812,5355400,0.34841305017471313
29915,1103812,4795938,0.34838002920150757
29916,1103812,2243754,0.3483731746673584
29917,1103812,5598286,0.3483283519744873
29918,1103812,6573529,0.34831854701042175
29919,1103812,5316319,0.34823697805404663
29920,1103812,5316268,0.3482278287410736
29921,1103812,7612805,0.34820711612701416
29922,1103812,5011739,0.3481467366218567
29923,1103812,7243743,0.3481062948703766
29924,1103812,5429893,0.34807220101356506
29925,1103812,4459681,0.34803009033203125
29926,1103812,2751761,0.3480044901371002
29927,1103812,8402964,0.3479834198951721
29928,1103812,2617939,0.3479732871055603
29929,1103812,4905642,0.34790727496147156
29930,1103812,2527500,0.3478817939758301
29931,1103812,5950167,0.347881555557251
29932,1103812,6757570,0.34785449504852295
29933,1103812,6768387,0.347784161567688
29934,1103812,7541775,0.3477644920349121
29935,1103812,1039004,0.3477478623390198
29936,1103812,82562,0.3476678431034088
29937,1103812,5636261,0.3476291000843048
29938,1103812,1877044,0.3475733995437622
29939,1103812,3330990,0.3475628197193146
29940,1103812,6321433,0.3475271463394165
29941,1103812,4253032,0.34750646352767944
29942,1103812,6994607,0.3474760353565216
29943,1103812,5934506,0.34746217727661133
29944,1103812,2311912,0.34743285179138184
29945,1103812,7246795,0.34738689661026
29946,1103812,6088140,0.3473565876483917
29947,1103812,7218208,0.3473201394081116
29948,1103812,3307849,0.3473082184791565
29949,1103812,5940124,0.34727686643600464
29950,1103812,4160922,0.3472411036491394
29951,1103812,4156581,0.347226619720459
29952,1103812,7805203,0.34722477197647095
29953,1103812,8713369,0.34716343879699707
29954,1103812,4029123,0.34715384244918823
29955,1103812,4942782,0.34704339504241943
29956,1103812,720110,0.3470379710197449
29957,1103812,5960005,0.3469616770744324
29958,1103812,4038893,0.34695911407470703
29959,1103812,5817864,0.34689682722091675
29960,1103812,168822,0.3468947112560272
29961,1103812,4401695,0.34688615798950195
29962,1103812,5425703,0.34684985876083374
29963,1103812,8157968,0.3468177914619446
29964,1103812,3587210,0.346779465675354
29965,1103812,5183116,0.3467548191547394
29966,1103812,5341784,0.34674203395843506
29967,1103812,8439791,0.34673142433166504
29968,1103812,4415405,0.3467300236225128
29969,1103812,3843723,0.3467089533805847
29970,1103812,2691633,0.34668445587158203
29971,1103812,2670368,0.3466792106628418
29972,1103812,6088218,0.3466542065143585
29973,1103812,5966206,0.34652179479599
29974,1103812,5066482,0.3465051054954529
29975,1103812,8525187,0.3464204668998718
29976,1103812,5100510,0.3463920056819916
29977,1103812,1446154,0.346376895904541
29978,1103812,3225581,0.3463633358478546
29979,1103812,6159480,0.34635043144226074
29980,1103812,1035581,0.3463316857814789
29981,1103812,1678754,0.34630298614501953
29982,1103812,4178517,0.34629759192466736
29983,1103812,8215006,0.3462930917739868
29984,1103812,3505158,0.34627777338027954
29985,1103812,2408344,0.3462507724761963
29986,1103812,7097264,0.34624841809272766
29987,1103812,2003537,0.3462017774581909
29988,1103812,6578810,0.34617918729782104
29989,1103812,5343343,0.3461417555809021
29990,1103812,3348707,0.3460351824760437
29991,1103812,7280671,0.3459729552268982
29992,1103812,8178,0.34593313932418823
29993,1103812,8224178,0.345905601978302
29994,1103812,6916163,0.34587541222572327
29995,1103812,2887465,0.34586474299430847
29996,1103812,2446726,0.3458647131919861
29997,1103812,2964678,0.3457479178905487
29998,1103812,3225587,0.34573185443878174
29999,1103812,7939808,0.3457304537296295
30000,1106007,1334336,0.857620358467102
30001,1106007,4173709,0.8575454950332642
30002,1106007,1334328,0.8562049865722656
30003,1106007,7685385,0.830938458442688
30004,1106007,1334330,0.8275063037872314
30005,1106007,1334335,0.8198249340057373
30006,1106007,2960563,0.8085490465164185
30007,1106007,7685383,0.8054304122924805
30008,1106007,2960558,0.7963466644287109
30009,1106007,4173712,0.7857183218002319
30010,1106007,8204457,0.7803041934967041
30011,1106007,7685388,0.7784960865974426
30012,1106007,7685380,0.7727149724960327
30013,1106007,8521673,0.7381597757339478
30014,1106007,4004173,0.7200809717178345
30015,1106007,5279699,0.7182364463806152
30016,1106007,2464373,0.7111108303070068
30017,1106007,2464375,0.6997932195663452
30018,1106007,6282110,0.698113203048706
30019,1106007,5279704,0.6974103450775146
30020,1106007,2513606,0.6881908178329468
30021,1106007,8199521,0.6793904304504395
30022,1106007,5204544,0.6711978912353516
30023,1106007,2513609,0.6686476469039917
30024,1106007,2798876,0.6674447059631348
30025,1106007,5279702,0.6668472290039062
30026,1106007,5780388,0.6617764234542847
30027,1106007,899467,0.6615868806838989
30028,1106007,7685382,0.6541638970375061
30029,1106007,4004169,0.6521908044815063
30030,1106007,2464382,0.645805835723877
30031,1106007,8199519,0.644889771938324
30032,1106007,2672601,0.6429413557052612
30033,1106007,899465,0.6427306532859802
30034,1106007,5204539,0.6423141956329346
30035,1106007,2464378,0.6371808648109436
30036,1106007,1334334,0.6233823895454407
30037,1106007,2464379,0.612128734588623
30038,1106007,4781867,0.6078587174415588
30039,1106007,5204538,0.6004519462585449
30040,1106007,6182968,0.5983715057373047
30041,1106007,899468,0.5965714454650879
30042,1106007,6282108,0.5923901200294495
30043,1106007,2960564,0.5897400379180908
30044,1106007,5204537,0.5875777006149292
30045,1106007,4089153,0.5872470736503601
30046,1106007,2621976,0.5868582725524902
30047,1106007,420111,0.5844908952713013
30048,1106007,4004170,0.5837053060531616
30049,1106007,2960566,0.5830152630805969
30050,1106007,2384067,0.5800918936729431
30051,1106007,746358,0.5789852142333984
30052,1106007,4102293,0.5751006007194519
30053,1106007,4781863,0.5736029744148254
30054,1106007,8398353,0.5734385251998901
30055,1106007,5204536,0.5707699060440063
30056,1106007,3390428,0.5698264241218567
30057,1106007,7726655,0.5684476494789124
30058,1106007,2866630,0.5665001273155212
30059,1106007,1918089,0.5659409165382385
30060,1106007,8141089,0.5656036734580994
30061,1106007,5571606,0.5618605613708496
30062,1106007,2866633,0.559411346912384
30063,1106007,701605,0.5556322336196899
30064,1106007,600704,0.5553333759307861
30065,1106007,5780389,0.554273247718811
30066,1106007,5571602,0.5537630319595337
30067,1106007,1700769,0.5503884553909302
30068,1106007,3168544,0.5497868061065674
30069,1106007,7685386,0.548757016658783
30070,1106007,6963994,0.5475450754165649
30071,1106007,5774817,0.5465921759605408
30072,1106007,1628791,0.5464109778404236
30073,1106007,5993698,0.5448668003082275
30074,1106007,1892454,0.5445826053619385
30075,1106007,2186171,0.5425863265991211
30076,1106007,487804,0.5417965650558472
30077,1106007,4058175,0.5413766503334045
30078,1106007,2777111,0.5407813787460327
30079,1106007,3579849,0.5405470728874207
30080,1106007,294053,0.5400745272636414
30081,1106007,8348781,0.5387486219406128
30082,1106007,5780391,0.5374231934547424
30083,1106007,899461,0.5367488861083984
30084,1106007,5064540,0.5357818603515625
30085,1106007,2798883,0.5324159860610962
30086,1106007,2513608,0.5319777727127075
30087,1106007,3542931,0.5319679975509644
30088,1106007,2384068,0.5310952067375183
30089,1106007,4173707,0.5309489369392395
30090,1106007,4173704,0.5305421352386475
30091,1106007,2603424,0.5305140018463135
30092,1106007,2960561,0.5301800966262817
30093,1106007,4382102,0.530131995677948
30094,1106007,2804955,0.5282039642333984
30095,1106007,8141088,0.5277190208435059
30096,1106007,5087235,0.5277173519134521
30097,1106007,2513607,0.526803731918335
30098,1106007,243660,0.5248808264732361
30099,1106007,4120342,0.5233597755432129
30100,1106007,2866627,0.5232337713241577
30101,1106007,5204540,0.5222024917602539
30102,1106007,6282114,0.5221073031425476
30103,1106007,551007,0.5220291614532471
30104,1106007,6492973,0.5179489850997925
30105,1106007,4173705,0.5166114568710327
30106,1106007,6811244,0.5150845050811768
30107,1106007,2866634,0.5148748159408569
30108,1106007,8141086,0.5137715935707092
30109,1106007,8521668,0.512754499912262
30110,1106007,7500587,0.5123003721237183
30111,1106007,1344750,0.5122180581092834
30112,1106007,8521674,0.5114129185676575
30113,1106007,2513610,0.510230541229248
30114,1106007,7456196,0.5085086226463318
30115,1106007,2775320,0.5075609087944031
30116,1106007,1334331,0.5072040557861328
30117,1106007,904496,0.5064263343811035
30118,1106007,7685384,0.5053125619888306
30119,1106007,4074662,0.5033081769943237
30120,1106007,3058529,0.5013852119445801
30121,1106007,6297179,0.5013610124588013
30122,1106007,2788026,0.5011200308799744
30123,1106007,461241,0.4983007311820984
30124,1106007,2148473,0.49778759479522705
30125,1106007,1771176,0.49742117524147034
30126,1106007,1334337,0.49738845229148865
30127,1106007,6670893,0.4970705509185791
30128,1106007,8199523,0.49634814262390137
30129,1106007,4004167,0.4957009255886078
30130,1106007,3859263,0.49404725432395935
30131,1106007,1614624,0.4939805865287781
30132,1106007,2672608,0.49355196952819824
30133,1106007,8141084,0.4934573769569397
30134,1106007,4120339,0.49165061116218567
30135,1106007,7211746,0.49042218923568726
30136,1106007,2384065,0.4899059236049652
30137,1106007,7685387,0.4890894889831543
30138,1106007,1614620,0.4881559908390045
30139,1106007,3261871,0.4877612888813019
30140,1106007,5204543,0.48673081398010254
30141,1106007,3058966,0.4856945872306824
30142,1106007,548437,0.4856353998184204
30143,1106007,3537611,0.4852753281593323
30144,1106007,4382105,0.48452603816986084
30145,1106007,8214505,0.4844823181629181
30146,1106007,5279697,0.48431912064552307
30147,1106007,6126193,0.48416608572006226
30148,1106007,35863,0.48393514752388
30149,1106007,2451757,0.4828658699989319
30150,1106007,2464374,0.4823879897594452
30151,1106007,3759894,0.48188579082489014
30152,1106007,2464376,0.4816855192184448
30153,1106007,2317280,0.48069486021995544
30154,1106007,904504,0.48038721084594727
30155,1106007,3058967,0.48038721084594727
30156,1106007,2910887,0.48005664348602295
30157,1106007,6523356,0.47996634244918823
30158,1106007,7613829,0.4784368872642517
30159,1106007,3623665,0.478208065032959
30160,1106007,1614626,0.47817373275756836
30161,1106007,5311662,0.478026419878006
30162,1106007,3530025,0.4750288426876068
30163,1106007,1266234,0.4744431972503662
30164,1106007,4912191,0.47424376010894775
30165,1106007,5774818,0.47319531440734863
30166,1106007,1334333,0.4731138050556183
30167,1106007,3184240,0.47128430008888245
30168,1106007,2890658,0.47080135345458984
30169,1106007,8528627,0.46932920813560486
30170,1106007,832999,0.46895843744277954
30171,1106007,6303268,0.4686416983604431
30172,1106007,1560243,0.46853893995285034
30173,1106007,8799163,0.46742314100265503
30174,1106007,1294320,0.46721333265304565
30175,1106007,4046033,0.46666499972343445
30176,1106007,8141091,0.4666491150856018
30177,1106007,2502152,0.46605822443962097
30178,1106007,592693,0.4659910798072815
30179,1106007,4921576,0.46574270725250244
30180,1106007,2813004,0.46569889783859253
30181,1106007,3530017,0.4643748998641968
30182,1106007,7583907,0.46410682797431946
30183,1106007,6071697,0.4640198051929474
30184,1106007,2361891,0.4638969302177429
30185,1106007,5836920,0.4636133909225464
30186,1106007,1505513,0.4634643495082855
30187,1106007,6209484,0.46265873312950134
30188,1106007,5987340,0.46214282512664795
30189,1106007,6126197,0.461437463760376
30190,1106007,4912192,0.46108412742614746
30191,1106007,5987341,0.45951905846595764
30192,1106007,7193731,0.45939165353775024
30193,1106007,1560245,0.45921722054481506
30194,1106007,4004171,0.4591291546821594
30195,1106007,899463,0.4583885669708252
30196,1106007,2704004,0.45702534914016724
30197,1106007,6826740,0.45567044615745544
30198,1106007,954039,0.45527222752571106
30199,1106007,8144637,0.45462143421173096
30200,1106007,8144639,0.45462143421173096
30201,1106007,3623669,0.453514039516449
30202,1106007,550999,0.4531337022781372
30203,1106007,48401,0.452847421169281
30204,1106007,8787870,0.4519062638282776
30205,1106007,2430722,0.4515020251274109
30206,1106007,3530021,0.45095086097717285
30207,1106007,6282113,0.4508169889450073
30208,1106007,3174638,0.4504607915878296
30209,1106007,2652568,0.4499604105949402
30210,1106007,4382104,0.4495055377483368
30211,1106007,5479544,0.4476851224899292
30212,1106007,1285289,0.4473247826099396
30213,1106007,2973369,0.4460451006889343
30214,1106007,2777108,0.4456230103969574
30215,1106007,2384070,0.4447953999042511
30216,1106007,1628793,0.44469431042671204
30217,1106007,6303272,0.44343137741088867
30218,1106007,2274642,0.4431954622268677
30219,1106007,6126194,0.441728413105011
30220,1106007,8204464,0.44100022315979004
30221,1106007,3530019,0.44084692001342773
30222,1106007,1915577,0.4405163526535034
30223,1106007,8497309,0.44000300765037537
30224,1106007,13565,0.4398428201675415
30225,1106007,4474650,0.43957623839378357
30226,1106007,3530018,0.43954724073410034
30227,1106007,6400761,0.4395222067832947
30228,1106007,148720,0.4392280578613281
30229,1106007,5811863,0.4390636384487152
30230,1106007,3350802,0.43882206082344055
30231,1106007,3908068,0.43867284059524536
30232,1106007,2464377,0.43849194049835205
30233,1106007,3427763,0.4384564757347107
30234,1106007,4224382,0.43836459517478943
30235,1106007,1560239,0.43625760078430176
30236,1106007,1269094,0.4357593357563019
30237,1106007,8520565,0.43484580516815186
30238,1106007,8199520,0.4348103404045105
30239,1106007,3623662,0.43427345156669617
30240,1106007,7685381,0.4342457056045532
30241,1106007,7621343,0.4339483380317688
30242,1106007,7726658,0.4338318109512329
30243,1106007,2777113,0.4335809350013733
30244,1106007,899460,0.4335438013076782
30245,1106007,4001949,0.43350449204444885
30246,1106007,8304077,0.43330252170562744
30247,1106007,3623666,0.4326099157333374
30248,1106007,2777116,0.43213820457458496
30249,1106007,3307286,0.43203744292259216
30250,1106007,8204463,0.43192869424819946
30251,1106007,2013693,0.43113064765930176
30252,1106007,8348780,0.4310239553451538
30253,1106007,4785715,0.4302079379558563
30254,1106007,701606,0.43000686168670654
30255,1106007,4176085,0.42977237701416016
30256,1106007,2623993,0.4297274351119995
30257,1106007,657782,0.42971551418304443
30258,1106007,8199524,0.4294283390045166
30259,1106007,7425973,0.4289534389972687
30260,1106007,7089715,0.4288601279258728
30261,1106007,5429391,0.42798149585723877
30262,1106007,1960643,0.4279645085334778
30263,1106007,7621349,0.42777419090270996
30264,1106007,1628786,0.4274898171424866
30265,1106007,6368564,0.4271298050880432
30266,1106007,4456296,0.426780641078949
30267,1106007,5061463,0.425993412733078
30268,1106007,573795,0.42597487568855286
30269,1106007,3542929,0.4259401261806488
30270,1106007,2798884,0.4251404404640198
30271,1106007,7116582,0.4251185357570648
30272,1106007,2961468,0.42439156770706177
30273,1106007,4854597,0.42386138439178467
30274,1106007,7597958,0.42381441593170166
30275,1106007,2530480,0.4235101342201233
30276,1106007,5144766,0.4228138327598572
30277,1106007,2704141,0.4214930832386017
30278,1106007,2239942,0.42122066020965576
30279,1106007,6620434,0.4212133288383484
30280,1106007,5279701,0.42085564136505127
30281,1106007,3612715,0.4207666218280792
30282,1106007,6303274,0.4205811321735382
30283,1106007,3910156,0.4202686548233032
30284,1106007,6670897,0.4199463129043579
30285,1106007,8348775,0.41964828968048096
30286,1106007,644314,0.41940975189208984
30287,1106007,4542362,0.4187273383140564
30288,1106007,7185062,0.41857242584228516
30289,1106007,2426542,0.4185580015182495
30290,1106007,4004166,0.4184703230857849
30291,1106007,3530022,0.41805630922317505
30292,1106007,4635492,0.41760826110839844
30293,1106007,7456192,0.41747230291366577
30294,1106007,7318486,0.4169575572013855
30295,1106007,162566,0.4167994260787964
30296,1106007,701609,0.4163669943809509
30297,1106007,4058173,0.41598451137542725
30298,1106007,8348777,0.41597408056259155
30299,1106007,6057831,0.415895938873291
30300,1106007,1915580,0.41583389043807983
30301,1106007,1560237,0.41550135612487793
30302,1106007,1790708,0.41548675298690796
30303,1106007,3377051,0.4152836203575134
30304,1106007,1045188,0.4151884913444519
30305,1106007,1355195,0.41512688994407654
30306,1106007,6303270,0.41507488489151
30307,1106007,5871999,0.4149180054664612
30308,1106007,7638717,0.41490814089775085
30309,1106007,1266233,0.4148741364479065
30310,1106007,1239497,0.41448256373405457
30311,1106007,1240485,0.4142409563064575
30312,1106007,4255224,0.4141344428062439
30313,1106007,2384069,0.4139053523540497
30314,1106007,6126200,0.41390085220336914
30315,1106007,5458379,0.41379737854003906
30316,1106007,701610,0.4134359359741211
30317,1106007,5271154,0.41300737857818604
30318,1106007,4120340,0.41292184591293335
30319,1106007,4120343,0.4129157066345215
30320,1106007,6422730,0.4128534197807312
30321,1106007,6582343,0.4127550721168518
30322,1106007,8768727,0.412601113319397
30323,1106007,7456198,0.4115498661994934
30324,1106007,5271149,0.4113357663154602
30325,1106007,2513604,0.4112585783004761
30326,1106007,8141087,0.4109814167022705
30327,1106007,4255226,0.41094058752059937
30328,1106007,7211749,0.41090425848960876
30329,1106007,6447095,0.4104054570198059
30330,1106007,6714225,0.40922218561172485
30331,1106007,2961471,0.4090084433555603
30332,1106007,4847029,0.40860527753829956
30333,1106007,4389522,0.40835660696029663
30334,1106007,6303269,0.4083526134490967
30335,1106007,5326570,0.40831127762794495
30336,1106007,5571603,0.4070647358894348
30337,1106007,7089722,0.40703243017196655
30338,1106007,5871995,0.40699946880340576
30339,1106007,7456194,0.4069739878177643
30340,1106007,7726656,0.4068877398967743
30341,1106007,548611,0.40687406063079834
30342,1106007,6270339,0.4066963791847229
30343,1106007,3530026,0.40662485361099243
30344,1106007,5190212,0.4065401554107666
30345,1106007,3481715,0.40631622076034546
30346,1106007,548436,0.40626275539398193
30347,1106007,1799230,0.405903160572052
30348,1106007,899466,0.4056853950023651
30349,1106007,7022723,0.40508586168289185
30350,1106007,4785709,0.4048764407634735
30351,1106007,4905752,0.4048071801662445
30352,1106007,2804959,0.4045829474925995
30353,1106007,7970643,0.4044869542121887
30354,1106007,7638720,0.4043237864971161
30355,1106007,2384072,0.4041682481765747
30356,1106007,5190206,0.4041494131088257
30357,1106007,1648141,0.4041420817375183
30358,1106007,6196398,0.40357673168182373
30359,1106007,4994626,0.4033066928386688
30360,1106007,3530024,0.40324825048446655
30361,1106007,6654885,0.4030359089374542
30362,1106007,1082688,0.4028981328010559
30363,1106007,4382100,0.4025575816631317
30364,1106007,2240978,0.40231114625930786
30365,1106007,3226065,0.4022841155529022
30366,1106007,4620665,0.4018974304199219
30367,1106007,811056,0.40169757604599
30368,1106007,3468330,0.4015384316444397
30369,1106007,2556624,0.4013018012046814
30370,1106007,6216688,0.4011974334716797
30371,1106007,3567188,0.4011897146701813
30372,1106007,303453,0.4005022644996643
30373,1106007,3714050,0.40026330947875977
30374,1106007,7158637,0.40001431107521057
30375,1106007,4642058,0.399681955575943
30376,1106007,8521669,0.3981199264526367
30377,1106007,6230099,0.3978038430213928
30378,1106007,8482490,0.397666871547699
30379,1106007,3453638,0.3976253271102905
30380,1106007,6303267,0.3975837826728821
30381,1106007,3100851,0.39752137660980225
30382,1106007,1334332,0.3974791169166565
30383,1106007,2961466,0.3973061740398407
30384,1106007,13566,0.3973011374473572
30385,1106007,6200837,0.3968457281589508
30386,1106007,2663907,0.39662492275238037
30387,1106007,2652574,0.39642661809921265
30388,1106007,7040553,0.39636364579200745
30389,1106007,7500586,0.3960797190666199
30390,1106007,5429922,0.39607858657836914
30391,1106007,4058177,0.39605480432510376
30392,1106007,5571605,0.39589178562164307
30393,1106007,8358056,0.3957042098045349
30394,1106007,2143427,0.3956417739391327
30395,1106007,6440428,0.3955705165863037
30396,1106007,2575977,0.39552056789398193
30397,1106007,4173711,0.39548417925834656
30398,1106007,6479144,0.3954803943634033
30399,1106007,5481255,0.3954690098762512
30400,1106007,3612716,0.3952546715736389
30401,1106007,1203162,0.3950715661048889
30402,1106007,3711234,0.39499223232269287
30403,1106007,7638714,0.39483946561813354
30404,1106007,1468603,0.39456191658973694
30405,1106007,2644293,0.394379198551178
30406,1106007,551004,0.3933495879173279
30407,1106007,4810902,0.39321044087409973
30408,1106007,4785717,0.3931041359901428
30409,1106007,6104494,0.39309659600257874
30410,1106007,8204461,0.39303064346313477
30411,1106007,6196400,0.3923698961734772
30412,1106007,3085746,0.3920277953147888
30413,1106007,8214501,0.3916522264480591
30414,1106007,6270337,0.39134764671325684
30415,1106007,4642063,0.39120030403137207
30416,1106007,4781860,0.39119774103164673
30417,1106007,6714226,0.3908461034297943
30418,1106007,2714503,0.3906472325325012
30419,1106007,817351,0.39060866832733154
30420,1106007,5511997,0.3905948996543884
30421,1106007,7146321,0.39041832089424133
30422,1106007,4574179,0.3903622031211853
30423,1106007,487795,0.3900638818740845
30424,1106007,573864,0.38975709676742554
30425,1106007,2960565,0.38966459035873413
30426,1106007,7456197,0.38962605595588684
30427,1106007,6843800,0.38960278034210205
30428,1106007,8526465,0.38958340883255005
30429,1106007,4359826,0.38915613293647766
30430,1106007,3748203,0.3887762725353241
30431,1106007,7638715,0.38835301995277405
30432,1106007,6303271,0.38830146193504333
30433,1106007,5479545,0.38804271817207336
30434,1106007,1468599,0.3879901170730591
30435,1106007,4012205,0.3878505527973175
30436,1106007,1468600,0.3875716030597687
30437,1106007,6921442,0.3874284625053406
30438,1106007,2441748,0.38732022047042847
30439,1106007,6903686,0.38688546419143677
30440,1106007,7089843,0.38671281933784485
30441,1106007,4944812,0.3860616683959961
30442,1106007,3612710,0.3859654664993286
30443,1106007,3104156,0.38594871759414673
30444,1106007,8208703,0.38584792613983154
30445,1106007,548432,0.3858272433280945
30446,1106007,4747660,0.3858215808868408
30447,1106007,7490220,0.38577449321746826
30448,1106007,5479543,0.38575586676597595
30449,1106007,7737477,0.3856922388076782
30450,1106007,7102138,0.3852456212043762
30451,1106007,2455038,0.3852158784866333
30452,1106007,7055973,0.3851562440395355
30453,1106007,2165342,0.38493263721466064
30454,1106007,4000699,0.3848438262939453
30455,1106007,2777109,0.3846283555030823
30456,1106007,6397814,0.3845694363117218
30457,1106007,6797122,0.3843354284763336
30458,1106007,7490221,0.38418135046958923
30459,1106007,1260334,0.38374555110931396
30460,1106007,1200192,0.3836345672607422
30461,1106007,4829272,0.3835957944393158
30462,1106007,5913582,0.3832416534423828
30463,1106007,2921509,0.3829718828201294
30464,1106007,2672607,0.3828699588775635
30465,1106007,1892451,0.3826584219932556
30466,1106007,7089721,0.38226282596588135
30467,1106007,4438101,0.3819255232810974
30468,1106007,2597599,0.3817936182022095
30469,1106007,3415342,0.3816753029823303
30470,1106007,1691938,0.381641685962677
30471,1106007,8593508,0.38144946098327637
30472,1106007,4562141,0.3814344108104706
30473,1106007,8593509,0.38117098808288574
30474,1106007,8373607,0.38063472509384155
30475,1106007,2663908,0.3806179165840149
30476,1106007,2839122,0.3805006444454193
30477,1106007,968161,0.37986689805984497
30478,1106007,6282115,0.3796526789665222
30479,1106007,5200917,0.3794962763786316
30480,1106007,8593507,0.3793787360191345
30481,1106007,6655030,0.3792765140533447
30482,1106007,2866628,0.3791663944721222
30483,1106007,5364285,0.3790552020072937
30484,1106007,7089720,0.37904176115989685
30485,1106007,8141083,0.37891969084739685
30486,1106007,6903684,0.37859979271888733
30487,1106007,7089764,0.3785718083381653
30488,1106007,6209481,0.37850090861320496
30489,1106007,5326571,0.37845301628112793
30490,1106007,4994634,0.3777834177017212
30491,1106007,6695327,0.37767308950424194
30492,1106007,2613696,0.37763091921806335
30493,1106007,4582566,0.37752676010131836
30494,1106007,8593511,0.37703216075897217
30495,1106007,6655027,0.37697458267211914
30496,1106007,1132413,0.3769112527370453
30497,1106007,8135833,0.3768816888332367
30498,1106007,7613823,0.3767589330673218
30499,1106007,5448979,0.3766806721687317
30500,1106007,2325835,0.3764970898628235
30501,1106007,4262869,0.3764286935329437
30502,1106007,1468597,0.376335084438324
30503,1106007,3049678,0.3762948215007782
30504,1106007,701611,0.37596267461776733
30505,1106007,6152543,0.375857412815094
30506,1106007,783291,0.37582463026046753
30507,1106007,2587323,0.37569814920425415
30508,1106007,732098,0.3755834698677063
30509,1106007,3472287,0.3755783438682556
30510,1106007,1468602,0.37539908289909363
30511,1106007,7519809,0.3753553032875061
30512,1106007,2832490,0.37534353137016296
30513,1106007,7220748,0.37530815601348877
30514,1106007,5774821,0.37518954277038574
30515,1106007,6255354,0.3748787045478821
30516,1106007,3688364,0.37469470500946045
30517,1106007,2777112,0.37457072734832764
30518,1106007,3307282,0.3745492100715637
30519,1106007,4527806,0.37411558628082275
30520,1106007,3224862,0.37410855293273926
30521,1106007,285891,0.3741019666194916
30522,1106007,8593510,0.3739250898361206
30523,1106007,7379615,0.3735124170780182
30524,1106007,458543,0.3732708692550659
30525,1106007,5311663,0.37323740124702454
30526,1106007,5871991,0.37307634949684143
30527,1106007,5190204,0.3730311095714569
30528,1106007,6074497,0.3730066120624542
30529,1106007,7638713,0.3729059398174286
30530,1106007,2166821,0.3728290796279907
30531,1106007,4794671,0.37281277775764465
30532,1106007,2059174,0.3728119730949402
30533,1106007,3505288,0.37276995182037354
30534,1106007,7638719,0.3724803328514099
30535,1106007,7836503,0.372438907623291
30536,1106007,5448975,0.37241312861442566
30537,1106007,3168548,0.3723301291465759
30538,1106007,2166816,0.3723151683807373
30539,1106007,1892621,0.3721628785133362
30540,1106007,783293,0.3721182644367218
30541,1106007,3451719,0.3720713257789612
30542,1106007,7726326,0.3720245063304901
30543,1106007,4187829,0.37200093269348145
30544,1106007,249597,0.3719908893108368
30545,1106007,2613702,0.3719222843647003
30546,1106007,83603,0.3719112277030945
30547,1106007,5174765,0.3717918395996094
30548,1106007,3049680,0.37169718742370605
30549,1106007,8058077,0.3716227412223816
30550,1106007,4198099,0.3714422583580017
30551,1106007,2621977,0.3712615966796875
30552,1106007,1019324,0.3712019622325897
30553,1106007,521597,0.37116536498069763
30554,1106007,6270336,0.37105804681777954
30555,1106007,885204,0.37093788385391235
30556,1106007,4642059,0.37082618474960327
30557,1106007,7980931,0.37072354555130005
30558,1106007,2961472,0.3705851435661316
30559,1106007,551003,0.37039604783058167
30560,1106007,3606096,0.37022995948791504
30561,1106007,4382098,0.37007975578308105
30562,1106007,2166818,0.3696919083595276
30563,1106007,360505,0.36966925859451294
30564,1106007,6714223,0.369661420583725
30565,1106007,1543695,0.36954692006111145
30566,1106007,1390491,0.36940813064575195
30567,1106007,5785003,0.36872798204421997
30568,1106007,4747656,0.368691086769104
30569,1106007,3530020,0.3686312735080719
30570,1106007,1941340,0.3685740828514099
30571,1106007,4489652,0.3684009909629822
30572,1106007,8214498,0.36835306882858276
30573,1106007,4565203,0.3681102991104126
30574,1106007,1327627,0.36807507276535034
30575,1106007,6903689,0.3679564595222473
30576,1106007,1618227,0.36783114075660706
30577,1106007,7748359,0.36760371923446655
30578,1106007,3529247,0.3675817847251892
30579,1106007,4000698,0.36757245659828186
30580,1106007,3008035,0.36747246980667114
30581,1106007,8084332,0.3674285411834717
30582,1106007,4102295,0.36739087104797363
30583,1106007,3711235,0.3673046827316284
30584,1106007,1835670,0.3670540452003479
30585,1106007,5078021,0.3668551445007324
30586,1106007,7848576,0.36678528785705566
30587,1106007,3005442,0.36669450998306274
30588,1106007,5913575,0.366494357585907
30589,1106007,8164206,0.3664689362049103
30590,1106007,360504,0.36643847823143005
30591,1106007,2059179,0.3664274215698242
30592,1106007,4902446,0.3663577437400818
30593,1106007,4600694,0.36634373664855957
30594,1106007,4902077,0.36627817153930664
30595,1106007,106234,0.3662232756614685
30596,1106007,3530441,0.3662196397781372
30597,1106007,4058178,0.3661620616912842
30598,1106007,6607521,0.3659701943397522
30599,1106007,2933670,0.36577117443084717
30600,1106007,639311,0.3654897212982178
30601,1106007,8428884,0.36546188592910767
30602,1106007,5914467,0.3653293251991272
30603,1106007,2379603,0.3651962876319885
30604,1106007,6894081,0.3650694489479065
30605,1106007,4438103,0.3650285601615906
30606,1106007,7089724,0.3649680018424988
30607,1106007,3114574,0.364906907081604
30608,1106007,6826738,0.36490288376808167
30609,1106007,1296148,0.3648630380630493
30610,1106007,701608,0.36483320593833923
30611,1106007,4102294,0.3647838830947876
30612,1106007,8248692,0.3645898699760437
30613,1106007,4908676,0.3645188808441162
30614,1106007,6620436,0.3644278645515442
30615,1106007,3403471,0.36440056562423706
30616,1106007,8394342,0.3642999529838562
30617,1106007,5161166,0.36427223682403564
30618,1106007,2621983,0.36398160457611084
30619,1106007,6695328,0.36395883560180664
30620,1106007,3377054,0.363839328289032
30621,1106007,5553799,0.36382371187210083
30622,1106007,6175818,0.3636532425880432
30623,1106007,4672866,0.36364883184432983
30624,1106007,2298100,0.3635028004646301
30625,1106007,2059181,0.3632575273513794
30626,1106007,2616454,0.36318984627723694
30627,1106007,5458380,0.3631770610809326
30628,1106007,2578839,0.36282292008399963
30629,1106007,1533697,0.36265772581100464
30630,1106007,8692708,0.3626284599304199
30631,1106007,164609,0.3619326949119568
30632,1106007,5993697,0.36178088188171387
30633,1106007,1157946,0.36173954606056213
30634,1106007,1000546,0.3615604639053345
30635,1106007,6270342,0.36151906847953796
30636,1106007,1672237,0.3614844083786011
30637,1106007,4692751,0.3612964153289795
30638,1106007,4101195,0.3611767888069153
30639,1106007,7442647,0.3611278533935547
30640,1106007,1784881,0.360945463180542
30641,1106007,7500108,0.36088377237319946
30642,1106007,2546423,0.3608052134513855
30643,1106007,1570811,0.3606569170951843
30644,1106007,8571245,0.36047208309173584
30645,1106007,681802,0.36043885350227356
30646,1106007,7429179,0.3604135513305664
30647,1106007,3481714,0.3603619933128357
30648,1106007,1835661,0.3599124550819397
30649,1106007,7980936,0.35975876450538635
30650,1106007,1949188,0.35971367359161377
30651,1106007,6281743,0.3597094416618347
30652,1106007,7089767,0.3596787750720978
30653,1106007,2355828,0.3596546947956085
30654,1106007,6196396,0.359596848487854
30655,1106007,1000547,0.35945212841033936
30656,1106007,3416350,0.3594416379928589
30657,1106007,5104720,0.3594214618206024
30658,1106007,5104718,0.3594214618206024
30659,1106007,8204462,0.35941219329833984
30660,1106007,4176612,0.35935598611831665
30661,1106007,4173710,0.35932403802871704
30662,1106007,2804781,0.3592848479747772
30663,1106007,6655028,0.35907119512557983
30664,1106007,4753822,0.358923077583313
30665,1106007,416671,0.35876935720443726
30666,1106007,551001,0.3586511015892029
30667,1106007,3307287,0.35855633020401
30668,1106007,6797125,0.3582315444946289
30669,1106007,4427792,0.3581767678260803
30670,1106007,8033859,0.35782819986343384
30671,1106007,3669257,0.3577881455421448
30672,1106007,5709745,0.357719361782074
30673,1106007,4829269,0.35757583379745483
30674,1106007,1073267,0.3575572967529297
30675,1106007,8694641,0.3574484586715698
30676,1106007,3039081,0.3574124872684479
30677,1106007,1147738,0.35733306407928467
30678,1106007,7539532,0.3573247194290161
30679,1106007,5952125,0.3573094606399536
30680,1106007,3848610,0.3571684956550598
30681,1106007,5291600,0.35705551505088806
30682,1106007,801572,0.35699462890625
30683,1106007,7434516,0.35683488845825195
30684,1106007,747994,0.3568097949028015
30685,1106007,1045192,0.3567957878112793
30686,1106007,8322922,0.35678836703300476
30687,1106007,5899907,0.356764554977417
30688,1106007,7879091,0.35656869411468506
30689,1106007,8083530,0.3565593957901001
30690,1106007,3481719,0.3565426766872406
30691,1106007,2628500,0.3565005958080292
30692,1106007,7102140,0.35647839307785034
30693,1106007,8769843,0.35638174414634705
30694,1106007,2059177,0.35638102889060974
30695,1106007,6196397,0.3561289310455322
30696,1106007,1565062,0.35600584745407104
30697,1106007,8840193,0.35598498582839966
30698,1106007,1949185,0.35596686601638794
30699,1106007,7370401,0.355819433927536
30700,1106007,1846540,0.35580694675445557
30701,1106007,4208117,0.35578539967536926
30702,1106007,3049677,0.3557701110839844
30703,1106007,8689993,0.355685830116272
30704,1106007,4577294,0.3555419445037842
30705,1106007,1241452,0.3554824888706207
30706,1106007,3103412,0.3553087115287781
30707,1106007,4112908,0.35521018505096436
30708,1106007,3005439,0.3549754023551941
30709,1106007,783292,0.3548528254032135
30710,1106007,8507755,0.3548017740249634
30711,1106007,1447402,0.35472333431243896
30712,1106007,6059869,0.35468345880508423
30713,1106007,2294712,0.35466793179512024
30714,1106007,2603676,0.3546659052371979
30715,1106007,8159690,0.3546055555343628
30716,1106007,4939802,0.3545801639556885
30717,1106007,5171741,0.3544843792915344
30718,1106007,2384066,0.35446280241012573
30719,1106007,4475612,0.3543987274169922
30720,1106007,6422725,0.3543103039264679
30721,1106007,511124,0.3541804552078247
30722,1106007,1449455,0.354073166847229
30723,1106007,2935886,0.35403862595558167
30724,1106007,106241,0.3538990616798401
30725,1106007,6359986,0.3537725806236267
30726,1106007,1014332,0.35372212529182434
30727,1106007,7836507,0.35371482372283936
30728,1106007,7978150,0.353538453578949
30729,1106007,7272553,0.35347720980644226
30730,1106007,4058176,0.35347244143486023
30731,1106007,7695969,0.3534334599971771
30732,1106007,903095,0.353290855884552
30733,1106007,5993695,0.3532828688621521
30734,1106007,1046107,0.35321754217147827
30735,1106007,8338589,0.35317638516426086
30736,1106007,7023915,0.353135347366333
30737,1106007,7236045,0.352997362613678
30738,1106007,6298477,0.35295602679252625
30739,1106007,6714224,0.35275325179100037
30740,1106007,7748358,0.3526844382286072
30741,1106007,2613698,0.35265010595321655
30742,1106007,4882576,0.35259154438972473
30743,1106007,7382747,0.35240283608436584
30744,1106007,6278959,0.35231104493141174
30745,1106007,3465230,0.3522259593009949
30746,1106007,633202,0.35213083028793335
30747,1106007,626684,0.3520854711532593
30748,1106007,3872680,0.35202556848526
30749,1106007,3174642,0.3520096242427826
30750,1106007,1269096,0.3519976735115051
30751,1106007,7861518,0.3519126772880554
30752,1106007,4591388,0.3518916070461273
30753,1106007,8152820,0.35184529423713684
30754,1106007,5448976,0.3518121838569641
30755,1106007,5240849,0.35179829597473145
30756,1106007,5993699,0.3517906665802002
30757,1106007,7456193,0.35161566734313965
30758,1106007,6300360,0.3512648940086365
30759,1106007,4979699,0.3512042164802551
30760,1106007,2580954,0.35108500719070435
30761,1106007,6237121,0.35102003812789917
30762,1106007,7128008,0.3509548306465149
30763,1106007,3328802,0.350796103477478
30764,1106007,7364336,0.3505575656890869
30765,1106007,7358638,0.350525438785553
30766,1106007,4176090,0.3505128026008606
30767,1106007,2628492,0.3504427671432495
30768,1106007,116519,0.35041797161102295
30769,1106007,3409543,0.3504117429256439
30770,1106007,1019327,0.35034289956092834
30771,1106007,2748625,0.35027968883514404
30772,1106007,5434099,0.3500494360923767
30773,1106007,6113442,0.3499714732170105
30774,1106007,1104215,0.34969186782836914
30775,1106007,2156900,0.34946930408477783
30776,1106007,8530617,0.349248468875885
30777,1106007,6040438,0.3491728901863098
30778,1106007,7889652,0.3491709530353546
30779,1106007,1073269,0.34915590286254883
30780,1106007,7629751,0.34871870279312134
30781,1106007,4999878,0.3486210107803345
30782,1106007,103933,0.3485599458217621
30783,1106007,6126195,0.34854188561439514
30784,1106007,7978149,0.34839779138565063
30785,1106007,8813606,0.34830087423324585
30786,1106007,6685341,0.34827515482902527
30787,1106007,3457219,0.34827345609664917
30788,1106007,7022722,0.34824827313423157
30789,1106007,7743319,0.34822404384613037
30790,1106007,1132476,0.3481971025466919
30791,1106007,6843799,0.34816381335258484
30792,1106007,4222108,0.34813016653060913
30793,1106007,8604815,0.34794947504997253
30794,1106007,249596,0.3477530777454376
30795,1106007,8840602,0.347697913646698
30796,1106007,4977874,0.3476867079734802
30797,1106007,5904855,0.3476378917694092
30798,1106007,6998666,0.3475995361804962
30799,1106007,1760,0.3475304841995239
30800,1106007,6848648,0.34744593501091003
30801,1106007,3232473,0.347352534532547
30802,1106007,6303275,0.34732428193092346
30803,1106007,3149832,0.34717857837677
30804,1106007,5969118,0.34706902503967285
30805,1106007,272756,0.3470640182495117
30806,1106007,3185795,0.34706130623817444
30807,1106007,6417493,0.34698686003685
30808,1106007,5087230,0.34694454073905945
30809,1106007,7808778,0.34688130021095276
30810,1106007,7022619,0.34679797291755676
30811,1106007,3266342,0.3467053472995758
30812,1106007,4004172,0.346632719039917
30813,1106007,7755470,0.34650349617004395
30814,1106007,6172129,0.3464265763759613
30815,1106007,7089838,0.34641677141189575
30816,1106007,5389426,0.34638142585754395
30817,1106007,7490225,0.3462600111961365
30818,1106007,6216544,0.3461509943008423
30819,1106007,4262875,0.3461346924304962
30820,1106007,2478779,0.34609463810920715
30821,1106007,2862304,0.3460630774497986
30822,1106007,3024566,0.34605854749679565
30823,1106007,7456200,0.34580183029174805
30824,1106007,624460,0.3458006680011749
30825,1106007,8710570,0.34575366973876953
30826,1106007,7439600,0.345748633146286
30827,1106007,360503,0.34573525190353394
30828,1106007,8749606,0.34573352336883545
30829,1106007,761628,0.34570327401161194
30830,1106007,8768728,0.3456811010837555
30831,1106007,6695330,0.34567853808403015
30832,1106007,8530623,0.34566956758499146
30833,1106007,4642060,0.3456658720970154
30834,1106007,2415856,0.34552639722824097
30835,1106007,8199522,0.3455037474632263
30836,1106007,118636,0.345503032207489
30837,1106007,2359418,0.345333456993103
30838,1106007,2237349,0.34521913528442383
30839,1106007,2946660,0.34513914585113525
30840,1106007,3739824,0.34513235092163086
30841,1106007,3286710,0.3451295495033264
30842,1106007,5531447,0.3451285660266876
30843,1106007,1796164,0.3451097905635834
30844,1106007,8734089,0.3450740873813629
30845,1106007,3681893,0.3449384570121765
30846,1106007,2503631,0.3449322283267975
30847,1106007,8599417,0.3448372483253479
30848,1106007,496514,0.3447555899620056
30849,1106007,3340220,0.34474891424179077
30850,1106007,7178666,0.3447474241256714
30851,1106007,2059182,0.34463071823120117
30852,1106007,6915413,0.3446289896965027
30853,1106007,711654,0.3446192443370819
30854,1106007,2341487,0.34459006786346436
30855,1106007,4089154,0.3444923758506775
30856,1106007,844916,0.3444164991378784
30857,1106007,414453,0.3443717360496521
30858,1106007,2513605,0.34435808658599854
30859,1106007,2220287,0.34420594573020935
30860,1106007,4781868,0.34419894218444824
30861,1106007,1019323,0.3441859483718872
30862,1106007,360501,0.34416428208351135
30863,1106007,4768084,0.34407100081443787
30864,1106007,5533840,0.3438364565372467
30865,1106007,3926772,0.34382951259613037
30866,1106007,4575737,0.34380799531936646
30867,1106007,4727808,0.3435943126678467
30868,1106007,158725,0.3435618281364441
30869,1106007,4058174,0.34353238344192505
30870,1106007,5408310,0.34352540969848633
30871,1106007,632119,0.3435060381889343
30872,1106007,5171742,0.34349891543388367
30873,1106007,3415340,0.34347134828567505
30874,1106007,521594,0.34337538480758667
30875,1106007,5479539,0.34334468841552734
30876,1106007,8604814,0.3432866036891937
30877,1106007,4258156,0.34321022033691406
30878,1106007,6586909,0.3431691527366638
30879,1106007,526322,0.3431527018547058
30880,1106007,4775802,0.3431246280670166
30881,1106007,5342450,0.3430365324020386
30882,1106007,4187833,0.3430183529853821
30883,1106007,7971877,0.3430037796497345
30884,1106007,1918087,0.34295472502708435
30885,1106007,4902444,0.3429187834262848
30886,1106007,8694171,0.3427622318267822
30887,1106007,5047481,0.34272778034210205
30888,1106007,5429390,0.3427202105522156
30889,1106007,4983751,0.34267890453338623
30890,1106007,8492819,0.3426421880722046
30891,1106007,8703704,0.3426198363304138
30892,1106007,7348342,0.34260377287864685
30893,1106007,116524,0.34260356426239014
30894,1106007,5320250,0.342490553855896
30895,1106007,696953,0.34242650866508484
30896,1106007,3829630,0.3423617482185364
30897,1106007,6956806,0.3423539996147156
30898,1106007,8569043,0.34230709075927734
30899,1106007,8830641,0.34228086471557617
30900,1106007,7841898,0.34221598505973816
30901,1106007,1200194,0.34219205379486084
30902,1106007,8344268,0.3421371281147003
30903,1106007,3041663,0.3420908451080322
30904,1106007,6433552,0.34208762645721436
30905,1106007,1915579,0.3419550657272339
30906,1106007,856754,0.3419421315193176
30907,1106007,4983747,0.3419308662414551
30908,1106007,2405830,0.34179115295410156
30909,1106007,6079809,0.34178754687309265
30910,1106007,7182168,0.34155476093292236
30911,1106007,1216063,0.3415350019931793
30912,1106007,4775807,0.3415195047855377
30913,1106007,2013381,0.3414158523082733
30914,1106007,5489428,0.34139883518218994
30915,1106007,4204746,0.34138011932373047
30916,1106007,4227944,0.3413751721382141
30917,1106007,7848578,0.34125572443008423
30918,1106007,4725704,0.3412204682826996
30919,1106007,1184011,0.3411850929260254
30920,1106007,3719457,0.3410220742225647
30921,1106007,4222106,0.34096580743789673
30922,1106007,680635,0.34091904759407043
30923,1106007,7382743,0.34084415435791016
30924,1106007,7389749,0.34080538153648376
30925,1106007,1426639,0.3407897651195526
30926,1106007,7971872,0.34072303771972656
30927,1106007,4347248,0.3406221568584442
30928,1106007,3709012,0.34060904383659363
30929,1106007,3864503,0.3405367136001587
30930,1106007,1672242,0.3405253291130066
30931,1106007,6652704,0.34050193428993225
30932,1106007,5571604,0.3404669761657715
30933,1106007,6965785,0.3404271900653839
30934,1106007,4637827,0.34041690826416016
30935,1106007,7861524,0.34041494131088257
30936,1106007,4144166,0.3403758108615875
30937,1106007,7931312,0.34019291400909424
30938,1106007,4228018,0.3401123285293579
30939,1106007,6667180,0.34002572298049927
30940,1106007,492958,0.34000200033187866
30941,1106007,2035963,0.33999747037887573
30942,1106007,1063647,0.3399973511695862
30943,1106007,3653436,0.33999016880989075
30944,1106007,76851,0.33993592858314514
30945,1106007,6237124,0.33987730741500854
30946,1106007,7628765,0.33986368775367737
30947,1106007,521593,0.3397691249847412
30948,1106007,3008028,0.33972132205963135
30949,1106007,3804749,0.3396730124950409
30950,1106007,4173706,0.3395950198173523
30951,1106007,4695185,0.3395611047744751
30952,1106007,772911,0.3394944369792938
30953,1106007,4147511,0.33944427967071533
30954,1106007,4785713,0.3394232988357544
30955,1106007,8374310,0.3393757939338684
30956,1106007,6422724,0.33933377265930176
30957,1106007,5541410,0.33929210901260376
30958,1106007,7398320,0.33928126096725464
30959,1106007,5429389,0.33920931816101074
30960,1106007,4484883,0.3392074704170227
30961,1106007,6193101,0.3390936553478241
30962,1106007,6081742,0.33906251192092896
30963,1106007,3950047,0.33900874853134155
30964,1106007,158717,0.3390064835548401
30965,1106007,6801192,0.339000940322876
30966,1106007,355909,0.338990181684494
30967,1106007,4884648,0.33893144130706787
30968,1106007,2914527,0.33890315890312195
30969,1106007,1200197,0.33885326981544495
30970,1106007,793491,0.3387766480445862
30971,1106007,2054509,0.3387516736984253
30972,1106007,4210610,0.3386955261230469
30973,1106007,5364287,0.3386925458908081
30974,1106007,3379841,0.33867186307907104
30975,1106007,4452748,0.3386039733886719
30976,1106007,8530618,0.33858534693717957
30977,1106007,3008030,0.33854615688323975
30978,1106007,1340695,0.33847150206565857
30979,1106007,5461034,0.33846887946128845
30980,1106007,3014168,0.33845505118370056
30981,1106007,6392281,0.33845096826553345
30982,1106007,1500716,0.33844852447509766
30983,1106007,4379598,0.3383706212043762
30984,1106007,1463435,0.33821845054626465
30985,1106007,6175820,0.338209867477417
30986,1106007,2900127,0.3381139636039734
30987,1106007,4707496,0.338113009929657
30988,1106007,3680351,0.3380945324897766
30989,1106007,5171743,0.3380786180496216
30990,1106007,2943323,0.33806052803993225
30991,1106007,8702922,0.33803069591522217
30992,1106007,2258745,0.3380158245563507
30993,1106007,5574565,0.3379528522491455
30994,1106007,2384071,0.3379233479499817
30995,1106007,5541412,0.33786436915397644
30996,1106007,8749551,0.3378521203994751
30997,1106007,8727881,0.33785006403923035
30998,1106007,4348349,0.3378239870071411
30999,1106007,4782756,0.33774811029434204
31000,1110199,3838638,0.7963578701019287
31001,1110199,1901879,0.7528907060623169
31002,1110199,8160519,0.7154129147529602
31003,1110199,1901876,0.6824791431427002
31004,1110199,5857920,0.6632463932037354
31005,1110199,4057232,0.6533461809158325
31006,1110199,557956,0.6500271558761597
31007,1110199,5857925,0.6427915096282959
31008,1110199,3270584,0.6402231454849243
31009,1110199,4674430,0.6329458951950073
31010,1110199,2301119,0.6322625279426575
31011,1110199,7344200,0.6313424706459045
31012,1110199,6056861,0.628092348575592
31013,1110199,6392463,0.6260043382644653
31014,1110199,313193,0.6250028610229492
31015,1110199,627298,0.6207140684127808
31016,1110199,7891044,0.6191604137420654
31017,1110199,1144987,0.6169869899749756
31018,1110199,4624021,0.6149473786354065
31019,1110199,7076889,0.6142820715904236
31020,1110199,7628036,0.6126825213432312
31021,1110199,5479,0.6120772361755371
31022,1110199,986780,0.6087357997894287
31023,1110199,2474406,0.6083571910858154
31024,1110199,5857921,0.6076163649559021
31025,1110199,8160520,0.6059740781784058
31026,1110199,8404306,0.6058672070503235
31027,1110199,2657989,0.5985408425331116
31028,1110199,5857924,0.5983657836914062
31029,1110199,239444,0.5983504056930542
31030,1110199,1901877,0.5975269079208374
31031,1110199,362174,0.5966826677322388
31032,1110199,8160524,0.5963788628578186
31033,1110199,7409317,0.594639778137207
31034,1110199,7628037,0.5930167436599731
31035,1110199,7344201,0.5912652611732483
31036,1110199,7344197,0.5889168381690979
31037,1110199,8160518,0.5884654521942139
31038,1110199,6734090,0.5882738828659058
31039,1110199,3270582,0.5874714851379395
31040,1110199,5701621,0.5872750282287598
31041,1110199,4800732,0.5869404077529907
31042,1110199,5387211,0.586845874786377
31043,1110199,328010,0.5853610038757324
31044,1110199,8589811,0.5847775936126709
31045,1110199,1321205,0.5814613103866577
31046,1110199,2796204,0.579833984375
31047,1110199,712235,0.5785508751869202
31048,1110199,2657987,0.5771595239639282
31049,1110199,3524269,0.5764157772064209
31050,1110199,2301113,0.5758873820304871
31051,1110199,6392469,0.5755950212478638
31052,1110199,4771351,0.5750211477279663
31053,1110199,611921,0.5749812126159668
31054,1110199,8404307,0.5734941959381104
31055,1110199,5857923,0.5733386278152466
31056,1110199,1592477,0.5730911493301392
31057,1110199,6573362,0.5727435350418091
31058,1110199,6594555,0.5719502568244934
31059,1110199,2301117,0.5714266300201416
31060,1110199,975292,0.5709065198898315
31061,1110199,6382102,0.5701297521591187
31062,1110199,3519482,0.569272518157959
31063,1110199,2094434,0.568935751914978
31064,1110199,1592475,0.5687242746353149
31065,1110199,1957395,0.5679858922958374
31066,1110199,5857927,0.5669156908988953
31067,1110199,3515650,0.5659205317497253
31068,1110199,3272914,0.5656044483184814
31069,1110199,5279606,0.5655702948570251
31070,1110199,5857926,0.5649339556694031
31071,1110199,8160521,0.5645461082458496
31072,1110199,4800728,0.56453937292099
31073,1110199,4511137,0.5639920234680176
31074,1110199,1778450,0.5631471872329712
31075,1110199,2923632,0.5626275539398193
31076,1110199,2854609,0.559912919998169
31077,1110199,5516092,0.5597342848777771
31078,1110199,7837438,0.5593962073326111
31079,1110199,2854608,0.5589014887809753
31080,1110199,7221487,0.5583958625793457
31081,1110199,5387204,0.5583322644233704
31082,1110199,4398248,0.5578950047492981
31083,1110199,5227455,0.5564321279525757
31084,1110199,836529,0.5558295845985413
31085,1110199,1324194,0.5558295845985413
31086,1110199,1901882,0.5557989478111267
31087,1110199,1512561,0.5554628372192383
31088,1110199,1809288,0.5547837018966675
31089,1110199,7628031,0.554762601852417
31090,1110199,847931,0.5539608001708984
31091,1110199,6462667,0.5539064407348633
31092,1110199,5198208,0.5533580780029297
31093,1110199,3838645,0.553348958492279
31094,1110199,2316525,0.5525762438774109
31095,1110199,4800729,0.5520535707473755
31096,1110199,6734086,0.5520474910736084
31097,1110199,6368891,0.5510638356208801
31098,1110199,4800731,0.5509382486343384
31099,1110199,618114,0.5507051944732666
31100,1110199,227145,0.5495258569717407
31101,1110199,618109,0.5491377711296082
31102,1110199,5387212,0.5481447577476501
31103,1110199,5857919,0.5476956367492676
31104,1110199,4504233,0.5476454496383667
31105,1110199,3865139,0.5473712682723999
31106,1110199,2541141,0.5462273955345154
31107,1110199,3873119,0.5460931658744812
31108,1110199,3238115,0.54539954662323
31109,1110199,6161016,0.5445520877838135
31110,1110199,955120,0.5436141490936279
31111,1110199,6161010,0.5426916480064392
31112,1110199,4668102,0.542394757270813
31113,1110199,3270581,0.5421550869941711
31114,1110199,3135733,0.5415981411933899
31115,1110199,4398249,0.5415818691253662
31116,1110199,6478158,0.5415420532226562
31117,1110199,2655849,0.5411076545715332
31118,1110199,7409316,0.540893018245697
31119,1110199,5049882,0.5405380129814148
31120,1110199,2923633,0.5391222238540649
31121,1110199,1454027,0.5385154485702515
31122,1110199,5480,0.5385034084320068
31123,1110199,1809286,0.5382555723190308
31124,1110199,1778449,0.5379049777984619
31125,1110199,7076893,0.5377669334411621
31126,1110199,5049363,0.5376646518707275
31127,1110199,8265822,0.5376583337783813
31128,1110199,362178,0.5374084711074829
31129,1110199,4489656,0.536554217338562
31130,1110199,712229,0.5363185405731201
31131,1110199,2655848,0.5351204872131348
31132,1110199,2923631,0.5342559814453125
31133,1110199,1009248,0.5342159271240234
31134,1110199,1622904,0.5341140031814575
31135,1110199,5060492,0.5336663722991943
31136,1110199,3460327,0.5316246747970581
31137,1110199,6907996,0.53096604347229
31138,1110199,7628030,0.5307672023773193
31139,1110199,2621287,0.5306746959686279
31140,1110199,7409320,0.5289499759674072
31141,1110199,7221361,0.5284081101417542
31142,1110199,4800727,0.5278338193893433
31143,1110199,8288369,0.5274856686592102
31144,1110199,863984,0.52674400806427
31145,1110199,789712,0.5266897678375244
31146,1110199,3865138,0.5263479948043823
31147,1110199,7439380,0.5261797904968262
31148,1110199,3110637,0.5260106325149536
31149,1110199,5060491,0.5259524583816528
31150,1110199,2621288,0.5252816081047058
31151,1110199,4281181,0.5248119235038757
31152,1110199,7628033,0.5244140625
31153,1110199,5074861,0.5242505073547363
31154,1110199,4496257,0.5238996744155884
31155,1110199,1901878,0.5235692262649536
31156,1110199,3881488,0.5234159231185913
31157,1110199,1323552,0.5231788754463196
31158,1110199,1272298,0.5231696367263794
31159,1110199,4356513,0.5228826403617859
31160,1110199,2685506,0.5226665139198303
31161,1110199,2316523,0.5226038694381714
31162,1110199,4558063,0.5223431587219238
31163,1110199,2267313,0.5212903618812561
31164,1110199,7409319,0.5211148262023926
31165,1110199,8157172,0.5203753113746643
31166,1110199,3865142,0.5196766257286072
31167,1110199,712232,0.5192208886146545
31168,1110199,4624026,0.519072413444519
31169,1110199,451150,0.5185248851776123
31170,1110199,1966313,0.5184379816055298
31171,1110199,5396613,0.5182733535766602
31172,1110199,8325774,0.5178940296173096
31173,1110199,6490966,0.5170111060142517
31174,1110199,4800726,0.5170093178749084
31175,1110199,5067542,0.5168474912643433
31176,1110199,1047210,0.5160823464393616
31177,1110199,2796205,0.5157745480537415
31178,1110199,6734093,0.5150864124298096
31179,1110199,7221496,0.514742910861969
31180,1110199,6734094,0.5142620801925659
31181,1110199,5641717,0.5141739845275879
31182,1110199,7085489,0.5139358639717102
31183,1110199,7362622,0.513830840587616
31184,1110199,1957388,0.513698935508728
31185,1110199,1324193,0.5133809447288513
31186,1110199,7143611,0.513339102268219
31187,1110199,3865137,0.5124997496604919
31188,1110199,167607,0.5121555328369141
31189,1110199,1861596,0.5119798183441162
31190,1110199,7675097,0.5118331909179688
31191,1110199,7076891,0.5113545060157776
31192,1110199,7409321,0.5107312798500061
31193,1110199,3230845,0.5106099843978882
31194,1110199,2796198,0.5104451179504395
31195,1110199,3168169,0.5098265409469604
31196,1110199,830203,0.5097169876098633
31197,1110199,4496260,0.5093356966972351
31198,1110199,4281186,0.5087910890579224
31199,1110199,7170712,0.5085235834121704
31200,1110199,2954989,0.5084353685379028
31201,1110199,6832436,0.5075613260269165
31202,1110199,2621290,0.5072056651115417
31203,1110199,6734091,0.5068997144699097
31204,1110199,5641718,0.5068041086196899
31205,1110199,3169357,0.5062882900238037
31206,1110199,7221367,0.5061233043670654
31207,1110199,2347590,0.5059328675270081
31208,1110199,451156,0.5054789781570435
31209,1110199,2657991,0.5053684115409851
31210,1110199,885238,0.5049312710762024
31211,1110199,2301115,0.5048631429672241
31212,1110199,4408533,0.5048115253448486
31213,1110199,2685501,0.5047817230224609
31214,1110199,4055197,0.5046490430831909
31215,1110199,2347592,0.5041986703872681
31216,1110199,3226995,0.5041891932487488
31217,1110199,7221364,0.504115641117096
31218,1110199,7085488,0.5039879679679871
31219,1110199,1901875,0.5032709836959839
31220,1110199,2368579,0.5026113986968994
31221,1110199,4398242,0.5025718212127686
31222,1110199,7178913,0.5024716258049011
31223,1110199,7221489,0.5023281574249268
31224,1110199,7525976,0.5021766424179077
31225,1110199,433921,0.5020482540130615
31226,1110199,2958762,0.5019254684448242
31227,1110199,3838643,0.5016558170318604
31228,1110199,421,0.5015056729316711
31229,1110199,291162,0.5009201765060425
31230,1110199,3332654,0.5004628300666809
31231,1110199,1323550,0.4993495047092438
31232,1110199,4800734,0.4989219903945923
31233,1110199,1778454,0.4985312819480896
31234,1110199,2838083,0.4983411431312561
31235,1110199,3495022,0.4981207847595215
31236,1110199,451893,0.4978283643722534
31237,1110199,7174098,0.49745047092437744
31238,1110199,2267312,0.4968854784965515
31239,1110199,1901881,0.49641501903533936
31240,1110199,3272906,0.49630704522132874
31241,1110199,4558057,0.49601876735687256
31242,1110199,5002814,0.4957921802997589
31243,1110199,8177825,0.4950576424598694
31244,1110199,451896,0.49483221769332886
31245,1110199,2685505,0.4947572350502014
31246,1110199,4800730,0.4943053722381592
31247,1110199,7832981,0.493974506855011
31248,1110199,5701620,0.4936027526855469
31249,1110199,7298183,0.4933823347091675
31250,1110199,5171618,0.4933093786239624
31251,1110199,3238116,0.4930499196052551
31252,1110199,5308165,0.49297380447387695
31253,1110199,5146963,0.49294477701187134
31254,1110199,7418581,0.4928874373435974
31255,1110199,2940110,0.49238207936286926
31256,1110199,1324196,0.4921568036079407
31257,1110199,4562918,0.4917294383049011
31258,1110199,2301118,0.49161699414253235
31259,1110199,1890814,0.4915185868740082
31260,1110199,1699530,0.4912935197353363
31261,1110199,863987,0.4911198019981384
31262,1110199,6508895,0.4907686114311218
31263,1110199,8324778,0.49076318740844727
31264,1110199,879021,0.4905933141708374
31265,1110199,1370458,0.49043357372283936
31266,1110199,2621289,0.4899514317512512
31267,1110199,6665316,0.48962903022766113
31268,1110199,4511144,0.48926210403442383
31269,1110199,8160527,0.48919498920440674
31270,1110199,4826330,0.48879474401474
31271,1110199,3519481,0.4884229004383087
31272,1110199,8157174,0.48831844329833984
31273,1110199,6734092,0.488293319940567
31274,1110199,1161829,0.4881911277770996
31275,1110199,4750463,0.4881307780742645
31276,1110199,362176,0.4879564046859741
31277,1110199,3055475,0.4877055287361145
31278,1110199,1754203,0.4874299168586731
31279,1110199,7782985,0.4873557984828949
31280,1110199,5387205,0.4872528314590454
31281,1110199,7221486,0.48723119497299194
31282,1110199,2415125,0.48720496892929077
31283,1110199,1754207,0.4870716333389282
31284,1110199,3664800,0.48697546124458313
31285,1110199,836526,0.4865534007549286
31286,1110199,6508893,0.4865109324455261
31287,1110199,7085486,0.4864330589771271
31288,1110199,5396609,0.4862977862358093
31289,1110199,7409322,0.486167848110199
31290,1110199,4558066,0.4860851466655731
31291,1110199,5627957,0.4858941435813904
31292,1110199,5067545,0.4858415722846985
31293,1110199,7297912,0.48520898818969727
31294,1110199,1603186,0.48515862226486206
31295,1110199,8467112,0.4850565493106842
31296,1110199,6383464,0.48471003770828247
31297,1110199,3230841,0.48441389203071594
31298,1110199,6684209,0.48389244079589844
31299,1110199,6811450,0.483379989862442
31300,1110199,2301112,0.4830334782600403
31301,1110199,5049369,0.4827410578727722
31302,1110199,4055195,0.48266780376434326
31303,1110199,6354284,0.4824414849281311
31304,1110199,433926,0.4821849763393402
31305,1110199,4536206,0.48217374086380005
31306,1110199,167602,0.4819665551185608
31307,1110199,4558064,0.48193320631980896
31308,1110199,4645259,0.48192185163497925
31309,1110199,2923634,0.48178553581237793
31310,1110199,3036169,0.48175638914108276
31311,1110199,2958763,0.48165592551231384
31312,1110199,7085492,0.4813818633556366
31313,1110199,7842395,0.48101967573165894
31314,1110199,7842393,0.4808778762817383
31315,1110199,7934946,0.4802117347717285
31316,1110199,1334300,0.48002147674560547
31317,1110199,5060489,0.4799288511276245
31318,1110199,1708178,0.4798556864261627
31319,1110199,8404305,0.47982269525527954
31320,1110199,68578,0.4794744551181793
31321,1110199,1272299,0.4794118404388428
31322,1110199,627293,0.4792931079864502
31323,1110199,1974191,0.4789907932281494
31324,1110199,4203810,0.47893935441970825
31325,1110199,5387206,0.4789140522480011
31326,1110199,4281179,0.47867393493652344
31327,1110199,3272910,0.47848308086395264
31328,1110199,2406690,0.4783123731613159
31329,1110199,398442,0.4780334234237671
31330,1110199,7160663,0.4778333902359009
31331,1110199,8679776,0.4777601957321167
31332,1110199,4203806,0.47775977849960327
31333,1110199,557955,0.4776102602481842
31334,1110199,1778452,0.4773373007774353
31335,1110199,5813886,0.4772861897945404
31336,1110199,3111201,0.4771636426448822
31337,1110199,6708825,0.47643882036209106
31338,1110199,5092395,0.4764139652252197
31339,1110199,5449360,0.4760478734970093
31340,1110199,3647394,0.47591474652290344
31341,1110199,1009244,0.47574013471603394
31342,1110199,239436,0.4756411612033844
31343,1110199,438754,0.4756202697753906
31344,1110199,167608,0.4755234122276306
31345,1110199,4258955,0.4752941429615021
31346,1110199,4027239,0.4748125672340393
31347,1110199,1295207,0.47411736845970154
31348,1110199,438753,0.4740065336227417
31349,1110199,2621291,0.47399455308914185
31350,1110199,3916622,0.4739680290222168
31351,1110199,4416960,0.47384801506996155
31352,1110199,7782986,0.4736156165599823
31353,1110199,6993901,0.47342681884765625
31354,1110199,7725501,0.47339221835136414
31355,1110199,8832064,0.4732879400253296
31356,1110199,5701619,0.4732545018196106
31357,1110199,4624024,0.47305288910865784
31358,1110199,5363513,0.47303062677383423
31359,1110199,199746,0.473006010055542
31360,1110199,5817752,0.47225767374038696
31361,1110199,100114,0.47175997495651245
31362,1110199,7760616,0.4717133343219757
31363,1110199,6784014,0.4716060161590576
31364,1110199,799425,0.47150230407714844
31365,1110199,5977551,0.47141313552856445
31366,1110199,2646213,0.47139400243759155
31367,1110199,905113,0.4713806211948395
31368,1110199,1047207,0.4711381196975708
31369,1110199,3460321,0.4708748161792755
31370,1110199,5115847,0.4707241952419281
31371,1110199,7839155,0.47069892287254333
31372,1110199,167603,0.47053635120391846
31373,1110199,2958765,0.470406711101532
31374,1110199,2792953,0.470378577709198
31375,1110199,7842397,0.47026485204696655
31376,1110199,5002811,0.4701685905456543
31377,1110199,302329,0.47008657455444336
31378,1110199,291161,0.4700249433517456
31379,1110199,4058838,0.46998631954193115
31380,1110199,3833770,0.46998631954193115
31381,1110199,3640238,0.4696175456047058
31382,1110199,5387210,0.46940848231315613
31383,1110199,2267311,0.46928414702415466
31384,1110199,1754208,0.4690433442592621
31385,1110199,5163803,0.4688357710838318
31386,1110199,5928377,0.4687676727771759
31387,1110199,6508888,0.46865296363830566
31388,1110199,2124236,0.46860945224761963
31389,1110199,5857922,0.468427449464798
31390,1110199,5099759,0.46840915083885193
31391,1110199,557958,0.46800893545150757
31392,1110199,6594549,0.46796807646751404
31393,1110199,438756,0.46794259548187256
31394,1110199,4980769,0.46759268641471863
31395,1110199,1276858,0.46758198738098145
31396,1110199,1324199,0.46732088923454285
31397,1110199,6684210,0.4672310948371887
31398,1110199,5092394,0.46718937158584595
31399,1110199,277148,0.4671725928783417
31400,1110199,627292,0.4670681953430176
31401,1110199,451158,0.46669644117355347
31402,1110199,2796197,0.4666793942451477
31403,1110199,2719156,0.46628183126449585
31404,1110199,5396611,0.4661865830421448
31405,1110199,468870,0.46607115864753723
31406,1110199,2649042,0.4660707116127014
31407,1110199,905117,0.4658185541629791
31408,1110199,239437,0.4655185043811798
31409,1110199,1974185,0.4654809832572937
31410,1110199,4464200,0.46530601382255554
31411,1110199,7834869,0.4652552604675293
31412,1110199,2316522,0.4652550220489502
31413,1110199,1778455,0.4651336073875427
31414,1110199,3873115,0.4649205207824707
31415,1110199,2267310,0.4646940231323242
31416,1110199,8388929,0.4642825126647949
31417,1110199,5910127,0.46426576375961304
31418,1110199,5002810,0.4637240469455719
31419,1110199,2094433,0.4637138247489929
31420,1110199,3356569,0.4633316099643707
31421,1110199,3036170,0.46326011419296265
31422,1110199,1184085,0.4631684422492981
31423,1110199,7992841,0.4630981385707855
31424,1110199,7297913,0.4628220200538635
31425,1110199,1890810,0.46268942952156067
31426,1110199,7964534,0.4626691937446594
31427,1110199,451157,0.46265873312950134
31428,1110199,1768185,0.4625624120235443
31429,1110199,7603853,0.46250349283218384
31430,1110199,3881487,0.46236884593963623
31431,1110199,8091124,0.462230384349823
31432,1110199,8779032,0.462199866771698
31433,1110199,3873117,0.461983859539032
31434,1110199,8766732,0.4619055390357971
31435,1110199,1890817,0.4617297649383545
31436,1110199,5811662,0.4615737199783325
31437,1110199,7725494,0.4614126980304718
31438,1110199,239443,0.4612312316894531
31439,1110199,4800733,0.46121495962142944
31440,1110199,102057,0.46075066924095154
31441,1110199,2301116,0.460469126701355
31442,1110199,1754204,0.4603998064994812
31443,1110199,4554371,0.46016690135002136
31444,1110199,1809281,0.4599997103214264
31445,1110199,921948,0.459359735250473
31446,1110199,921949,0.45913225412368774
31447,1110199,1809283,0.4589000642299652
31448,1110199,4398251,0.4588332176208496
31449,1110199,3168171,0.4587023854255676
31450,1110199,1093462,0.4585176706314087
31451,1110199,3168176,0.4582129120826721
31452,1110199,6002283,0.4582107365131378
31453,1110199,4416963,0.4581708610057831
31454,1110199,1768178,0.4581621289253235
31455,1110199,7842392,0.45809829235076904
31456,1110199,6594553,0.45791035890579224
31457,1110199,5774519,0.4577423930168152
31458,1110199,5387209,0.45768463611602783
31459,1110199,7840255,0.4575193524360657
31460,1110199,438760,0.45739543437957764
31461,1110199,1961067,0.457279235124588
31462,1110199,2923636,0.45708712935447693
31463,1110199,534892,0.4570702612400055
31464,1110199,1961074,0.4567705988883972
31465,1110199,7808358,0.4567086398601532
31466,1110199,8269455,0.4566042423248291
31467,1110199,4464203,0.4563908576965332
31468,1110199,986924,0.45633262395858765
31469,1110199,5824926,0.45631593465805054
31470,1110199,1324195,0.4562571346759796
31471,1110199,3168172,0.4557998776435852
31472,1110199,5824927,0.45576444268226624
31473,1110199,4645261,0.4555407762527466
31474,1110199,5671637,0.45530128479003906
31475,1110199,3036167,0.45529741048812866
31476,1110199,6799274,0.4552706778049469
31477,1110199,7298188,0.4552231431007385
31478,1110199,1603191,0.45498335361480713
31479,1110199,7520000,0.45495954155921936
31480,1110199,3881486,0.4549572169780731
31481,1110199,3168168,0.4548197388648987
31482,1110199,830201,0.4547768533229828
31483,1110199,1708172,0.45477235317230225
31484,1110199,2657992,0.45465797185897827
31485,1110199,3098422,0.454575777053833
31486,1110199,3544964,0.45453590154647827
31487,1110199,4302123,0.45446348190307617
31488,1110199,1799073,0.45441028475761414
31489,1110199,3272911,0.45425552129745483
31490,1110199,2124233,0.4541337490081787
31491,1110199,8679771,0.45402804017066956
31492,1110199,4218460,0.4539695978164673
31493,1110199,7813054,0.45382165908813477
31494,1110199,2656494,0.45371487736701965
31495,1110199,1272297,0.4537027180194855
31496,1110199,2656492,0.4536780118942261
31497,1110199,1426937,0.4536290764808655
31498,1110199,6295935,0.4535696506500244
31499,1110199,5707316,0.4534299671649933
31500,1110199,2379864,0.4532666504383087
31501,1110199,5115845,0.4532473683357239
31502,1110199,3664795,0.45272472500801086
31503,1110199,8402984,0.45272141695022583
31504,1110199,4416964,0.4525585174560547
31505,1110199,1957394,0.45253056287765503
31506,1110199,2563389,0.4524231553077698
31507,1110199,712233,0.45224636793136597
31508,1110199,8353480,0.452190637588501
31509,1110199,7715164,0.4521072804927826
31510,1110199,7632659,0.4520600736141205
31511,1110199,6489317,0.45191776752471924
31512,1110199,1079809,0.4519062042236328
31513,1110199,4027232,0.45176446437835693
31514,1110199,8431514,0.45158612728118896
31515,1110199,6015625,0.45156413316726685
31516,1110199,2955945,0.4514620900154114
31517,1110199,8160526,0.4510340988636017
31518,1110199,4364745,0.4510301947593689
31519,1110199,5002818,0.4509248733520508
31520,1110199,8402976,0.45091378688812256
31521,1110199,5002816,0.45067864656448364
31522,1110199,4558061,0.450539767742157
31523,1110199,2301111,0.4504701495170593
31524,1110199,8003348,0.45023971796035767
31525,1110199,7631458,0.4500858187675476
31526,1110199,3910399,0.45004725456237793
31527,1110199,2594143,0.4499356150627136
31528,1110199,2361277,0.4496957063674927
31529,1110199,3803150,0.4496556520462036
31530,1110199,6111340,0.44965121150016785
31531,1110199,863990,0.44962960481643677
31532,1110199,1799079,0.4494994282722473
31533,1110199,8363276,0.4494882822036743
31534,1110199,7282594,0.4491463005542755
31535,1110199,7504068,0.4491194784641266
31536,1110199,3428547,0.44907569885253906
31537,1110199,627296,0.4488489627838135
31538,1110199,3223171,0.4485365152359009
31539,1110199,6508889,0.44843417406082153
31540,1110199,4935703,0.4483124017715454
31541,1110199,8160523,0.44804853200912476
31542,1110199,4624940,0.4480189085006714
31543,1110199,2925197,0.4479784071445465
31544,1110199,8829358,0.4479302763938904
31545,1110199,3588619,0.4478883147239685
31546,1110199,2796202,0.447886198759079
31547,1110199,6478163,0.4477388858795166
31548,1110199,4325337,0.44766831398010254
31549,1110199,3881485,0.44759881496429443
31550,1110199,3973466,0.4475386142730713
31551,1110199,7840256,0.44738680124282837
31552,1110199,1176159,0.44731807708740234
31553,1110199,7832980,0.4472905993461609
31554,1110199,4991980,0.4472268521785736
31555,1110199,7179533,0.4470294117927551
31556,1110199,8402982,0.44696974754333496
31557,1110199,1272302,0.4469509720802307
31558,1110199,2355745,0.44674432277679443
31559,1110199,5323805,0.4467082619667053
31560,1110199,6295941,0.44666188955307007
31561,1110199,2148323,0.44656580686569214
31562,1110199,1666612,0.4465600848197937
31563,1110199,3864638,0.44653719663619995
31564,1110199,8392265,0.44647225737571716
31565,1110199,2347593,0.4464295506477356
31566,1110199,7297911,0.4462850093841553
31567,1110199,2924787,0.44624489545822144
31568,1110199,4562923,0.4461978077888489
31569,1110199,5092457,0.4461135268211365
31570,1110199,5092397,0.44590815901756287
31571,1110199,8091127,0.44586002826690674
31572,1110199,2379859,0.44559746980667114
31573,1110199,633067,0.4453510046005249
31574,1110199,2094441,0.4450013041496277
31575,1110199,5172476,0.4449501037597656
31576,1110199,2316518,0.4448666572570801
31577,1110199,204794,0.44485679268836975
31578,1110199,4887242,0.44482308626174927
31579,1110199,3797938,0.4448014497756958
31580,1110199,3332656,0.4446337819099426
31581,1110199,6493052,0.44454675912857056
31582,1110199,2384031,0.4443385899066925
31583,1110199,5002813,0.4442225694656372
31584,1110199,4464201,0.44420483708381653
31585,1110199,5688105,0.4441940486431122
31586,1110199,5067539,0.4441131353378296
31587,1110199,1861597,0.4440908432006836
31588,1110199,2916243,0.4440513849258423
31589,1110199,8722070,0.443814218044281
31590,1110199,5163805,0.4437856674194336
31591,1110199,3111206,0.4437483549118042
31592,1110199,3607476,0.4436979293823242
31593,1110199,2263391,0.44366535544395447
31594,1110199,330470,0.44359952211380005
31595,1110199,5671644,0.4433777928352356
31596,1110199,5003685,0.442879319190979
31597,1110199,5495456,0.4427154064178467
31598,1110199,4860514,0.44253939390182495
31599,1110199,6967234,0.44251570105552673
31600,1110199,2259892,0.44244253635406494
31601,1110199,8747523,0.44243720173835754
31602,1110199,1778447,0.4421554207801819
31603,1110199,4624944,0.4420245289802551
31604,1110199,2567526,0.4419901371002197
31605,1110199,1047213,0.4418899416923523
31606,1110199,7839150,0.4416087865829468
31607,1110199,2813599,0.4414796233177185
31608,1110199,5824928,0.4414399266242981
31609,1110199,3607480,0.44143611192703247
31610,1110199,4680533,0.4413434863090515
31611,1110199,4674432,0.4413332939147949
31612,1110199,890688,0.4413072466850281
31613,1110199,2210826,0.44112199544906616
31614,1110199,4281185,0.44101524353027344
31615,1110199,4125963,0.4409347176551819
31616,1110199,1205858,0.44084760546684265
31617,1110199,6478161,0.4407169818878174
31618,1110199,68145,0.440702348947525
31619,1110199,935864,0.4404447376728058
31620,1110199,860885,0.44029292464256287
31621,1110199,7221485,0.4402533769607544
31622,1110199,2923637,0.4401201009750366
31623,1110199,6295934,0.44001832604408264
31624,1110199,633066,0.4399551749229431
31625,1110199,5039107,0.4398351311683655
31626,1110199,2866663,0.43958115577697754
31627,1110199,438751,0.4395630955696106
31628,1110199,7683696,0.4394116997718811
31629,1110199,745891,0.43930745124816895
31630,1110199,6100167,0.43903106451034546
31631,1110199,1093458,0.4388958811759949
31632,1110199,7061507,0.4388934373855591
31633,1110199,2923635,0.43869781494140625
31634,1110199,3299753,0.4385662376880646
31635,1110199,6744750,0.43851137161254883
31636,1110199,3492759,0.4384801387786865
31637,1110199,6196794,0.43818527460098267
31638,1110199,958925,0.4381638765335083
31639,1110199,3670091,0.4381358027458191
31640,1110199,3515656,0.4381076693534851
31641,1110199,8388934,0.4378775358200073
31642,1110199,4461485,0.437852144241333
31643,1110199,5080566,0.4378373324871063
31644,1110199,1604405,0.43779122829437256
31645,1110199,3640234,0.43768805265426636
31646,1110199,5360063,0.43768638372421265
31647,1110199,1650087,0.4376680850982666
31648,1110199,2267308,0.43766218423843384
31649,1110199,6267665,0.4375550448894501
31650,1110199,7756963,0.43746981024742126
31651,1110199,403229,0.43745937943458557
31652,1110199,2649038,0.4373723864555359
31653,1110199,449592,0.43730831146240234
31654,1110199,2555192,0.43726399540901184
31655,1110199,441459,0.43716683983802795
31656,1110199,3873118,0.4370366334915161
31657,1110199,6734087,0.4370191693305969
31658,1110199,3910398,0.4368783235549927
31659,1110199,4558062,0.4367733597755432
31660,1110199,4168883,0.43677228689193726
31661,1110199,2252227,0.43672454357147217
31662,1110199,2685507,0.4366829991340637
31663,1110199,2436308,0.4366418123245239
31664,1110199,2890883,0.43627896904945374
31665,1110199,3797940,0.4361230134963989
31666,1110199,4928802,0.43600934743881226
31667,1110199,6572572,0.4358557462692261
31668,1110199,4408534,0.43531420826911926
31669,1110199,8316672,0.4352300465106964
31670,1110199,2657985,0.4350006580352783
31671,1110199,7430893,0.43497416377067566
31672,1110199,8091130,0.43494248390197754
31673,1110199,4360544,0.43485915660858154
31674,1110199,2444359,0.43474605679512024
31675,1110199,3238113,0.4346771836280823
31676,1110199,4887656,0.43461447954177856
31677,1110199,4987671,0.4345223903656006
31678,1110199,8654959,0.43406781554222107
31679,1110199,7221483,0.4340655207633972
31680,1110199,4281178,0.43405231833457947
31681,1110199,2322828,0.4339187443256378
31682,1110199,3049456,0.43382352590560913
31683,1110199,3372261,0.4337933659553528
31684,1110199,2854613,0.43375587463378906
31685,1110199,3324446,0.43373847007751465
31686,1110199,4750468,0.4336683750152588
31687,1110199,4125968,0.433643639087677
31688,1110199,176996,0.43354907631874084
31689,1110199,1280688,0.4334886372089386
31690,1110199,7303184,0.4333598017692566
31691,1110199,2657984,0.43330085277557373
31692,1110199,5739239,0.4331457316875458
31693,1110199,4081427,0.43310481309890747
31694,1110199,7300777,0.432992160320282
31695,1110199,5485,0.43298840522766113
31696,1110199,4562921,0.4329872131347656
31697,1110199,7085484,0.43297404050827026
31698,1110199,3107787,0.432969868183136
31699,1110199,3049462,0.4329637885093689
31700,1110199,3679538,0.43295925855636597
31701,1110199,5951884,0.43288618326187134
31702,1110199,2649039,0.4328852891921997
31703,1110199,7365542,0.4328122138977051
31704,1110199,1129021,0.43268391489982605
31705,1110199,7064845,0.432637482881546
31706,1110199,1754205,0.43248221278190613
31707,1110199,4595906,0.43245071172714233
31708,1110199,4457898,0.4324032664299011
31709,1110199,6374881,0.4323909282684326
31710,1110199,6109138,0.4322865605354309
31711,1110199,4771347,0.43218597769737244
31712,1110199,8080227,0.43207597732543945
31713,1110199,5173584,0.43202415108680725
31714,1110199,1068719,0.4319716691970825
31715,1110199,885240,0.43177974224090576
31716,1110199,5013656,0.43177640438079834
31717,1110199,377850,0.43163758516311646
31718,1110199,3412916,0.43134501576423645
31719,1110199,5253504,0.431342214345932
31720,1110199,3545406,0.43133530020713806
31721,1110199,2987152,0.43132323026657104
31722,1110199,7628028,0.43129485845565796
31723,1110199,7328405,0.431165874004364
31724,1110199,7328408,0.43113869428634644
31725,1110199,6835533,0.43110013008117676
31726,1110199,3609849,0.431027352809906
31727,1110199,2137424,0.4308440387248993
31728,1110199,618112,0.4308171272277832
31729,1110199,2132650,0.43066146969795227
31730,1110199,6594551,0.4306139647960663
31731,1110199,7300782,0.4304471015930176
31732,1110199,1712501,0.4303843080997467
31733,1110199,4464202,0.43024927377700806
31734,1110199,8625340,0.4299381673336029
31735,1110199,2894718,0.4299152195453644
31736,1110199,4203807,0.4299010634422302
31737,1110199,1110055,0.4298560619354248
31738,1110199,2796199,0.4297538995742798
31739,1110199,1327090,0.42973873019218445
31740,1110199,4258948,0.42966026067733765
31741,1110199,127603,0.4296150207519531
31742,1110199,7552081,0.42950886487960815
31743,1110199,3230847,0.42942774295806885
31744,1110199,5961577,0.4293564260005951
31745,1110199,7782987,0.4293534755706787
31746,1110199,5169451,0.4291994571685791
31747,1110199,6228295,0.428957998752594
31748,1110199,1302146,0.42879176139831543
31749,1110199,5957295,0.42876142263412476
31750,1110199,6537222,0.428745299577713
31751,1110199,1285251,0.42862048745155334
31752,1110199,381287,0.4286101460456848
31753,1110199,7038434,0.4285265803337097
31754,1110199,3972098,0.42851465940475464
31755,1110199,6387828,0.4282626509666443
31756,1110199,3897831,0.42802006006240845
31757,1110199,6095085,0.42792361974716187
31758,1110199,7179532,0.4278480112552643
31759,1110199,3356565,0.4277670681476593
31760,1110199,3320531,0.42769357562065125
31761,1110199,3324444,0.4276765286922455
31762,1110199,3838641,0.4275980591773987
31763,1110199,300531,0.4275946319103241
31764,1110199,2796201,0.4275757074356079
31765,1110199,1271043,0.42751339077949524
31766,1110199,8363281,0.427513062953949
31767,1110199,8655785,0.42746907472610474
31768,1110199,1127589,0.4274313747882843
31769,1110199,1799074,0.4273528754711151
31770,1110199,6697304,0.42732638120651245
31771,1110199,8074961,0.427323579788208
31772,1110199,3982573,0.42730987071990967
31773,1110199,4078663,0.42727959156036377
31774,1110199,705688,0.42720964550971985
31775,1110199,6463353,0.427040159702301
31776,1110199,4708638,0.4270191192626953
31777,1110199,2854612,0.4269186854362488
31778,1110199,7179530,0.4268379211425781
31779,1110199,1833344,0.42672479152679443
31780,1110199,7241173,0.42670512199401855
31781,1110199,84891,0.4266815781593323
31782,1110199,1079807,0.42666304111480713
31783,1110199,7101191,0.42637765407562256
31784,1110199,1036165,0.4261617064476013
31785,1110199,5549061,0.4260736107826233
31786,1110199,1165830,0.4259774684906006
31787,1110199,7178908,0.42589977383613586
31788,1110199,4107781,0.4258975684642792
31789,1110199,3679540,0.42584025859832764
31790,1110199,8160525,0.4257934093475342
31791,1110199,1957391,0.4257920980453491
31792,1110199,1454023,0.4257693290710449
31793,1110199,4991979,0.4256517291069031
31794,1110199,3324441,0.4255613088607788
31795,1110199,6095087,0.4253522455692291
31796,1110199,8610061,0.42531120777130127
31797,1110199,1974183,0.42531120777130127
31798,1110199,3238117,0.425310343503952
31799,1110199,7725497,0.42530643939971924
31800,1110199,4408528,0.42526674270629883
31801,1110199,7221366,0.42520880699157715
31802,1110199,2800057,0.425182044506073
31803,1110199,8136555,0.42516058683395386
31804,1110199,6537226,0.4251537024974823
31805,1110199,3123132,0.42514145374298096
31806,1110199,1622898,0.4251236915588379
31807,1110199,6819657,0.4251161217689514
31808,1110199,1319487,0.42501479387283325
31809,1110199,3679535,0.424919068813324
31810,1110199,1047212,0.4248560070991516
31811,1110199,974165,0.42484545707702637
31812,1110199,2943949,0.42471176385879517
31813,1110199,3211836,0.4246447682380676
31814,1110199,5155584,0.42449748516082764
31815,1110199,8097107,0.42446276545524597
31816,1110199,7631463,0.42442792654037476
31817,1110199,2051770,0.42435985803604126
31818,1110199,4081426,0.42428451776504517
31819,1110199,2476665,0.4242844581604004
31820,1110199,3579221,0.42427563667297363
31821,1110199,5505364,0.42424845695495605
31822,1110199,5688101,0.4242042899131775
31823,1110199,3519477,0.4241222143173218
31824,1110199,2316519,0.42411893606185913
31825,1110199,5512982,0.4240366220474243
31826,1110199,6850157,0.4240216910839081
31827,1110199,8431511,0.4238108694553375
31828,1110199,6584877,0.4235018193721771
31829,1110199,7109009,0.4234734773635864
31830,1110199,7675093,0.4233638346195221
31831,1110199,3590729,0.42322665452957153
31832,1110199,1123097,0.4231666326522827
31833,1110199,6463349,0.4231454133987427
31834,1110199,3036172,0.4230707883834839
31835,1110199,5802676,0.4230000078678131
31836,1110199,4067985,0.42297592759132385
31837,1110199,8074964,0.42285943031311035
31838,1110199,6605164,0.4227792024612427
31839,1110199,362181,0.4227605164051056
31840,1110199,1144868,0.42275747656822205
31841,1110199,2316526,0.42274409532546997
31842,1110199,2772279,0.42274224758148193
31843,1110199,885239,0.4227263331413269
31844,1110199,1650090,0.4227144718170166
31845,1110199,3881492,0.42269545793533325
31846,1110199,5719160,0.4226222634315491
31847,1110199,4139188,0.42252659797668457
31848,1110199,6141226,0.42251408100128174
31849,1110199,4188722,0.42250367999076843
31850,1110199,4311893,0.4224199056625366
31851,1110199,6901633,0.42241114377975464
31852,1110199,5806541,0.42235493659973145
31853,1110199,4384832,0.4222676753997803
31854,1110199,7889372,0.4222617745399475
31855,1110199,8325777,0.4222511053085327
31856,1110199,6095089,0.42217153310775757
31857,1110199,3838640,0.42212510108947754
31858,1110199,4816400,0.4220561385154724
31859,1110199,633063,0.4219638705253601
31860,1110199,6015652,0.42191243171691895
31861,1110199,8222589,0.4218011200428009
31862,1110199,5115850,0.42178744077682495
31863,1110199,1047206,0.421709269285202
31864,1110199,6091004,0.4216417372226715
31865,1110199,167599,0.42164015769958496
31866,1110199,7162986,0.4216042160987854
31867,1110199,7973229,0.4214933514595032
31868,1110199,204796,0.4214783310890198
31869,1110199,1272296,0.4214537739753723
31870,1110199,2772282,0.4214448034763336
31871,1110199,1507318,0.4214429259300232
31872,1110199,5105295,0.42133599519729614
31873,1110199,7344199,0.42121195793151855
31874,1110199,1036169,0.42116767168045044
31875,1110199,5671636,0.4211328327655792
31876,1110199,3123136,0.4210648834705353
31877,1110199,4828129,0.4210382103919983
31878,1110199,3873116,0.42101508378982544
31879,1110199,3515652,0.42098113894462585
31880,1110199,2263393,0.4209691882133484
31881,1110199,5002815,0.4209439754486084
31882,1110199,1123092,0.42094266414642334
31883,1110199,3168173,0.42086541652679443
31884,1110199,5402706,0.42084214091300964
31885,1110199,3664798,0.42082589864730835
31886,1110199,2826081,0.4208061099052429
31887,1110199,2792957,0.4207773506641388
31888,1110199,5735308,0.42067164182662964
31889,1110199,8219214,0.42062389850616455
31890,1110199,8741356,0.4205683469772339
31891,1110199,1426939,0.4204193949699402
31892,1110199,2418833,0.4203614592552185
31893,1110199,7393217,0.420360267162323
31894,1110199,5701622,0.4203190803527832
31895,1110199,5171615,0.4202929735183716
31896,1110199,4655421,0.4201962947845459
31897,1110199,1888157,0.42011967301368713
31898,1110199,5656310,0.42010799050331116
31899,1110199,4360551,0.4200783967971802
31900,1110199,2406685,0.42004719376564026
31901,1110199,4668101,0.4200381338596344
31902,1110199,2958771,0.4199971556663513
31903,1110199,3492757,0.4199542999267578
31904,1110199,5162492,0.419738233089447
31905,1110199,5060485,0.41971445083618164
31906,1110199,46427,0.41966474056243896
31907,1110199,427802,0.41965317726135254
31908,1110199,1356558,0.4194895625114441
31909,1110199,8074958,0.41942518949508667
31910,1110199,1272301,0.41941148042678833
31911,1110199,2796200,0.41938239336013794
31912,1110199,2792955,0.4192184805870056
31913,1110199,7410406,0.4192134439945221
31914,1110199,3544965,0.4192086458206177
31915,1110199,1684465,0.41917166113853455
31916,1110199,5491134,0.41898462176322937
31917,1110199,1413711,0.41897791624069214
31918,1110199,833326,0.4189189672470093
31919,1110199,5067537,0.4189184308052063
31920,1110199,7715167,0.41888588666915894
31921,1110199,1093457,0.4188708961009979
31922,1110199,8488403,0.4188575744628906
31923,1110199,6295936,0.41884005069732666
31924,1110199,5281032,0.4188317656517029
31925,1110199,425990,0.4188101589679718
31926,1110199,1282058,0.4188064932823181
31927,1110199,1016777,0.4187583923339844
31928,1110199,2824743,0.41869276762008667
31929,1110199,1643092,0.4186440110206604
31930,1110199,3471551,0.4186333119869232
31931,1110199,3538974,0.41850829124450684
31932,1110199,3045588,0.4184268116950989
31933,1110199,5172691,0.41839611530303955
31934,1110199,927235,0.4183850586414337
31935,1110199,7082134,0.4183662533760071
31936,1110199,4575874,0.4182404577732086
31937,1110199,291165,0.41818705201148987
31938,1110199,1684471,0.41818171739578247
31939,1110199,3955246,0.4180436134338379
31940,1110199,438758,0.4179622232913971
31941,1110199,302331,0.4179239273071289
31942,1110199,3324445,0.4178929328918457
31943,1110199,2655847,0.41784828901290894
31944,1110199,291167,0.4177883267402649
31945,1110199,7141356,0.41778266429901123
31946,1110199,7061503,0.4177680015563965
31947,1110199,2772196,0.4177253246307373
31948,1110199,5171612,0.41768527030944824
31949,1110199,1454025,0.41766583919525146
31950,1110199,1675770,0.41763532161712646
31951,1110199,1071362,0.417611300945282
31952,1110199,3587311,0.41758787631988525
31953,1110199,7637132,0.41757485270500183
31954,1110199,557961,0.4173682630062103
31955,1110199,308056,0.41733941435813904
31956,1110199,6629286,0.4172823429107666
31957,1110199,6665317,0.41715818643569946
31958,1110199,1753077,0.4168507754802704
31959,1110199,2649035,0.4168206453323364
31960,1110199,3491354,0.4167715907096863
31961,1110199,746697,0.4167666733264923
31962,1110199,5619351,0.41667723655700684
31963,1110199,1603185,0.41667187213897705
31964,1110199,8255572,0.41662487387657166
31965,1110199,1240453,0.4165430963039398
31966,1110199,3942175,0.4165021479129791
31967,1110199,1555239,0.4164440333843231
31968,1110199,4360550,0.41623878479003906
31969,1110199,1295214,0.41621777415275574
31970,1110199,5928376,0.41618964076042175
31971,1110199,4077416,0.4160233736038208
31972,1110199,6056781,0.41599729657173157
31973,1110199,7221482,0.4158936142921448
31974,1110199,2594351,0.4158720374107361
31975,1110199,4021788,0.4158634841442108
31976,1110199,6392467,0.4157239496707916
31977,1110199,2000201,0.41567420959472656
31978,1110199,1068720,0.4156728982925415
31979,1110199,5998156,0.4156561493873596
31980,1110199,5957297,0.4154932498931885
31981,1110199,3272266,0.41537797451019287
31982,1110199,3664802,0.41537195444107056
31983,1110199,5905626,0.4152725040912628
31984,1110199,7651294,0.4152725040912628
31985,1110199,167604,0.4152703881263733
31986,1110199,4178567,0.4152565002441406
31987,1110199,1764934,0.41522279381752014
31988,1110199,5427361,0.4151972234249115
31989,1110199,4624023,0.4151122570037842
31990,1110199,1824954,0.41510382294654846
31991,1110199,4831746,0.4150610566139221
31992,1110199,1644707,0.41499820351600647
31993,1110199,1009243,0.41491565108299255
31994,1110199,6169293,0.41483351588249207
31995,1110199,5163808,0.41473209857940674
31996,1110199,291166,0.41463416814804077
31997,1110199,2158417,0.41461384296417236
31998,1110199,6713500,0.41459453105926514
31999,1110199,2379863,0.41457682847976685
32000,1112341,8139257,0.6257836818695068
32001,1112341,8606160,0.5717499852180481
32002,1112341,6478665,0.5716631412506104
32003,1112341,6311801,0.5160154104232788
32004,1112341,2694636,0.5157284736633301
32005,1112341,550571,0.5113478899002075
32006,1112341,8139256,0.5081660747528076
32007,1112341,8139255,0.5061157941818237
32008,1112341,6726344,0.4983556866645813
32009,1112341,5043407,0.49545371532440186
32010,1112341,3352255,0.489656925201416
32011,1112341,6311799,0.4865279793739319
32012,1112341,8606161,0.4837139844894409
32013,1112341,3922197,0.48264744877815247
32014,1112341,6726340,0.4824894964694977
32015,1112341,7708623,0.4808434247970581
32016,1112341,1278183,0.47614070773124695
32017,1112341,6726337,0.47484058141708374
32018,1112341,8326587,0.47116607427597046
32019,1112341,8442178,0.46841561794281006
32020,1112341,3291145,0.4668045938014984
32021,1112341,4704992,0.4662109613418579
32022,1112341,6342847,0.4659777283668518
32023,1112341,8442174,0.46578139066696167
32024,1112341,7615752,0.4654666781425476
32025,1112341,6726346,0.4643356204032898
32026,1112341,2173822,0.4634582996368408
32027,1112341,8134792,0.4607279300689697
32028,1112341,3252208,0.45891833305358887
32029,1112341,8139258,0.4588391184806824
32030,1112341,5124578,0.45804136991500854
32031,1112341,2694635,0.45757701992988586
32032,1112341,4977768,0.4564119577407837
32033,1112341,3734065,0.455100953578949
32034,1112341,6313709,0.45411843061447144
32035,1112341,8100082,0.45395907759666443
32036,1112341,4595995,0.4529842734336853
32037,1112341,2173819,0.4523744583129883
32038,1112341,8442180,0.45226386189460754
32039,1112341,6579872,0.45221948623657227
32040,1112341,6873574,0.45163416862487793
32041,1112341,6311795,0.4515528678894043
32042,1112341,6679529,0.45089247822761536
32043,1112341,336903,0.4502354562282562
32044,1112341,2637778,0.4498251676559448
32045,1112341,5714892,0.4490821063518524
32046,1112341,2887743,0.44861581921577454
32047,1112341,5043405,0.44791680574417114
32048,1112341,8139253,0.44774046540260315
32049,1112341,4107136,0.4474799633026123
32050,1112341,1373648,0.4473421275615692
32051,1112341,336902,0.4425634741783142
32052,1112341,6478666,0.44244277477264404
32053,1112341,5882064,0.44226548075675964
32054,1112341,3041133,0.4418579638004303
32055,1112341,2596431,0.44083625078201294
32056,1112341,4935459,0.4402187466621399
32057,1112341,917582,0.44011417031288147
32058,1112341,1147131,0.44001761078834534
32059,1112341,3273665,0.43978703022003174
32060,1112341,1724938,0.43968868255615234
32061,1112341,3291151,0.43965229392051697
32062,1112341,2717376,0.43950945138931274
32063,1112341,7079776,0.43924060463905334
32064,1112341,3519877,0.4387548565864563
32065,1112341,6478661,0.43852370977401733
32066,1112341,4595993,0.43838536739349365
32067,1112341,3795896,0.4376206696033478
32068,1112341,8788738,0.43738263845443726
32069,1112341,2096429,0.4373410642147064
32070,1112341,2694632,0.4370313286781311
32071,1112341,7740008,0.4369388818740845
32072,1112341,90432,0.4359572231769562
32073,1112341,6681385,0.4358772039413452
32074,1112341,967184,0.43533259630203247
32075,1112341,355117,0.4350458085536957
32076,1112341,2386656,0.4346809983253479
32077,1112341,5593050,0.4339761734008789
32078,1112341,7516471,0.43373581767082214
32079,1112341,3795887,0.43366706371307373
32080,1112341,211821,0.43268996477127075
32081,1112341,5693850,0.4319547414779663
32082,1112341,7357820,0.43091511726379395
32083,1112341,4416075,0.4307546317577362
32084,1112341,6459590,0.43059873580932617
32085,1112341,2596432,0.4305928349494934
32086,1112341,1288918,0.42943280935287476
32087,1112341,7880074,0.4277401864528656
32088,1112341,6369732,0.4276764988899231
32089,1112341,4022849,0.4276014566421509
32090,1112341,5043413,0.4271453619003296
32091,1112341,2096424,0.4267880320549011
32092,1112341,2735219,0.4263775944709778
32093,1112341,1261408,0.42558735609054565
32094,1112341,7242806,0.42544859647750854
32095,1112341,2694631,0.42518627643585205
32096,1112341,7242813,0.42381370067596436
32097,1112341,3947600,0.42331546545028687
32098,1112341,4561900,0.4228343367576599
32099,1112341,579687,0.42254775762557983
32100,1112341,3192840,0.4224945902824402
32101,1112341,4450754,0.4213443994522095
32102,1112341,478771,0.4207940399646759
32103,1112341,7531737,0.4207283854484558
32104,1112341,2873450,0.4206855893135071
32105,1112341,6903063,0.4201633334159851
32106,1112341,6009236,0.4200078248977661
32107,1112341,7292735,0.41973161697387695
32108,1112341,2830428,0.41971755027770996
32109,1112341,4867303,0.4190179705619812
32110,1112341,3947598,0.41833096742630005
32111,1112341,8441855,0.4176209270954132
32112,1112341,6681384,0.4171276092529297
32113,1112341,4390804,0.41667404770851135
32114,1112341,5701293,0.4166393578052521
32115,1112341,508023,0.4160669445991516
32116,1112341,2750256,0.41578489542007446
32117,1112341,3990993,0.41553324460983276
32118,1112341,3274664,0.41532546281814575
32119,1112341,1174734,0.4151321053504944
32120,1112341,4413846,0.4151148498058319
32121,1112341,8134796,0.41475099325180054
32122,1112341,6856839,0.4145755469799042
32123,1112341,8326584,0.4136974811553955
32124,1112341,1422694,0.41336163878440857
32125,1112341,8442177,0.4130368232727051
32126,1112341,5043411,0.4119105935096741
32127,1112341,3291146,0.4115881323814392
32128,1112341,3070249,0.4113139808177948
32129,1112341,3512911,0.41094350814819336
32130,1112341,3352701,0.41087567806243896
32131,1112341,4240872,0.4106362462043762
32132,1112341,2428548,0.4104868769645691
32133,1112341,4833311,0.4103643298149109
32134,1112341,6681382,0.4098643362522125
32135,1112341,1312444,0.4093928039073944
32136,1112341,1228456,0.4090034067630768
32137,1112341,4022846,0.40877681970596313
32138,1112341,6509496,0.4087575078010559
32139,1112341,7669881,0.40849316120147705
32140,1112341,2096427,0.4083717167377472
32141,1112341,2173818,0.40771979093551636
32142,1112341,6400308,0.40763092041015625
32143,1112341,4390800,0.4074164032936096
32144,1112341,2655170,0.40710240602493286
32145,1112341,7793756,0.4068303108215332
32146,1112341,2735215,0.4059337377548218
32147,1112341,4561901,0.4058150053024292
32148,1112341,6164791,0.40574488043785095
32149,1112341,6571756,0.405737966299057
32150,1112341,478773,0.4056163430213928
32151,1112341,90433,0.4054906964302063
32152,1112341,7880070,0.4053806662559509
32153,1112341,7194374,0.4052019715309143
32154,1112341,4703755,0.40508291125297546
32155,1112341,1790031,0.4049680233001709
32156,1112341,3118339,0.404793918132782
32157,1112341,5693853,0.40468722581863403
32158,1112341,355118,0.4046020805835724
32159,1112341,7095795,0.4044620394706726
32160,1112341,139105,0.4044223427772522
32161,1112341,3985848,0.40436387062072754
32162,1112341,7880073,0.40430834889411926
32163,1112341,6369731,0.40408647060394287
32164,1112341,8139251,0.4039744734764099
32165,1112341,6477247,0.40369629859924316
32166,1112341,2616109,0.4036499261856079
32167,1112341,3334321,0.4034213423728943
32168,1112341,138814,0.4034186005592346
32169,1112341,6354843,0.4032829999923706
32170,1112341,6311798,0.4032762944698334
32171,1112341,4856234,0.4031899571418762
32172,1112341,400586,0.40317127108573914
32173,1112341,7447078,0.4028881788253784
32174,1112341,7492851,0.40258240699768066
32175,1112341,8353929,0.4023955464363098
32176,1112341,1087928,0.40174922347068787
32177,1112341,7740013,0.40156155824661255
32178,1112341,5984226,0.40142473578453064
32179,1112341,4833308,0.4011193513870239
32180,1112341,8624811,0.40056270360946655
32181,1112341,6571758,0.40033429861068726
32182,1112341,3011881,0.4002639651298523
32183,1112341,1248548,0.40004435181617737
32184,1112341,1087931,0.39998772740364075
32185,1112341,3853308,0.39992016553878784
32186,1112341,1413591,0.3996388018131256
32187,1112341,1523669,0.399422824382782
32188,1112341,7607468,0.3993251919746399
32189,1112341,2992613,0.3992592394351959
32190,1112341,3922194,0.39918604493141174
32191,1112341,1265543,0.3985420763492584
32192,1112341,6039052,0.39814311265945435
32193,1112341,1450347,0.39790743589401245
32194,1112341,3701695,0.3971948027610779
32195,1112341,7194370,0.3968116343021393
32196,1112341,7194371,0.39667922258377075
32197,1112341,8469309,0.39636507630348206
32198,1112341,2095998,0.39632534980773926
32199,1112341,8544021,0.39630424976348877
32200,1112341,4263740,0.39627596735954285
32201,1112341,7625066,0.3961864411830902
32202,1112341,5726903,0.39615315198898315
32203,1112341,1147129,0.39585673809051514
32204,1112341,8651336,0.3957548439502716
32205,1112341,4462739,0.39555466175079346
32206,1112341,1491777,0.3954647183418274
32207,1112341,2311619,0.39525240659713745
32208,1112341,3059677,0.3950332999229431
32209,1112341,6564217,0.3950008451938629
32210,1112341,1924750,0.39496299624443054
32211,1112341,7616913,0.394942969083786
32212,1112341,5748775,0.3948996365070343
32213,1112341,508024,0.39487338066101074
32214,1112341,3212133,0.3948655128479004
32215,1112341,7922432,0.39449191093444824
32216,1112341,6102033,0.3942244052886963
32217,1112341,3493341,0.39408013224601746
32218,1112341,5445633,0.39407914876937866
32219,1112341,6947370,0.3938305675983429
32220,1112341,7740534,0.3937181830406189
32221,1112341,508019,0.3935922384262085
32222,1112341,7194375,0.393009215593338
32223,1112341,7940298,0.39300763607025146
32224,1112341,4385342,0.3928450644016266
32225,1112341,5693855,0.39282238483428955
32226,1112341,1065348,0.39215749502182007
32227,1112341,1342809,0.39207249879837036
32228,1112341,273268,0.39170822501182556
32229,1112341,2209055,0.39150917530059814
32230,1112341,2219119,0.3914487659931183
32231,1112341,469823,0.3913305401802063
32232,1112341,5611698,0.3912009298801422
32233,1112341,4545380,0.39110034704208374
32234,1112341,4434408,0.3908168375492096
32235,1112341,6726341,0.3906329870223999
32236,1112341,6311800,0.3905929625034332
32237,1112341,5778780,0.3903742730617523
32238,1112341,2209049,0.38963016867637634
32239,1112341,6459594,0.3895833492279053
32240,1112341,6740556,0.38940584659576416
32241,1112341,273267,0.3893270194530487
32242,1112341,7023369,0.38929879665374756
32243,1112341,7357819,0.38924217224121094
32244,1112341,5491786,0.38919925689697266
32245,1112341,6357026,0.38891950249671936
32246,1112341,2759482,0.3888050615787506
32247,1112341,3021619,0.3887788653373718
32248,1112341,8316213,0.3886301815509796
32249,1112341,3118187,0.3886052370071411
32250,1112341,6478663,0.38784658908843994
32251,1112341,2896673,0.38780152797698975
32252,1112341,6736873,0.38779497146606445
32253,1112341,696233,0.3877739906311035
32254,1112341,8139249,0.38765156269073486
32255,1112341,8442176,0.3875415325164795
32256,1112341,3821491,0.38726577162742615
32257,1112341,2694630,0.3872334063053131
32258,1112341,263958,0.3868194818496704
32259,1112341,7023361,0.386769562959671
32260,1112341,7942017,0.38668394088745117
32261,1112341,5027921,0.38667914271354675
32262,1112341,4278408,0.38662123680114746
32263,1112341,7708629,0.3865572214126587
32264,1112341,4386707,0.38645052909851074
32265,1112341,5043409,0.386446088552475
32266,1112341,7616280,0.3863612413406372
32267,1112341,5155967,0.3863333463668823
32268,1112341,5740799,0.38579103350639343
32269,1112341,2555918,0.3856842517852783
32270,1112341,2428551,0.3854796290397644
32271,1112341,366010,0.3851717710494995
32272,1112341,7357818,0.38510704040527344
32273,1112341,3332373,0.3850625157356262
32274,1112341,4930591,0.385062038898468
32275,1112341,7023364,0.3850129246711731
32276,1112341,3895794,0.38472792506217957
32277,1112341,2735220,0.38461679220199585
32278,1112341,2446974,0.3846147656440735
32279,1112341,2076534,0.38450193405151367
32280,1112341,643239,0.38448989391326904
32281,1112341,5882071,0.38439425826072693
32282,1112341,2367580,0.3840736150741577
32283,1112341,4644719,0.3840734362602234
32284,1112341,4867304,0.383955717086792
32285,1112341,7708627,0.3838834762573242
32286,1112341,6478659,0.3838108777999878
32287,1112341,4190429,0.3836153745651245
32288,1112341,2717373,0.3833860754966736
32289,1112341,524254,0.38316434621810913
32290,1112341,2468298,0.38312095403671265
32291,1112341,2780681,0.383118599653244
32292,1112341,76493,0.3830849528312683
32293,1112341,7515744,0.38276243209838867
32294,1112341,4773706,0.3826715052127838
32295,1112341,1257168,0.38266146183013916
32296,1112341,6311797,0.38260921835899353
32297,1112341,2100473,0.3825620114803314
32298,1112341,6313701,0.3824523091316223
32299,1112341,3030492,0.3824452757835388
32300,1112341,2190759,0.3821142315864563
32301,1112341,4348286,0.3820022940635681
32302,1112341,7616910,0.38193652033805847
32303,1112341,1790035,0.3819141983985901
32304,1112341,4390797,0.38181284070014954
32305,1112341,680987,0.38148725032806396
32306,1112341,31844,0.3814573287963867
32307,1112341,2468292,0.3814414143562317
32308,1112341,7043197,0.3814014196395874
32309,1112341,4385339,0.3813765347003937
32310,1112341,8326581,0.3813762664794922
32311,1112341,1369482,0.38137054443359375
32312,1112341,53124,0.3812330961227417
32313,1112341,6477246,0.3811910152435303
32314,1112341,4196985,0.3811883330345154
32315,1112341,1120754,0.3811621069908142
32316,1112341,1079656,0.38116133213043213
32317,1112341,2694637,0.38112786412239075
32318,1112341,2100469,0.38087284564971924
32319,1112341,5613576,0.3808443546295166
32320,1112341,3607946,0.3808399438858032
32321,1112341,8555308,0.3806912302970886
32322,1112341,5042843,0.380540132522583
32323,1112341,478768,0.38028064370155334
32324,1112341,7708626,0.3799932897090912
32325,1112341,7868187,0.3799867630004883
32326,1112341,4928660,0.37924790382385254
32327,1112341,3667793,0.3792145848274231
32328,1112341,4689927,0.37914252281188965
32329,1112341,3790282,0.3784831464290619
32330,1112341,5289299,0.3783869743347168
32331,1112341,6478658,0.3782976269721985
32332,1112341,3584560,0.37821269035339355
32333,1112341,5906115,0.37802326679229736
32334,1112341,5144435,0.37787115573883057
32335,1112341,71411,0.3778320848941803
32336,1112341,3021626,0.37782615423202515
32337,1112341,1599381,0.3775406777858734
32338,1112341,1889861,0.3775051236152649
32339,1112341,1373651,0.37745457887649536
32340,1112341,2096428,0.377371221780777
32341,1112341,2231799,0.37727952003479004
32342,1112341,1790030,0.37703490257263184
32343,1112341,992852,0.3770335018634796
32344,1112341,4254336,0.3768508732318878
32345,1112341,3524227,0.37681373953819275
32346,1112341,1052464,0.3766903877258301
32347,1112341,400806,0.37658366560935974
32348,1112341,5918899,0.3764784336090088
32349,1112341,7038451,0.37643587589263916
32350,1112341,3815625,0.3764050006866455
32351,1112341,3598678,0.3763061463832855
32352,1112341,4405467,0.3762015104293823
32353,1112341,230189,0.37606361508369446
32354,1112341,83910,0.37602025270462036
32355,1112341,4400235,0.3759602904319763
32356,1112341,4867302,0.3759600520133972
32357,1112341,7048555,0.37585633993148804
32358,1112341,4254335,0.37585365772247314
32359,1112341,3890330,0.37573593854904175
32360,1112341,2700827,0.375603049993515
32361,1112341,6682488,0.3755805492401123
32362,1112341,4657620,0.3753223419189453
32363,1112341,5027913,0.37513458728790283
32364,1112341,5095519,0.37509316205978394
32365,1112341,5486795,0.3749327063560486
32366,1112341,6978209,0.37487083673477173
32367,1112341,6765913,0.3748256266117096
32368,1112341,508020,0.37480419874191284
32369,1112341,3116646,0.3746522068977356
32370,1112341,7531734,0.3745250999927521
32371,1112341,8783957,0.3743852972984314
32372,1112341,3080494,0.3741084039211273
32373,1112341,8343895,0.3740919828414917
32374,1112341,2095995,0.37399420142173767
32375,1112341,3057193,0.37386423349380493
32376,1112341,4166093,0.37367942929267883
32377,1112341,524247,0.3736342489719391
32378,1112341,8519876,0.3732258677482605
32379,1112341,4914557,0.37319108843803406
32380,1112341,2800407,0.3729802072048187
32381,1112341,1261409,0.37294548749923706
32382,1112341,5171418,0.3727291226387024
32383,1112341,2486248,0.3727063238620758
32384,1112341,2871083,0.3725610077381134
32385,1112341,5043408,0.3725507855415344
32386,1112341,4385340,0.37255024909973145
32387,1112341,724839,0.37250104546546936
32388,1112341,2771236,0.37243860960006714
32389,1112341,5925302,0.37239885330200195
32390,1112341,7779174,0.372205913066864
32391,1112341,3374428,0.37208127975463867
32392,1112341,1407045,0.3720441460609436
32393,1112341,3283745,0.3719272017478943
32394,1112341,6560295,0.3719046413898468
32395,1112341,7812451,0.37189197540283203
32396,1112341,3735521,0.3718630075454712
32397,1112341,1198252,0.37166309356689453
32398,1112341,6459596,0.3716009259223938
32399,1112341,3514902,0.37145543098449707
32400,1112341,8337125,0.37142229080200195
32401,1112341,1237555,0.3713567852973938
32402,1112341,7516469,0.37126025557518005
32403,1112341,3639234,0.3711906373500824
32404,1112341,7410244,0.37110111117362976
32405,1112341,1354966,0.3710730969905853
32406,1112341,3953577,0.3708828091621399
32407,1112341,3116644,0.37085336446762085
32408,1112341,5778775,0.37080833315849304
32409,1112341,6786998,0.3706831634044647
32410,1112341,7077185,0.37066444754600525
32411,1112341,7597745,0.3706185817718506
32412,1112341,701636,0.3705928325653076
32413,1112341,3953575,0.3705918788909912
32414,1112341,1147126,0.3705732822418213
32415,1112341,3734068,0.3705495595932007
32416,1112341,7383043,0.3705305755138397
32417,1112341,3618049,0.3705030679702759
32418,1112341,5479046,0.3703721761703491
32419,1112341,6616014,0.37031978368759155
32420,1112341,1354970,0.3702661991119385
32421,1112341,1404412,0.37009814381599426
32422,1112341,992850,0.3700903058052063
32423,1112341,5269300,0.37000519037246704
32424,1112341,6740558,0.3699198067188263
32425,1112341,2899966,0.3698825538158417
32426,1112341,6365835,0.36987996101379395
32427,1112341,7516473,0.3698635697364807
32428,1112341,424817,0.3696380853652954
32429,1112341,2002993,0.36955755949020386
32430,1112341,4400233,0.369466632604599
32431,1112341,7194366,0.36939355731010437
32432,1112341,5701295,0.36936622858047485
32433,1112341,8369175,0.3693557381629944
32434,1112341,7788538,0.36926496028900146
32435,1112341,5343804,0.369204044342041
32436,1112341,7225426,0.3689960241317749
32437,1112341,1051575,0.36882150173187256
32438,1112341,4741932,0.3688119053840637
32439,1112341,5826479,0.36872631311416626
32440,1112341,2406992,0.3686586916446686
32441,1112341,5465983,0.3686499297618866
32442,1112341,5959105,0.3686325252056122
32443,1112341,3301670,0.36859506368637085
32444,1112341,1120761,0.368566632270813
32445,1112341,4263736,0.3685036897659302
32446,1112341,4278404,0.3683491349220276
32447,1112341,2871081,0.36830753087997437
32448,1112341,3790280,0.3682224750518799
32449,1112341,115982,0.36798083782196045
32450,1112341,327199,0.36797937750816345
32451,1112341,8139252,0.36778393387794495
32452,1112341,7948432,0.36777085065841675
32453,1112341,4390805,0.36768805980682373
32454,1112341,7708631,0.3676599860191345
32455,1112341,4795433,0.3676213026046753
32456,1112341,2219120,0.36760276556015015
32457,1112341,273269,0.3673425316810608
32458,1112341,2155567,0.36719897389411926
32459,1112341,6583202,0.3671552538871765
32460,1112341,3234557,0.36711788177490234
32461,1112341,6313705,0.367099404335022
32462,1112341,4817251,0.36698758602142334
32463,1112341,3319447,0.36686134338378906
32464,1112341,3319449,0.36686134338378906
32465,1112341,5043412,0.366837739944458
32466,1112341,4833310,0.3668298125267029
32467,1112341,6947368,0.36681175231933594
32468,1112341,3035207,0.3668009340763092
32469,1112341,6313703,0.3667720556259155
32470,1112341,1257160,0.36676502227783203
32471,1112341,3662185,0.36666589975357056
32472,1112341,6004792,0.3666245937347412
32473,1112341,3352256,0.36653023958206177
32474,1112341,4644724,0.3664170801639557
32475,1112341,3366158,0.3664136230945587
32476,1112341,400578,0.3663725256919861
32477,1112341,1228460,0.36631906032562256
32478,1112341,2650359,0.3662550747394562
32479,1112341,7224054,0.36599382758140564
32480,1112341,3055881,0.36583733558654785
32481,1112341,1021944,0.36581945419311523
32482,1112341,2759484,0.3657470941543579
32483,1112341,5232401,0.36573660373687744
32484,1112341,7357822,0.36568519473075867
32485,1112341,2835596,0.3656010031700134
32486,1112341,2095990,0.3654782176017761
32487,1112341,3522510,0.3654484152793884
32488,1112341,4385338,0.3653864860534668
32489,1112341,2735221,0.3653854727745056
32490,1112341,8239968,0.36537957191467285
32491,1112341,17157,0.36536920070648193
32492,1112341,2468299,0.36532941460609436
32493,1112341,8226007,0.36520469188690186
32494,1112341,31845,0.36511728167533875
32495,1112341,5540457,0.3649846315383911
32496,1112341,3552356,0.36497631669044495
32497,1112341,7597738,0.3649202585220337
32498,1112341,2995121,0.3648759126663208
32499,1112341,3246578,0.36478686332702637
32500,1112341,3421921,0.36469393968582153
32501,1112341,224124,0.36462467908859253
32502,1112341,7194372,0.36439478397369385
32503,1112341,5803787,0.36426788568496704
32504,1112341,8046206,0.3642287850379944
32505,1112341,1790034,0.36421865224838257
32506,1112341,5527624,0.3640056848526001
32507,1112341,1350782,0.36394840478897095
32508,1112341,5612043,0.3639404773712158
32509,1112341,5086140,0.36389994621276855
32510,1112341,8444706,0.3638497292995453
32511,1112341,5591652,0.3637877106666565
32512,1112341,6472987,0.3637785017490387
32513,1112341,52332,0.36372488737106323
32514,1112341,3212134,0.3636307716369629
32515,1112341,4412894,0.36362701654434204
32516,1112341,303353,0.36346951127052307
32517,1112341,8340468,0.36339619755744934
32518,1112341,4833309,0.3633834719657898
32519,1112341,7838440,0.3632933497428894
32520,1112341,1244811,0.363120973110199
32521,1112341,4644721,0.36297255754470825
32522,1112341,7827845,0.36288565397262573
32523,1112341,6691745,0.36281776428222656
32524,1112341,5117061,0.3627264201641083
32525,1112341,4689924,0.36263713240623474
32526,1112341,4580307,0.36222463846206665
32527,1112341,7051241,0.3621385991573334
32528,1112341,4927748,0.3621126413345337
32529,1112341,4203921,0.3620542287826538
32530,1112341,7661748,0.3620280623435974
32531,1112341,3667795,0.3619707524776459
32532,1112341,2026739,0.3619633913040161
32533,1112341,6472988,0.3618387281894684
32534,1112341,1778621,0.3618288040161133
32535,1112341,2026740,0.3618135452270508
32536,1112341,7224047,0.36178529262542725
32537,1112341,4715130,0.3617129325866699
32538,1112341,6891442,0.36166125535964966
32539,1112341,5790674,0.36158663034439087
32540,1112341,5133288,0.3614973723888397
32541,1112341,6571757,0.36142587661743164
32542,1112341,345581,0.36137574911117554
32543,1112341,1239323,0.36136960983276367
32544,1112341,8544118,0.3612637519836426
32545,1112341,544079,0.3612496256828308
32546,1112341,7301139,0.3611266314983368
32547,1112341,8298540,0.36106613278388977
32548,1112341,5425680,0.3609812259674072
32549,1112341,802703,0.36088645458221436
32550,1112341,7141459,0.3608635663986206
32551,1112341,7674326,0.360684335231781
32552,1112341,4759787,0.3606553375720978
32553,1112341,914688,0.36058109998703003
32554,1112341,2139898,0.3605697751045227
32555,1112341,2460286,0.36055153608322144
32556,1112341,3807437,0.3605215549468994
32557,1112341,3274671,0.36042284965515137
32558,1112341,8449826,0.36038175225257874
32559,1112341,407317,0.3602789640426636
32560,1112341,5043410,0.3602493107318878
32561,1112341,8109657,0.36015820503234863
32562,1112341,3678243,0.36014223098754883
32563,1112341,8134793,0.3601192533969879
32564,1112341,5871962,0.3600821793079376
32565,1112341,6345008,0.3600475490093231
32566,1112341,8538727,0.36002498865127563
32567,1112341,6617786,0.35999730229377747
32568,1112341,6818507,0.35994768142700195
32569,1112341,250900,0.35990482568740845
32570,1112341,758534,0.3598713278770447
32571,1112341,4906667,0.3594561815261841
32572,1112341,741936,0.3594522774219513
32573,1112341,1350781,0.3594382405281067
32574,1112341,4936261,0.35939866304397583
32575,1112341,629787,0.35939544439315796
32576,1112341,8441850,0.35938388109207153
32577,1112341,5284190,0.3593742251396179
32578,1112341,1017584,0.35936474800109863
32579,1112341,5038421,0.3593177795410156
32580,1112341,1161339,0.35912981629371643
32581,1112341,2002990,0.35912463068962097
32582,1112341,6012320,0.3591059148311615
32583,1112341,5946742,0.3590696454048157
32584,1112341,2270056,0.35902348160743713
32585,1112341,8585506,0.35895347595214844
32586,1112341,89326,0.35885727405548096
32587,1112341,359313,0.35873156785964966
32588,1112341,1971467,0.3586834669113159
32589,1112341,2626926,0.3586515784263611
32590,1112341,3273668,0.3586403727531433
32591,1112341,12826,0.35860544443130493
32592,1112341,3919090,0.3585578203201294
32593,1112341,2173825,0.3585532605648041
32594,1112341,303109,0.3585408329963684
32595,1112341,152577,0.3584972620010376
32596,1112341,3116645,0.35842037200927734
32597,1112341,2270060,0.35841500759124756
32598,1112341,3234558,0.3584054708480835
32599,1112341,6588794,0.3583816885948181
32600,1112341,6459592,0.35835710167884827
32601,1112341,3969774,0.3582058548927307
32602,1112341,1035061,0.35815757513046265
32603,1112341,2899964,0.3581332564353943
32604,1112341,8227778,0.3580862283706665
32605,1112341,8441852,0.35805585980415344
32606,1112341,667335,0.35803547501564026
32607,1112341,3515531,0.35801777243614197
32608,1112341,943110,0.3580065965652466
32609,1112341,5693857,0.3579937219619751
32610,1112341,1487782,0.35796549916267395
32611,1112341,3685150,0.35794907808303833
32612,1112341,4561896,0.3578067421913147
32613,1112341,4462743,0.3576548397541046
32614,1112341,4920472,0.3576396703720093
32615,1112341,3025458,0.3576226234436035
32616,1112341,8535296,0.35761046409606934
32617,1112341,8326585,0.3575931489467621
32618,1112341,5770198,0.3575812578201294
32619,1112341,3621564,0.3575586676597595
32620,1112341,8803171,0.35749536752700806
32621,1112341,6478662,0.3574467897415161
32622,1112341,2001931,0.3572571277618408
32623,1112341,3291150,0.3572339713573456
32624,1112341,7646302,0.3572015166282654
32625,1112341,5645576,0.3571454584598541
32626,1112341,3007119,0.35704660415649414
32627,1112341,5638610,0.35701215267181396
32628,1112341,7598335,0.3570096492767334
32629,1112341,355114,0.35695284605026245
32630,1112341,2495377,0.3568780720233917
32631,1112341,2281774,0.3568305969238281
32632,1112341,4806356,0.3568187355995178
32633,1112341,8835845,0.3567042946815491
32634,1112341,2630767,0.3565823435783386
32635,1112341,7909724,0.3564797341823578
32636,1112341,4833307,0.3564624786376953
32637,1112341,7429887,0.3563125729560852
32638,1112341,2196818,0.35626932978630066
32639,1112341,4936258,0.35624969005584717
32640,1112341,8703676,0.3562484383583069
32641,1112341,1087925,0.35621723532676697
32642,1112341,3344316,0.3561706244945526
32643,1112341,3356854,0.3561304211616516
32644,1112341,7806667,0.35589438676834106
32645,1112341,6685643,0.3558446764945984
32646,1112341,8495478,0.35581281781196594
32647,1112341,4771528,0.35569021105766296
32648,1112341,1562133,0.35563987493515015
32649,1112341,4986338,0.35561317205429077
32650,1112341,2095993,0.35559213161468506
32651,1112341,2677004,0.35558223724365234
32652,1112341,8416649,0.3555196523666382
32653,1112341,2846882,0.355454683303833
32654,1112341,7915023,0.3553764820098877
32655,1112341,5822052,0.355356365442276
32656,1112341,2096421,0.3553330898284912
32657,1112341,5298722,0.3552843928337097
32658,1112341,7303543,0.35527998208999634
32659,1112341,4271996,0.3552630543708801
32660,1112341,8657978,0.3552066385746002
32661,1112341,1327783,0.35518789291381836
32662,1112341,1796186,0.3550984859466553
32663,1112341,2100225,0.3550950288772583
32664,1112341,4906668,0.3550918996334076
32665,1112341,6357033,0.3550407588481903
32666,1112341,5043406,0.3550403118133545
32667,1112341,7906525,0.3550042510032654
32668,1112341,3236181,0.35500040650367737
32669,1112341,3025459,0.3549904227256775
32670,1112341,3515535,0.3549705743789673
32671,1112341,197710,0.35485923290252686
32672,1112341,3701694,0.3548123240470886
32673,1112341,7205714,0.35473403334617615
32674,1112341,1205562,0.35470306873321533
32675,1112341,1450349,0.35468578338623047
32676,1112341,6583803,0.35464757680892944
32677,1112341,2241084,0.354637086391449
32678,1112341,226745,0.35462939739227295
32679,1112341,2925769,0.35458460450172424
32680,1112341,2830429,0.35455912351608276
32681,1112341,7487055,0.3545559346675873
32682,1112341,3188572,0.3545186221599579
32683,1112341,5302430,0.35447192192077637
32684,1112341,4561902,0.35446998476982117
32685,1112341,5898504,0.35441648960113525
32686,1112341,4416071,0.35440391302108765
32687,1112341,8056328,0.35439711809158325
32688,1112341,7560016,0.3543837368488312
32689,1112341,7916603,0.3543640375137329
32690,1112341,5322944,0.3543456196784973
32691,1112341,1636421,0.35426053404808044
32692,1112341,4711799,0.35425031185150146
32693,1112341,2759478,0.35424160957336426
32694,1112341,2610654,0.3542395234107971
32695,1112341,5834943,0.35418108105659485
32696,1112341,4416073,0.3541547656059265
32697,1112341,8123921,0.3540748655796051
32698,1112341,1359491,0.35399287939071655
32699,1112341,8045730,0.35382279753685
32700,1112341,4328609,0.3538195788860321
32701,1112341,2406986,0.35377562046051025
32702,1112341,6153939,0.3537644147872925
32703,1112341,4761,0.35366731882095337
32704,1112341,4804587,0.35352617502212524
32705,1112341,1141302,0.3534770607948303
32706,1112341,5661546,0.3534106910228729
32707,1112341,2491420,0.3533029556274414
32708,1112341,3332371,0.35327425599098206
32709,1112341,1347069,0.3532649874687195
32710,1112341,7431854,0.3531269431114197
32711,1112341,6741263,0.353074848651886
32712,1112341,1619390,0.35303613543510437
32713,1112341,4644723,0.35302624106407166
32714,1112341,1724939,0.35300737619400024
32715,1112341,3890336,0.3530064821243286
32716,1112341,3670750,0.3529624342918396
32717,1112341,886387,0.3529181480407715
32718,1112341,8277069,0.3529021143913269
32719,1112341,7492855,0.3528890609741211
32720,1112341,2663359,0.35287418961524963
32721,1112341,2198223,0.35279542207717896
32722,1112341,2925770,0.3527917265892029
32723,1112341,7420156,0.3527863025665283
32724,1112341,7708630,0.35271456837654114
32725,1112341,5702916,0.3527032732963562
32726,1112341,7194369,0.35263583064079285
32727,1112341,5289304,0.3526017665863037
32728,1112341,3890338,0.35255491733551025
32729,1112341,6903059,0.3525497019290924
32730,1112341,741937,0.35253196954727173
32731,1112341,6640362,0.35245129466056824
32732,1112341,2864916,0.352443128824234
32733,1112341,7252753,0.35231345891952515
32734,1112341,1990071,0.3523041605949402
32735,1112341,1105436,0.3523021936416626
32736,1112341,6472990,0.3522757589817047
32737,1112341,1562323,0.3522455096244812
32738,1112341,2209053,0.35224080085754395
32739,1112341,4888667,0.35221803188323975
32740,1112341,8700907,0.3521283268928528
32741,1112341,3790281,0.35209184885025024
32742,1112341,3838666,0.35208794474601746
32743,1112341,5731738,0.3520570397377014
32744,1112341,4759791,0.3520354628562927
32745,1112341,4914210,0.35197675228118896
32746,1112341,6580767,0.35190603137016296
32747,1112341,1525522,0.3518487513065338
32748,1112341,5898374,0.3518245220184326
32749,1112341,5908827,0.35179880261421204
32750,1112341,1261404,0.35176369547843933
32751,1112341,5997361,0.35173749923706055
32752,1112341,4828366,0.35172462463378906
32753,1112341,515893,0.3516383171081543
32754,1112341,5093517,0.35161763429641724
32755,1112341,8650534,0.3515770435333252
32756,1112341,5170744,0.3515266180038452
32757,1112341,7145978,0.35149216651916504
32758,1112341,621504,0.3513859212398529
32759,1112341,3738063,0.3513830006122589
32760,1112341,2735216,0.3512203097343445
32761,1112341,2717375,0.3511272668838501
32762,1112341,244793,0.3510889708995819
32763,1112341,2173823,0.35102522373199463
32764,1112341,8200926,0.35101258754730225
32765,1112341,3725534,0.351009726524353
32766,1112341,3025453,0.350979745388031
32767,1112341,5792510,0.35097938776016235
32768,1112341,7122527,0.3509128987789154
32769,1112341,2912568,0.35087332129478455
32770,1112341,1963854,0.3508493900299072
32771,1112341,1079648,0.35073795914649963
32772,1112341,7023282,0.3506472110748291
32773,1112341,5013708,0.35064375400543213
32774,1112341,4906666,0.35063502192497253
32775,1112341,6491257,0.35062921047210693
32776,1112341,3543507,0.35060781240463257
32777,1112341,3116640,0.35053303837776184
32778,1112341,2170310,0.3505191206932068
32779,1112341,1950795,0.3504345417022705
32780,1112341,3041131,0.35042548179626465
32781,1112341,6259794,0.3503997325897217
32782,1112341,4827948,0.35036173462867737
32783,1112341,8552480,0.35034412145614624
32784,1112341,3566983,0.35033243894577026
32785,1112341,1265536,0.3503086566925049
32786,1112341,1463863,0.3502782881259918
32787,1112341,1136676,0.35022178292274475
32788,1112341,7238009,0.35018444061279297
32789,1112341,5784202,0.3500935435295105
32790,1112341,7408731,0.35000181198120117
32791,1112341,2830425,0.3500016927719116
32792,1112341,7783660,0.34998053312301636
32793,1112341,8419343,0.349968284368515
32794,1112341,3984719,0.34992194175720215
32795,1112341,4632810,0.34989067912101746
32796,1112341,3118343,0.34979912638664246
32797,1112341,7168545,0.3497820198535919
32798,1112341,4150198,0.34977543354034424
32799,1112341,7883723,0.3497411012649536
32800,1112341,8387880,0.34973612427711487
32801,1112341,2224640,0.3495783805847168
32802,1112341,3552355,0.34956640005111694
32803,1112341,6874585,0.34950149059295654
32804,1112341,4828365,0.34945619106292725
32805,1112341,17155,0.34942886233329773
32806,1112341,1228457,0.3494098484516144
32807,1112341,978468,0.349394291639328
32808,1112341,1087926,0.3493320047855377
32809,1112341,8703689,0.34929922223091125
32810,1112341,5491788,0.34929269552230835
32811,1112341,4910897,0.34920191764831543
32812,1112341,6867679,0.3491857647895813
32813,1112341,6876928,0.3490850627422333
32814,1112341,6164789,0.34908032417297363
32815,1112341,6689209,0.3490241765975952
32816,1112341,233061,0.34899571537971497
32817,1112341,8335921,0.3489796817302704
32818,1112341,7740007,0.3489581346511841
32819,1112341,3343648,0.3489270806312561
32820,1112341,4376562,0.3488713502883911
32821,1112341,6472989,0.34886258840560913
32822,1112341,5714888,0.34880414605140686
32823,1112341,6959424,0.34868013858795166
32824,1112341,2759556,0.3486543893814087
32825,1112341,8188393,0.3486253023147583
32826,1112341,5324801,0.3485521674156189
32827,1112341,3383365,0.34851765632629395
32828,1112341,6730958,0.34848183393478394
32829,1112341,4312485,0.3484589457511902
32830,1112341,360649,0.34845221042633057
32831,1112341,2026744,0.34839993715286255
32832,1112341,94296,0.34837767481803894
32833,1112341,7088039,0.3483608365058899
32834,1112341,682592,0.34827131032943726
32835,1112341,2880628,0.3482426702976227
32836,1112341,8302492,0.3482140898704529
32837,1112341,781067,0.348203182220459
32838,1112341,3118342,0.34817612171173096
32839,1112341,7079774,0.34814196825027466
32840,1112341,8594486,0.3481334447860718
32841,1112341,3055880,0.348080039024353
32842,1112341,2780682,0.3480188548564911
32843,1112341,1171791,0.3480032682418823
32844,1112341,4762112,0.34797048568725586
32845,1112341,4416074,0.34796667098999023
32846,1112341,6354844,0.3479622006416321
32847,1112341,5343809,0.34791338443756104
32848,1112341,382174,0.34790048003196716
32849,1112341,4344583,0.34785884618759155
32850,1112341,2026745,0.34783610701560974
32851,1112341,2209051,0.3477804660797119
32852,1112341,2386648,0.3477729856967926
32853,1112341,6417242,0.34767550230026245
32854,1112341,7088036,0.34765082597732544
32855,1112341,112644,0.3476223945617676
32856,1112341,4263743,0.34758302569389343
32857,1112341,835447,0.3475341200828552
32858,1112341,666222,0.34741029143333435
32859,1112341,3011232,0.34740883111953735
32860,1112341,1476630,0.3473973572254181
32861,1112341,4906669,0.34738245606422424
32862,1112341,2004411,0.3472822308540344
32863,1112341,16381,0.34726616740226746
32864,1112341,6831280,0.3472643792629242
32865,1112341,378729,0.3472278416156769
32866,1112341,2951074,0.34712621569633484
32867,1112341,3168318,0.3470693826675415
32868,1112341,6726343,0.34704747796058655
32869,1112341,3804825,0.34696075320243835
32870,1112341,2190761,0.34691768884658813
32871,1112341,4917011,0.34683525562286377
32872,1112341,6269903,0.3468279540538788
32873,1112341,2868938,0.34682297706604004
32874,1112341,4554824,0.34679853916168213
32875,1112341,5342584,0.34679538011550903
32876,1112341,7492854,0.34677526354789734
32877,1112341,1456515,0.3467738926410675
32878,1112341,1715009,0.34675508737564087
32879,1112341,7922427,0.346660315990448
32880,1112341,7825014,0.34659114480018616
32881,1112341,7825015,0.3465595245361328
32882,1112341,5415737,0.3465350270271301
32883,1112341,744591,0.3465268611907959
32884,1112341,2027309,0.34651705622673035
32885,1112341,8277066,0.3464803099632263
32886,1112341,1686589,0.34643876552581787
32887,1112341,673063,0.3463429808616638
32888,1112341,7012318,0.34632259607315063
32889,1112341,6676573,0.34631192684173584
32890,1112341,8627261,0.34630635380744934
32891,1112341,8650533,0.3461924195289612
32892,1112341,274210,0.3461437225341797
32893,1112341,2663365,0.3460824489593506
32894,1112341,2333625,0.3459723889827728
32895,1112341,3207510,0.34596502780914307
32896,1112341,1266472,0.34590473771095276
32897,1112341,6831701,0.34581029415130615
32898,1112341,3030497,0.3457556366920471
32899,1112341,8784272,0.34571290016174316
32900,1112341,4102360,0.3456704616546631
32901,1112341,4936254,0.34564608335494995
32902,1112341,3670756,0.3455300033092499
32903,1112341,5997365,0.345438688993454
32904,1112341,4012340,0.34543487429618835
32905,1112341,4775524,0.3453761637210846
32906,1112341,6578319,0.3453322649002075
32907,1112341,2096422,0.3453139066696167
32908,1112341,7788539,0.3453013300895691
32909,1112341,328072,0.34515655040740967
32910,1112341,753445,0.345140665769577
32911,1112341,1012827,0.3450719118118286
32912,1112341,7626428,0.34505653381347656
32913,1112341,1814772,0.345007061958313
32914,1112341,1000267,0.34491658210754395
32915,1112341,3924248,0.34485119581222534
32916,1112341,859564,0.3448340594768524
32917,1112341,4566125,0.3447282910346985
32918,1112341,4523020,0.3446628153324127
32919,1112341,2528084,0.34464138746261597
32920,1112341,1354967,0.3446339964866638
32921,1112341,173721,0.3446020483970642
32922,1112341,6713219,0.3445676863193512
32923,1112341,8337129,0.34455087780952454
32924,1112341,4894960,0.34452056884765625
32925,1112341,2468291,0.3444913625717163
32926,1112341,3257330,0.3444506525993347
32927,1112341,5701289,0.3443472981452942
32928,1112341,8764439,0.34432271122932434
32929,1112341,4609623,0.3443096876144409
32930,1112341,7095798,0.34428566694259644
32931,1112341,629109,0.3442218601703644
32932,1112341,7829892,0.3441738486289978
32933,1112341,67027,0.3441690504550934
32934,1112341,3122538,0.34411323070526123
32935,1112341,2899971,0.34407874941825867
32936,1112341,2209048,0.34406572580337524
32937,1112341,3095142,0.34403830766677856
32938,1112341,2517481,0.3439856171607971
32939,1112341,7238065,0.3439420461654663
32940,1112341,3832951,0.34391146898269653
32941,1112341,449208,0.3438720107078552
32942,1112341,7873638,0.3438684642314911
32943,1112341,4936256,0.3438394069671631
32944,1112341,1456521,0.3438108563423157
32945,1112341,524251,0.3437840938568115
32946,1112341,3785348,0.3437610864639282
32947,1112341,6058602,0.3437258005142212
32948,1112341,5427283,0.343719482421875
32949,1112341,5997463,0.3436806797981262
32950,1112341,714754,0.34358423948287964
32951,1112341,3059631,0.34356778860092163
32952,1112341,4802658,0.34343236684799194
32953,1112341,6058606,0.34342995285987854
32954,1112341,8248810,0.34342920780181885
32955,1112341,6081180,0.3433912992477417
32956,1112341,5029437,0.3433901369571686
32957,1112341,7073246,0.34338682889938354
32958,1112341,8825228,0.343356192111969
32959,1112341,6061381,0.34318459033966064
32960,1112341,4607868,0.3431612253189087
32961,1112341,7122593,0.3431550860404968
32962,1112341,4894959,0.3431534767150879
32963,1112341,6017185,0.3431282639503479
32964,1112341,6303187,0.343088835477829
32965,1112341,8349643,0.34297555685043335
32966,1112341,7357823,0.34296029806137085
32967,1112341,4141150,0.34290218353271484
32968,1112341,6516812,0.342892587184906
32969,1112341,4499986,0.34286201000213623
32970,1112341,7528667,0.34280693531036377
32971,1112341,2030623,0.34271204471588135
32972,1112341,5606675,0.3426952362060547
32973,1112341,1450348,0.34265172481536865
32974,1112341,2899967,0.3426439166069031
32975,1112341,869136,0.3426359295845032
32976,1112341,4813437,0.3425571918487549
32977,1112341,7041737,0.3425019085407257
32978,1112341,4277734,0.34249192476272583
32979,1112341,4048010,0.34245532751083374
32980,1112341,1990066,0.3424234390258789
32981,1112341,1003547,0.34240302443504333
32982,1112341,3459327,0.3423812985420227
32983,1112341,1875467,0.3423719108104706
32984,1112341,8515587,0.3423634171485901
32985,1112341,2096425,0.342353880405426
32986,1112341,1447633,0.3422735035419464
32987,1112341,1450351,0.3421749472618103
32988,1112341,419718,0.3421512842178345
32989,1112341,912616,0.34212666749954224
32990,1112341,3338884,0.3420775532722473
32991,1112341,8326588,0.3420448303222656
32992,1112341,6736870,0.3420228660106659
32993,1112341,1833674,0.3420071601867676
32994,1112341,4179670,0.34195008873939514
32995,1112341,329815,0.3419496715068817
32996,1112341,1941489,0.3418976664543152
32997,1112341,4203919,0.3418869376182556
32998,1112341,5651249,0.341863751411438
32999,1112341,145724,0.3417832851409912
33000,1113437,631949,0.5612577199935913
33001,1113437,3880944,0.5225702524185181
33002,1113437,5938418,0.5141253471374512
33003,1113437,4751839,0.5123631358146667
33004,1113437,742037,0.5121440291404724
33005,1113437,4016937,0.5096437335014343
33006,1113437,1280569,0.5047444105148315
33007,1113437,4751835,0.5020145177841187
33008,1113437,6021902,0.5015687346458435
33009,1113437,2354947,0.5004871487617493
33010,1113437,4016934,0.49907252192497253
33011,1113437,4498867,0.4990149140357971
33012,1113437,1280568,0.4989026188850403
33013,1113437,5938425,0.49869585037231445
33014,1113437,2226349,0.4979553818702698
33015,1113437,2354941,0.4974323511123657
33016,1113437,4016930,0.49464231729507446
33017,1113437,6174328,0.4913857877254486
33018,1113437,1768727,0.48715490102767944
33019,1113437,7385219,0.486838698387146
33020,1113437,5938420,0.48395299911499023
33021,1113437,4216336,0.4788946509361267
33022,1113437,742044,0.47800540924072266
33023,1113437,5188747,0.4773079752922058
33024,1113437,7385217,0.47255659103393555
33025,1113437,1280244,0.46568381786346436
33026,1113437,4473157,0.4653642177581787
33027,1113437,5938421,0.46429023146629333
33028,1113437,3687620,0.45806771516799927
33029,1113437,5514586,0.4573765993118286
33030,1113437,4367832,0.45717746019363403
33031,1113437,4412230,0.45698627829551697
33032,1113437,2825125,0.4566081166267395
33033,1113437,6992977,0.45499128103256226
33034,1113437,1931169,0.4536100924015045
33035,1113437,6992968,0.45274728536605835
33036,1113437,4473156,0.45265698432922363
33037,1113437,2515079,0.4522847831249237
33038,1113437,5014484,0.4511622190475464
33039,1113437,7385221,0.4503559470176697
33040,1113437,8503455,0.4497987627983093
33041,1113437,5863434,0.4495351314544678
33042,1113437,7377278,0.4493345022201538
33043,1113437,8503447,0.4485359489917755
33044,1113437,2001934,0.44511038064956665
33045,1113437,6688848,0.4427986145019531
33046,1113437,2305870,0.44269895553588867
33047,1113437,7377277,0.4423084557056427
33048,1113437,4412234,0.4419797658920288
33049,1113437,6486041,0.44154995679855347
33050,1113437,7377271,0.4408758878707886
33051,1113437,7385215,0.44079214334487915
33052,1113437,1454814,0.4406026303768158
33053,1113437,3049191,0.43882954120635986
33054,1113437,8503450,0.4368863105773926
33055,1113437,8566591,0.43683385848999023
33056,1113437,1454812,0.436511754989624
33057,1113437,8729218,0.4361851215362549
33058,1113437,2407444,0.4358777403831482
33059,1113437,3125154,0.43545103073120117
33060,1113437,1681785,0.4347486197948456
33061,1113437,6992975,0.4345228672027588
33062,1113437,1066538,0.4325219392776489
33063,1113437,5188751,0.43148306012153625
33064,1113437,5514592,0.43141698837280273
33065,1113437,5328098,0.4311680197715759
33066,1113437,7368427,0.43078285455703735
33067,1113437,8729219,0.4303819537162781
33068,1113437,1944352,0.42998549342155457
33069,1113437,3049193,0.4298182725906372
33070,1113437,1896939,0.42944639921188354
33071,1113437,5188746,0.4290309548377991
33072,1113437,8503452,0.427661657333374
33073,1113437,3026984,0.4275781512260437
33074,1113437,6059154,0.427457720041275
33075,1113437,3667047,0.4264613389968872
33076,1113437,3049194,0.42574819922447205
33077,1113437,2595628,0.42501455545425415
33078,1113437,8442329,0.42493903636932373
33079,1113437,2825126,0.42400825023651123
33080,1113437,5996691,0.4230881333351135
33081,1113437,2001936,0.4228653907775879
33082,1113437,8503451,0.4228028655052185
33083,1113437,3304766,0.4215318560600281
33084,1113437,2825128,0.4194878935813904
33085,1113437,5017407,0.41925764083862305
33086,1113437,3125152,0.41751837730407715
33087,1113437,1578182,0.4171943664550781
33088,1113437,7377272,0.41643160581588745
33089,1113437,7385222,0.41640782356262207
33090,1113437,4498864,0.4163675904273987
33091,1113437,2806746,0.416046142578125
33092,1113437,8128793,0.4159192442893982
33093,1113437,5591644,0.4158027172088623
33094,1113437,7890527,0.41573789715766907
33095,1113437,1280567,0.4157177209854126
33096,1113437,2397948,0.41568681597709656
33097,1113437,7277236,0.41557085514068604
33098,1113437,3325381,0.41495269536972046
33099,1113437,4354427,0.4145772159099579
33100,1113437,4751834,0.4140322804450989
33101,1113437,2001933,0.4127798080444336
33102,1113437,1280570,0.41272497177124023
33103,1113437,8143376,0.41213634610176086
33104,1113437,691285,0.4119004011154175
33105,1113437,2397947,0.4116727411746979
33106,1113437,4783291,0.41133737564086914
33107,1113437,6148219,0.4113032817840576
33108,1113437,1280237,0.4109331965446472
33109,1113437,8128794,0.41085147857666016
33110,1113437,3405850,0.4105745255947113
33111,1113437,3491393,0.4094575047492981
33112,1113437,1768729,0.4090825319290161
33113,1113437,6593841,0.4089992642402649
33114,1113437,2578411,0.4089403748512268
33115,1113437,5938426,0.40882694721221924
33116,1113437,691288,0.40875333547592163
33117,1113437,631945,0.4087132215499878
33118,1113437,5825123,0.4085003137588501
33119,1113437,5825120,0.4078943133354187
33120,1113437,5825125,0.4077456295490265
33121,1113437,1578184,0.40752822160720825
33122,1113437,555333,0.40701162815093994
33123,1113437,8162984,0.40683630108833313
33124,1113437,8729216,0.40647462010383606
33125,1113437,2229211,0.4053686857223511
33126,1113437,2354940,0.40473246574401855
33127,1113437,4064651,0.40460988879203796
33128,1113437,4016933,0.404276579618454
33129,1113437,7890530,0.4033444821834564
33130,1113437,6017945,0.40286415815353394
33131,1113437,2110583,0.40211111307144165
33132,1113437,4615569,0.40200430154800415
33133,1113437,1887459,0.4013502895832062
33134,1113437,457996,0.4013371467590332
33135,1113437,8484219,0.40114232897758484
33136,1113437,2168345,0.40048739314079285
33137,1113437,1920709,0.4002964496612549
33138,1113437,5362615,0.3999578356742859
33139,1113437,6688847,0.3998255729675293
33140,1113437,7811729,0.3989938795566559
33141,1113437,4313666,0.3983892500400543
33142,1113437,3745502,0.39827802777290344
33143,1113437,5346399,0.39822089672088623
33144,1113437,4016931,0.3980989456176758
33145,1113437,3089474,0.39766210317611694
33146,1113437,5591646,0.3976471424102783
33147,1113437,1280571,0.39732882380485535
33148,1113437,6765125,0.39727598428726196
33149,1113437,6688845,0.39714711904525757
33150,1113437,2862149,0.3958357572555542
33151,1113437,8503446,0.3953077793121338
33152,1113437,691283,0.3952644467353821
33153,1113437,3745501,0.394669771194458
33154,1113437,742045,0.39446312189102173
33155,1113437,3304768,0.3943355977535248
33156,1113437,5333311,0.39420750737190247
33157,1113437,6185112,0.3939853310585022
33158,1113437,4765490,0.39378827810287476
33159,1113437,2780056,0.39377129077911377
33160,1113437,742036,0.3931076228618622
33161,1113437,3250819,0.3929455578327179
33162,1113437,8216644,0.39195626974105835
33163,1113437,7377270,0.39182785153388977
33164,1113437,4295754,0.3918113708496094
33165,1113437,1633105,0.39180004596710205
33166,1113437,5546288,0.39179301261901855
33167,1113437,6174324,0.39144033193588257
33168,1113437,6597538,0.3912055492401123
33169,1113437,8128795,0.39076825976371765
33170,1113437,3277564,0.3906228542327881
33171,1113437,2780060,0.3904280662536621
33172,1113437,4064654,0.390008807182312
33173,1113437,2595623,0.3898848295211792
33174,1113437,3909075,0.3897300660610199
33175,1113437,691877,0.3892629146575928
33176,1113437,6593846,0.38918358087539673
33177,1113437,6217865,0.3883209228515625
33178,1113437,6091176,0.388138085603714
33179,1113437,4876132,0.38808587193489075
33180,1113437,213005,0.38806062936782837
33181,1113437,6272993,0.3875734210014343
33182,1113437,7233481,0.38735663890838623
33183,1113437,4618351,0.3869169354438782
33184,1113437,5546286,0.3865797519683838
33185,1113437,6790418,0.38643741607666016
33186,1113437,4628484,0.3861756920814514
33187,1113437,5286533,0.38611751794815063
33188,1113437,5689888,0.3860539197921753
33189,1113437,3685677,0.386042058467865
33190,1113437,5591643,0.3854072093963623
33191,1113437,8729210,0.3850894570350647
33192,1113437,8729212,0.38421714305877686
33193,1113437,2397950,0.3841080665588379
33194,1113437,335199,0.3840322196483612
33195,1113437,2305871,0.38357505202293396
33196,1113437,2476770,0.38322898745536804
33197,1113437,4783292,0.3831931948661804
33198,1113437,7385216,0.38304203748703003
33199,1113437,691280,0.38255947828292847
33200,1113437,8118886,0.3819774091243744
33201,1113437,6091180,0.3819180130958557
33202,1113437,6688843,0.38185814023017883
33203,1113437,6985029,0.3815643787384033
33204,1113437,691879,0.3815050423145294
33205,1113437,8361680,0.381417453289032
33206,1113437,5546283,0.3813859522342682
33207,1113437,2860345,0.38126227259635925
33208,1113437,2342955,0.38108325004577637
33209,1113437,2806528,0.3807607591152191
33210,1113437,6148227,0.38070765137672424
33211,1113437,2229219,0.3805235028266907
33212,1113437,8503448,0.37942981719970703
33213,1113437,1549765,0.3792131543159485
33214,1113437,37200,0.3790631890296936
33215,1113437,1545092,0.37886276841163635
33216,1113437,6455607,0.37833693623542786
33217,1113437,3439662,0.3781847655773163
33218,1113437,555340,0.37788236141204834
33219,1113437,7507392,0.37785670161247253
33220,1113437,1280239,0.3776838183403015
33221,1113437,742042,0.37763914465904236
33222,1113437,8503449,0.3773851692676544
33223,1113437,3968024,0.37724241614341736
33224,1113437,5486775,0.3771946132183075
33225,1113437,7263162,0.3769132196903229
33226,1113437,3499080,0.3768611550331116
33227,1113437,6985247,0.37669315934181213
33228,1113437,8163619,0.3766881227493286
33229,1113437,555338,0.37662747502326965
33230,1113437,2650271,0.3766166865825653
33231,1113437,4216338,0.37632060050964355
33232,1113437,1066539,0.3761712312698364
33233,1113437,4086733,0.37613731622695923
33234,1113437,8729214,0.375963419675827
33235,1113437,3907965,0.3756081461906433
33236,1113437,6313570,0.37540203332901
33237,1113437,5346404,0.37526363134384155
33238,1113437,7377275,0.3751986026763916
33239,1113437,4354432,0.37490856647491455
33240,1113437,6790421,0.374725341796875
33241,1113437,4854580,0.3745649755001068
33242,1113437,4765488,0.3744035065174103
33243,1113437,2573177,0.37425753474235535
33244,1113437,6730499,0.3740156590938568
33245,1113437,5014478,0.3739714026451111
33246,1113437,1454807,0.3738655745983124
33247,1113437,4167861,0.3734026551246643
33248,1113437,8128792,0.3733845353126526
33249,1113437,5349034,0.3733745813369751
33250,1113437,7626566,0.3731882572174072
33251,1113437,722716,0.3729032278060913
33252,1113437,8547690,0.37285172939300537
33253,1113437,5349032,0.3728015720844269
33254,1113437,8128796,0.37263330817222595
33255,1113437,5781997,0.37185296416282654
33256,1113437,2305872,0.37165701389312744
33257,1113437,147653,0.37164780497550964
33258,1113437,2934253,0.37141358852386475
33259,1113437,1681783,0.37122881412506104
33260,1113437,6192130,0.3709837794303894
33261,1113437,1916943,0.3707304000854492
33262,1113437,6268734,0.3707050085067749
33263,1113437,2573176,0.37070220708847046
33264,1113437,589012,0.37057772278785706
33265,1113437,4553374,0.3704792261123657
33266,1113437,6790417,0.370411217212677
33267,1113437,6049827,0.37026599049568176
33268,1113437,5486774,0.37019607424736023
33269,1113437,8249499,0.37018999457359314
33270,1113437,7366110,0.3699587881565094
33271,1113437,807277,0.36948439478874207
33272,1113437,4478228,0.36941051483154297
33273,1113437,8128797,0.36917299032211304
33274,1113437,5011478,0.3691703677177429
33275,1113437,7610380,0.3690238296985626
33276,1113437,2258597,0.3689679503440857
33277,1113437,334691,0.3687131702899933
33278,1113437,2825134,0.3685632050037384
33279,1113437,4064650,0.36840906739234924
33280,1113437,459403,0.36824774742126465
33281,1113437,2981335,0.36822080612182617
33282,1113437,5944895,0.36787641048431396
33283,1113437,1768728,0.36770498752593994
33284,1113437,7510512,0.36768829822540283
33285,1113437,1100840,0.3674406409263611
33286,1113437,1562362,0.36729609966278076
33287,1113437,342859,0.3668621778488159
33288,1113437,1896943,0.36685383319854736
33289,1113437,4442740,0.3666927218437195
33290,1113437,5953825,0.3661127984523773
33291,1113437,4981636,0.3660891652107239
33292,1113437,1768734,0.36604082584381104
33293,1113437,1454808,0.3660370409488678
33294,1113437,5088110,0.3659944534301758
33295,1113437,6486038,0.3658248484134674
33296,1113437,4064657,0.3656442165374756
33297,1113437,2056731,0.3656248450279236
33298,1113437,4038416,0.36549681425094604
33299,1113437,2578412,0.3652660846710205
33300,1113437,491230,0.3650304079055786
33301,1113437,4783289,0.36470651626586914
33302,1113437,6228661,0.36468976736068726
33303,1113437,4561426,0.36452656984329224
33304,1113437,213007,0.3645032048225403
33305,1113437,1897224,0.3641585111618042
33306,1113437,5546289,0.36407196521759033
33307,1113437,6110299,0.3639920949935913
33308,1113437,6017938,0.36390894651412964
33309,1113437,3474850,0.36365073919296265
33310,1113437,7368422,0.3636378049850464
33311,1113437,3648209,0.3635540306568146
33312,1113437,7263163,0.36308377981185913
33313,1113437,1310783,0.36304762959480286
33314,1113437,219,0.36301130056381226
33315,1113437,692300,0.36298826336860657
33316,1113437,6688844,0.36286455392837524
33317,1113437,742040,0.3628338873386383
33318,1113437,589010,0.3625775873661041
33319,1113437,5414167,0.3624911308288574
33320,1113437,5961061,0.36237820982933044
33321,1113437,3099959,0.3623356521129608
33322,1113437,6158375,0.3622802495956421
33323,1113437,8386912,0.36224469542503357
33324,1113437,2397955,0.3618431091308594
33325,1113437,6091184,0.36180269718170166
33326,1113437,6455604,0.36180126667022705
33327,1113437,7279453,0.36171191930770874
33328,1113437,2075643,0.3617062270641327
33329,1113437,2385229,0.36132025718688965
33330,1113437,6147932,0.3613153100013733
33331,1113437,6593843,0.36130058765411377
33332,1113437,3283469,0.36115211248397827
33333,1113437,1168001,0.36106523871421814
33334,1113437,5014479,0.36092841625213623
33335,1113437,5514590,0.3608149290084839
33336,1113437,2595622,0.36078524589538574
33337,1113437,3499082,0.36072206497192383
33338,1113437,7407069,0.3606325387954712
33339,1113437,5436506,0.3603799045085907
33340,1113437,4131151,0.36031562089920044
33341,1113437,3466959,0.36028164625167847
33342,1113437,7811734,0.36026763916015625
33343,1113437,5828229,0.3601991534233093
33344,1113437,6511446,0.3599299490451813
33345,1113437,6865505,0.35990166664123535
33346,1113437,2862145,0.359851598739624
33347,1113437,2934261,0.3598105013370514
33348,1113437,6853181,0.3597499132156372
33349,1113437,6108369,0.35958272218704224
33350,1113437,8357156,0.3595067858695984
33351,1113437,1768732,0.3593490421772003
33352,1113437,5953823,0.3592338562011719
33353,1113437,5514522,0.3591841459274292
33354,1113437,7306222,0.3589901328086853
33355,1113437,8729215,0.35886266827583313
33356,1113437,5565847,0.35871636867523193
33357,1113437,156331,0.3586626648902893
33358,1113437,6765123,0.35865846276283264
33359,1113437,5362611,0.3584895730018616
33360,1113437,742041,0.35845625400543213
33361,1113437,777899,0.35841816663742065
33362,1113437,1160516,0.3584021329879761
33363,1113437,211996,0.3583993911743164
33364,1113437,1280572,0.3583664000034332
33365,1113437,1388873,0.35758423805236816
33366,1113437,7588349,0.3574691414833069
33367,1113437,6431061,0.3574574887752533
33368,1113437,6147931,0.35737043619155884
33369,1113437,3232795,0.35717111825942993
33370,1113437,3761220,0.3571578860282898
33371,1113437,4751837,0.3570125102996826
33372,1113437,7081355,0.3568993806838989
33373,1113437,5664146,0.35686975717544556
33374,1113437,156334,0.35677099227905273
33375,1113437,5372600,0.35673248767852783
33376,1113437,3014020,0.3566795587539673
33377,1113437,3026991,0.35664528608322144
33378,1113437,594251,0.3566318154335022
33379,1113437,7566363,0.3565957844257355
33380,1113437,5687685,0.35654401779174805
33381,1113437,1051836,0.3562561869621277
33382,1113437,6811811,0.35622137784957886
33383,1113437,1167998,0.3561391532421112
33384,1113437,9986,0.35610175132751465
33385,1113437,5486773,0.3560985028743744
33386,1113437,3851632,0.3560122549533844
33387,1113437,7192199,0.3560097813606262
33388,1113437,2133118,0.3559986352920532
33389,1113437,3242755,0.35599416494369507
33390,1113437,2720643,0.35598090291023254
33391,1113437,2942979,0.35576120018959045
33392,1113437,8119301,0.3556627631187439
33393,1113437,1479114,0.3555836081504822
33394,1113437,4526070,0.3555028438568115
33395,1113437,457997,0.3554001450538635
33396,1113437,6790426,0.3552814722061157
33397,1113437,6907762,0.3552643954753876
33398,1113437,6314214,0.3552437126636505
33399,1113437,3851630,0.3552137017250061
33400,1113437,4016939,0.3551226258277893
33401,1113437,4221367,0.3550799489021301
33402,1113437,1695082,0.35504150390625
33403,1113437,4778351,0.35498055815696716
33404,1113437,7346987,0.35491904616355896
33405,1113437,4064652,0.35478588938713074
33406,1113437,2354946,0.3547115921974182
33407,1113437,7138132,0.3546854257583618
33408,1113437,6631690,0.3546512722969055
33409,1113437,4442256,0.3546401858329773
33410,1113437,3804635,0.35455644130706787
33411,1113437,5675996,0.35446858406066895
33412,1113437,6455608,0.3544617295265198
33413,1113437,817095,0.3543059527873993
33414,1113437,9343,0.3542046546936035
33415,1113437,2305874,0.35413965582847595
33416,1113437,7368430,0.35393983125686646
33417,1113437,1593086,0.35391509532928467
33418,1113437,5014476,0.3538978695869446
33419,1113437,2056728,0.3538588881492615
33420,1113437,6221106,0.35375574231147766
33421,1113437,6093511,0.3537471890449524
33422,1113437,8231905,0.3536936044692993
33423,1113437,7279959,0.3536800146102905
33424,1113437,6431057,0.3536319136619568
33425,1113437,2757968,0.35362204909324646
33426,1113437,2441784,0.35357382893562317
33427,1113437,5779220,0.35341015458106995
33428,1113437,4674775,0.353340744972229
33429,1113437,6741317,0.35322698950767517
33430,1113437,2305873,0.3528764247894287
33431,1113437,4745495,0.3528040051460266
33432,1113437,2472648,0.35276180505752563
33433,1113437,5486777,0.35271498560905457
33434,1113437,8279956,0.3527123034000397
33435,1113437,483955,0.3525991439819336
33436,1113437,7275368,0.3525920510292053
33437,1113437,3851633,0.35246771574020386
33438,1113437,1454809,0.35246187448501587
33439,1113437,7256799,0.3523562252521515
33440,1113437,5997503,0.35234203934669495
33441,1113437,4174984,0.35212722420692444
33442,1113437,5362609,0.3517487347126007
33443,1113437,4936485,0.35163140296936035
33444,1113437,2719393,0.3516094982624054
33445,1113437,520332,0.35157495737075806
33446,1113437,5944903,0.35148346424102783
33447,1113437,2094406,0.351251482963562
33448,1113437,212003,0.35114800930023193
33449,1113437,2934256,0.35114362835884094
33450,1113437,1299767,0.3511381149291992
33451,1113437,1890830,0.3510739207267761
33452,1113437,3225192,0.3510720133781433
33453,1113437,8011643,0.3510581851005554
33454,1113437,8011647,0.351026326417923
33455,1113437,4628483,0.35101789236068726
33456,1113437,4875724,0.3509652614593506
33457,1113437,2958025,0.3509410619735718
33458,1113437,5333315,0.35093027353286743
33459,1113437,7415301,0.35088780522346497
33460,1113437,7433492,0.3508451581001282
33461,1113437,4211986,0.35074126720428467
33462,1113437,6639655,0.3507375121116638
33463,1113437,2860341,0.3506355583667755
33464,1113437,2397952,0.35058844089508057
33465,1113437,6147925,0.3505333662033081
33466,1113437,1352169,0.35051003098487854
33467,1113437,1208971,0.3504539728164673
33468,1113437,2923298,0.3503032326698303
33469,1113437,2311357,0.3501831889152527
33470,1113437,3619790,0.35007959604263306
33471,1113437,8812989,0.3500595688819885
33472,1113437,3234877,0.3499571979045868
33473,1113437,8128798,0.34986966848373413
33474,1113437,2316174,0.34966960549354553
33475,1113437,5512923,0.3494330644607544
33476,1113437,1549766,0.34937912225723267
33477,1113437,3014022,0.3493693470954895
33478,1113437,5914431,0.3493368923664093
33479,1113437,5286529,0.34930479526519775
33480,1113437,3234874,0.3490186929702759
33481,1113437,4221366,0.34888362884521484
33482,1113437,5260262,0.34874409437179565
33483,1113437,867523,0.3487365245819092
33484,1113437,6992970,0.3487129807472229
33485,1113437,1695910,0.34863707423210144
33486,1113437,8375017,0.3484983444213867
33487,1113437,5228199,0.34834569692611694
33488,1113437,3077840,0.34821727871894836
33489,1113437,589008,0.34802043437957764
33490,1113437,1952774,0.34799641370773315
33491,1113437,5587708,0.3479636311531067
33492,1113437,1348150,0.3477867841720581
33493,1113437,5320898,0.34766364097595215
33494,1113437,7699372,0.34757474064826965
33495,1113437,2461676,0.34753182530403137
33496,1113437,7096413,0.34746551513671875
33497,1113437,7189262,0.3473718762397766
33498,1113437,3909071,0.347250372171402
33499,1113437,3562933,0.3471416234970093
33500,1113437,6473048,0.3470580577850342
33501,1113437,1538348,0.3469824492931366
33502,1113437,3099955,0.34685400128364563
33503,1113437,4367831,0.3468109667301178
33504,1113437,4442257,0.34680452942848206
33505,1113437,1969435,0.3466840982437134
33506,1113437,1491073,0.3466796875
33507,1113437,1045864,0.34661585092544556
33508,1113437,2601698,0.34656351804733276
33509,1113437,2884191,0.34648334980010986
33510,1113437,2916545,0.34632664918899536
33511,1113437,342860,0.34631186723709106
33512,1113437,2354945,0.34629026055336
33513,1113437,5188745,0.34628796577453613
33514,1113437,3834574,0.3462134897708893
33515,1113437,8128799,0.34616610407829285
33516,1113437,5260265,0.34605732560157776
33517,1113437,418143,0.34599560499191284
33518,1113437,459398,0.34580159187316895
33519,1113437,7377274,0.3457922339439392
33520,1113437,7015631,0.3457573652267456
33521,1113437,3125155,0.3457516133785248
33522,1113437,4751833,0.3457438349723816
33523,1113437,702173,0.3457184433937073
33524,1113437,2705207,0.34568142890930176
33525,1113437,1066531,0.3455950617790222
33526,1113437,2004363,0.34552517533302307
33527,1113437,4013871,0.3454752266407013
33528,1113437,1004134,0.3453005254268646
33529,1113437,4064658,0.34518668055534363
33530,1113437,1695908,0.34501296281814575
33531,1113437,3745505,0.3449716866016388
33532,1113437,6306795,0.34490931034088135
33533,1113437,6992972,0.34489697217941284
33534,1113437,6753421,0.34481173753738403
33535,1113437,6292938,0.3446066975593567
33536,1113437,6637858,0.34456413984298706
33537,1113437,313537,0.3444770574569702
33538,1113437,7192194,0.3444051146507263
33539,1113437,5938419,0.34437280893325806
33540,1113437,7078740,0.34432166814804077
33541,1113437,789529,0.3442472815513611
33542,1113437,5014480,0.3441859483718872
33543,1113437,8729217,0.3440985083580017
33544,1113437,520327,0.34400424361228943
33545,1113437,2859506,0.34385666251182556
33546,1113437,6067337,0.3437441885471344
33547,1113437,6614260,0.34369659423828125
33548,1113437,935293,0.3436927795410156
33549,1113437,1454815,0.343675434589386
33550,1113437,5145749,0.3436545431613922
33551,1113437,8823072,0.3436353802680969
33552,1113437,3764345,0.34354162216186523
33553,1113437,8503453,0.343332976102829
33554,1113437,5362613,0.3433323800563812
33555,1113437,2369606,0.3432520627975464
33556,1113437,2397953,0.34324967861175537
33557,1113437,8693140,0.34324967861175537
33558,1113437,176561,0.3432175815105438
33559,1113437,1146180,0.34320446848869324
33560,1113437,421736,0.34304723143577576
33561,1113437,5249846,0.3430204391479492
33562,1113437,2860344,0.34290623664855957
33563,1113437,5362618,0.3428821563720703
33564,1113437,4981631,0.34286269545555115
33565,1113437,691878,0.3427131772041321
33566,1113437,3331659,0.3425660729408264
33567,1113437,6230562,0.3425610661506653
33568,1113437,4092501,0.34242695569992065
33569,1113437,5333310,0.34226202964782715
33570,1113437,3421357,0.3422558307647705
33571,1113437,688199,0.34224846959114075
33572,1113437,2059738,0.3422117829322815
33573,1113437,3014027,0.34216514229774475
33574,1113437,2595627,0.3421075940132141
33575,1113437,2806529,0.3420325517654419
33576,1113437,487745,0.34202784299850464
33577,1113437,1633101,0.34199678897857666
33578,1113437,7472495,0.34197166562080383
33579,1113437,6513287,0.34195733070373535
33580,1113437,1388872,0.34182342886924744
33581,1113437,7067838,0.3417097330093384
33582,1113437,4145073,0.3416490852832794
33583,1113437,2923302,0.34159350395202637
33584,1113437,8552875,0.3415667414665222
33585,1113437,1925575,0.3415640592575073
33586,1113437,1580645,0.3415282070636749
33587,1113437,2314333,0.3415278196334839
33588,1113437,2150405,0.3414802849292755
33589,1113437,1538349,0.34147125482559204
33590,1113437,2229212,0.3413933515548706
33591,1113437,4875727,0.341374933719635
33592,1113437,876352,0.34136590361595154
33593,1113437,1168000,0.34136152267456055
33594,1113437,6300568,0.3412854075431824
33595,1113437,8140889,0.3411772847175598
33596,1113437,7507400,0.341094434261322
33597,1113437,6138540,0.34107398986816406
33598,1113437,6688850,0.3409295082092285
33599,1113437,4806231,0.34092196822166443
33600,1113437,8215421,0.3408869504928589
33601,1113437,1695084,0.3406626582145691
33602,1113437,3331658,0.3405930697917938
33603,1113437,5403838,0.3405838906764984
33604,1113437,2119729,0.34052109718322754
33605,1113437,4787404,0.34051552414894104
33606,1113437,6790419,0.3404395878314972
33607,1113437,4789498,0.3404274880886078
33608,1113437,475686,0.3404061198234558
33609,1113437,6621758,0.3403904438018799
33610,1113437,4636519,0.3402741849422455
33611,1113437,1197353,0.3402644097805023
33612,1113437,216125,0.34024450182914734
33613,1113437,766505,0.3402063250541687
33614,1113437,5461299,0.3401978313922882
33615,1113437,7870926,0.34015798568725586
33616,1113437,457999,0.3401247262954712
33617,1113437,2515078,0.3401247262954712
33618,1113437,6473045,0.340124249458313
33619,1113437,8208269,0.34009069204330444
33620,1113437,807279,0.3400490880012512
33621,1113437,6593840,0.3400331735610962
33622,1113437,3960040,0.33993756771087646
33623,1113437,5486772,0.3398953080177307
33624,1113437,7385214,0.33983442187309265
33625,1113437,1000801,0.3397948741912842
33626,1113437,463368,0.33976781368255615
33627,1113437,3920782,0.33963310718536377
33628,1113437,388917,0.3395775258541107
33629,1113437,2720646,0.33951330184936523
33630,1113437,4876129,0.3395087718963623
33631,1113437,8011642,0.3395058512687683
33632,1113437,7082650,0.33946818113327026
33633,1113437,1371363,0.33944374322891235
33634,1113437,743501,0.3394192159175873
33635,1113437,388920,0.3393949270248413
33636,1113437,5467744,0.33939409255981445
33637,1113437,1280564,0.33938068151474
33638,1113437,6593842,0.3393493890762329
33639,1113437,4442744,0.3393470048904419
33640,1113437,8718491,0.3392723500728607
33641,1113437,3357895,0.3392612934112549
33642,1113437,1280241,0.3392522931098938
33643,1113437,4981635,0.33925116062164307
33644,1113437,2564706,0.33924704790115356
33645,1113437,6178974,0.33923107385635376
33646,1113437,4876133,0.3390582501888275
33647,1113437,1695913,0.33904603123664856
33648,1113437,2494568,0.3389800190925598
33649,1113437,2461678,0.3389647603034973
33650,1113437,6230563,0.3389151692390442
33651,1113437,3804633,0.33890730142593384
33652,1113437,212000,0.3388864994049072
33653,1113437,770748,0.33877164125442505
33654,1113437,2704031,0.3387098014354706
33655,1113437,5819631,0.33866846561431885
33656,1113437,555335,0.3385821282863617
33657,1113437,3809198,0.33844512701034546
33658,1113437,6770188,0.3384243845939636
33659,1113437,49373,0.3383468985557556
33660,1113437,7666445,0.3383196294307709
33661,1113437,8045350,0.3383180797100067
33662,1113437,1462386,0.3383133113384247
33663,1113437,6688364,0.3382624387741089
33664,1113437,49365,0.3382403552532196
33665,1113437,6308165,0.33822861313819885
33666,1113437,2463136,0.33820217847824097
33667,1113437,6593839,0.3380768597126007
33668,1113437,3125153,0.3380613327026367
33669,1113437,3530785,0.3379759192466736
33670,1113437,335195,0.33793172240257263
33671,1113437,6313571,0.3378382921218872
33672,1113437,2650268,0.3378034234046936
33673,1113437,5944899,0.3377741575241089
33674,1113437,3907964,0.3377639949321747
33675,1113437,8484217,0.33763813972473145
33676,1113437,2617201,0.3375450670719147
33677,1113437,7021600,0.33753690123558044
33678,1113437,5286530,0.3374101519584656
33679,1113437,8150776,0.3373625576496124
33680,1113437,8150780,0.3373625576496124
33681,1113437,3316599,0.3373585343360901
33682,1113437,6892176,0.33730989694595337
33683,1113437,6868849,0.33724045753479004
33684,1113437,5742824,0.3372235894203186
33685,1113437,907499,0.3372175097465515
33686,1113437,3953240,0.3371874690055847
33687,1113437,7747828,0.33707454800605774
33688,1113437,3518300,0.3370652496814728
33689,1113437,3269294,0.3369706869125366
33690,1113437,4876130,0.3369514048099518
33691,1113437,3568657,0.3369229733943939
33692,1113437,4636525,0.33683687448501587
33693,1113437,3648205,0.3367871642112732
33694,1113437,234105,0.3367065191268921
33695,1113437,1066534,0.3366812467575073
33696,1113437,1491610,0.33666902780532837
33697,1113437,1280238,0.3366229236125946
33698,1113437,1695907,0.33661699295043945
33699,1113437,6915667,0.33657658100128174
33700,1113437,4129364,0.3365592062473297
33701,1113437,2879936,0.3364962339401245
33702,1113437,3833465,0.3364565968513489
33703,1113437,1160520,0.3364465832710266
33704,1113437,1489956,0.33641111850738525
33705,1113437,6745598,0.33638307452201843
33706,1113437,5742823,0.33637410402297974
33707,1113437,1931177,0.3362842798233032
33708,1113437,7830685,0.3362051844596863
33709,1113437,2397956,0.3360769748687744
33710,1113437,5546284,0.33606746792793274
33711,1113437,4020676,0.3360399603843689
33712,1113437,1978990,0.3359113931655884
33713,1113437,7926610,0.3358486294746399
33714,1113437,6213545,0.3358434736728668
33715,1113437,5944897,0.3358372449874878
33716,1113437,2942977,0.3357922434806824
33717,1113437,6302495,0.3357854187488556
33718,1113437,496598,0.3356528878211975
33719,1113437,2659002,0.3356497287750244
33720,1113437,7139795,0.33563002943992615
33721,1113437,8799827,0.33556920289993286
33722,1113437,2515083,0.33555394411087036
33723,1113437,5514591,0.33554139733314514
33724,1113437,712078,0.33553820848464966
33725,1113437,4398960,0.3355303704738617
33726,1113437,6811808,0.3354870080947876
33727,1113437,8566586,0.3354793190956116
33728,1113437,6289014,0.3353673219680786
33729,1113437,5215881,0.3353673219680786
33730,1113437,4745498,0.3353084325790405
33731,1113437,5461295,0.3351712226867676
33732,1113437,8215035,0.33511847257614136
33733,1113437,1545089,0.3350909352302551
33734,1113437,3148729,0.3350287675857544
33735,1113437,4981640,0.33493945002555847
33736,1113437,1768731,0.33484670519828796
33737,1113437,742039,0.3348393440246582
33738,1113437,4894794,0.3348315358161926
33739,1113437,6294877,0.3348314166069031
33740,1113437,5512927,0.3347979187965393
33741,1113437,3491394,0.33473077416419983
33742,1113437,3067502,0.334669291973114
33743,1113437,5274429,0.3346277177333832
33744,1113437,2757969,0.3346222937107086
33745,1113437,8503454,0.33457374572753906
33746,1113437,7398939,0.3345457911491394
33747,1113437,1332209,0.33453744649887085
33748,1113437,2128606,0.33452314138412476
33749,1113437,6306364,0.33452045917510986
33750,1113437,2870154,0.3344826102256775
33751,1113437,4699647,0.33445173501968384
33752,1113437,5649864,0.33441343903541565
33753,1113437,2728447,0.334388792514801
33754,1113437,8697350,0.33433783054351807
33755,1113437,7497493,0.33432018756866455
33756,1113437,211995,0.3341151475906372
33757,1113437,7082652,0.3340640664100647
33758,1113437,520325,0.3338623642921448
33759,1113437,2461679,0.3338432013988495
33760,1113437,6059146,0.33379456400871277
33761,1113437,6736139,0.3337925374507904
33762,1113437,5996690,0.33375346660614014
33763,1113437,7497495,0.3336196839809418
33764,1113437,6790420,0.3336048722267151
33765,1113437,5867598,0.33359813690185547
33766,1113437,1695909,0.3335955739021301
33767,1113437,2981342,0.3335820734500885
33768,1113437,2289790,0.33348119258880615
33769,1113437,242814,0.3334558606147766
33770,1113437,458242,0.33344322443008423
33771,1113437,2034096,0.33344030380249023
33772,1113437,5781999,0.33339202404022217
33773,1113437,2335327,0.33330774307250977
33774,1113437,3784315,0.33328819274902344
33775,1113437,7766971,0.3332757353782654
33776,1113437,5944896,0.33327242732048035
33777,1113437,789521,0.3332083821296692
33778,1113437,1197352,0.33314043283462524
33779,1113437,7192202,0.3330787420272827
33780,1113437,3973129,0.333030641078949
33781,1113437,2397951,0.3330170512199402
33782,1113437,8371842,0.3330136239528656
33783,1113437,3690236,0.33298322558403015
33784,1113437,4745497,0.3329671025276184
33785,1113437,6541868,0.33286595344543457
33786,1113437,5152155,0.3328630328178406
33787,1113437,7195957,0.33282583951950073
33788,1113437,6977418,0.33276572823524475
33789,1113437,5014482,0.33275818824768066
33790,1113437,2850794,0.3327418267726898
33791,1113437,8056451,0.3325973451137543
33792,1113437,8572815,0.3325447142124176
33793,1113437,4687709,0.33253711462020874
33794,1113437,3852836,0.3325271010398865
33795,1113437,2397949,0.3324858546257019
33796,1113437,4199740,0.3323628902435303
33797,1113437,7287046,0.33234864473342896
33798,1113437,4016935,0.3323192596435547
33799,1113437,6917287,0.33230340480804443
33800,1113437,7015637,0.33219099044799805
33801,1113437,7699375,0.33218276500701904
33802,1113437,7027541,0.3321758508682251
33803,1113437,2229217,0.33214712142944336
33804,1113437,6431063,0.3321417570114136
33805,1113437,6741314,0.3320728540420532
33806,1113437,5811112,0.33204731345176697
33807,1113437,5296315,0.3320006728172302
33808,1113437,7502519,0.3319656550884247
33809,1113437,4040638,0.33192580938339233
33810,1113437,7390436,0.33187299966812134
33811,1113437,6748491,0.3318096399307251
33812,1113437,1128224,0.3317614197731018
33813,1113437,1016882,0.33175861835479736
33814,1113437,3099952,0.3315359950065613
33815,1113437,324941,0.3314974308013916
33816,1113437,3977217,0.331465482711792
33817,1113437,6302498,0.3314037621021271
33818,1113437,6844264,0.3313392400741577
33819,1113437,5146681,0.3312896490097046
33820,1113437,2059735,0.33127713203430176
33821,1113437,2850795,0.3312062919139862
33822,1113437,2780057,0.33113452792167664
33823,1113437,3067497,0.33107423782348633
33824,1113437,6736430,0.33106809854507446
33825,1113437,4252409,0.3310680091381073
33826,1113437,1103249,0.3310665488243103
33827,1113437,7868581,0.33102285861968994
33828,1113437,868018,0.33101171255111694
33829,1113437,8051548,0.3309975862503052
33830,1113437,1293919,0.33093613386154175
33831,1113437,8288633,0.3309217095375061
33832,1113437,4498865,0.3308933973312378
33833,1113437,1896944,0.33087193965911865
33834,1113437,3361953,0.3307334780693054
33835,1113437,2794220,0.3307110071182251
33836,1113437,2578410,0.3306752145290375
33837,1113437,2900318,0.33065852522850037
33838,1113437,6069704,0.3306350111961365
33839,1113437,6783907,0.3306077718734741
33840,1113437,113003,0.33056503534317017
33841,1113437,1454811,0.33056050539016724
33842,1113437,6070408,0.33053866028785706
33843,1113437,1260732,0.3305339217185974
33844,1113437,2396468,0.3305213153362274
33845,1113437,5014475,0.33051812648773193
33846,1113437,7741452,0.33049681782722473
33847,1113437,7695222,0.33045631647109985
33848,1113437,7728380,0.3304463326931
33849,1113437,5546287,0.33037275075912476
33850,1113437,7823788,0.33034181594848633
33851,1113437,1526526,0.3302714228630066
33852,1113437,5781998,0.3302454650402069
33853,1113437,457995,0.33024153113365173
33854,1113437,4876134,0.3302192687988281
33855,1113437,2827973,0.33010372519493103
33856,1113437,3476197,0.3300929069519043
33857,1113437,4263148,0.3299075961112976
33858,1113437,6011218,0.32988452911376953
33859,1113437,2657735,0.3297617733478546
33860,1113437,5498367,0.32975050806999207
33861,1113437,6224228,0.32958143949508667
33862,1113437,4769949,0.32956698536872864
33863,1113437,5483041,0.3295632302761078
33864,1113437,4040637,0.32955655455589294
33865,1113437,7823795,0.32953763008117676
33866,1113437,5556761,0.3294987082481384
33867,1113437,5114845,0.3293910622596741
33868,1113437,7913688,0.32938700914382935
33869,1113437,388918,0.3292718529701233
33870,1113437,1545088,0.3292613625526428
33871,1113437,1684137,0.329215407371521
33872,1113437,809229,0.32902592420578003
33873,1113437,8823073,0.3290228843688965
33874,1113437,7974452,0.32900118827819824
33875,1113437,2750407,0.32898616790771484
33876,1113437,5386684,0.3289555311203003
33877,1113437,6287378,0.32893985509872437
33878,1113437,2850790,0.3288339376449585
33879,1113437,5276520,0.3287811279296875
33880,1113437,5805069,0.32877522706985474
33881,1113437,2720640,0.3287215232849121
33882,1113437,2128607,0.3287110924720764
33883,1113437,6282528,0.32861432433128357
33884,1113437,5514521,0.32859429717063904
33885,1113437,6294872,0.32849258184432983
33886,1113437,7263980,0.32838714122772217
33887,1113437,1971063,0.3283870816230774
33888,1113437,3264503,0.32836467027664185
33889,1113437,3625366,0.32835811376571655
33890,1113437,3484505,0.3283470869064331
33891,1113437,6230568,0.3283383846282959
33892,1113437,5996693,0.3283223509788513
33893,1113437,3621398,0.32829952239990234
33894,1113437,294948,0.3282541036605835
33895,1113437,2048763,0.32817667722702026
33896,1113437,8566583,0.32817140221595764
33897,1113437,5412181,0.3281691074371338
33898,1113437,8288629,0.32811805605888367
33899,1113437,7322719,0.32807034254074097
33900,1113437,5917037,0.3280380070209503
33901,1113437,1892455,0.32801955938339233
33902,1113437,873559,0.3280090093612671
33903,1113437,3898676,0.32796916365623474
33904,1113437,8162990,0.3279368281364441
33905,1113437,4450738,0.32793477177619934
33906,1113437,5595013,0.32784563302993774
33907,1113437,5953832,0.3278382420539856
33908,1113437,2293142,0.3278171420097351
33909,1113437,6213286,0.32778269052505493
33910,1113437,512259,0.32774996757507324
33911,1113437,1419707,0.32774364948272705
33912,1113437,3269295,0.32772594690322876
33913,1113437,3304771,0.3276979327201843
33914,1113437,8442327,0.3276839852333069
33915,1113437,2468741,0.32766610383987427
33916,1113437,3330623,0.3275330364704132
33917,1113437,313542,0.3274560272693634
33918,1113437,6220483,0.3273610472679138
33919,1113437,74015,0.32727015018463135
33920,1113437,31261,0.32726621627807617
33921,1113437,5164608,0.32726162672042847
33922,1113437,1896941,0.32724398374557495
33923,1113437,2857757,0.3271995782852173
33924,1113437,780502,0.327167809009552
33925,1113437,6864890,0.32714128494262695
33926,1113437,5976203,0.3271181583404541
33927,1113437,1397294,0.3270934224128723
33928,1113437,5333314,0.3270833492279053
33929,1113437,817097,0.3270670771598816
33930,1113437,7270235,0.3270378112792969
33931,1113437,8241858,0.3269985318183899
33932,1113437,7033796,0.3269507884979248
33933,1113437,2937812,0.32674548029899597
33934,1113437,213011,0.326738566160202
33935,1113437,3809483,0.3267301321029663
33936,1113437,2958023,0.3266831636428833
33937,1113437,6938675,0.3266599774360657
33938,1113437,5075123,0.32662537693977356
33939,1113437,1649197,0.32661765813827515
33940,1113437,5793330,0.3266080915927887
33941,1113437,6174329,0.32660719752311707
33942,1113437,746625,0.3265445828437805
33943,1113437,5647387,0.326521635055542
33944,1113437,335202,0.3264990746974945
33945,1113437,3304767,0.3264898657798767
33946,1113437,6148224,0.3264285922050476
33947,1113437,8729211,0.32634326815605164
33948,1113437,2465242,0.32629626989364624
33949,1113437,5081736,0.3262820839881897
33950,1113437,7671492,0.3261781334877014
33951,1113437,7695220,0.3260555863380432
33952,1113437,1684136,0.3260113298892975
33953,1113437,4708736,0.3260095715522766
33954,1113437,8162988,0.32600921392440796
33955,1113437,6213288,0.3258571922779083
33956,1113437,2150400,0.3258485496044159
33957,1113437,8575822,0.3258357346057892
33958,1113437,1595842,0.32580843567848206
33959,1113437,572633,0.3257424533367157
33960,1113437,6217874,0.3257264792919159
33961,1113437,5514589,0.3257187008857727
33962,1113437,2729895,0.3256979286670685
33963,1113437,1857392,0.3255605697631836
33964,1113437,4398265,0.3254880905151367
33965,1113437,6905459,0.32544904947280884
33966,1113437,6493916,0.32543984055519104
33967,1113437,1888557,0.32543545961380005
33968,1113437,5712267,0.3253687918186188
33969,1113437,6268739,0.32531800866127014
33970,1113437,2641643,0.3252936601638794
33971,1113437,7237481,0.32524174451828003
33972,1113437,1448264,0.3252370357513428
33973,1113437,5946081,0.32521504163742065
33974,1113437,6140342,0.3251396119594574
33975,1113437,5887832,0.32512980699539185
33976,1113437,7890531,0.3251175880432129
33977,1113437,8509506,0.3250771164894104
33978,1113437,5011481,0.3250090181827545
33979,1113437,2595625,0.3250082731246948
33980,1113437,7649810,0.32496917247772217
33981,1113437,7454461,0.32496511936187744
33982,1113437,3067500,0.3249624967575073
33983,1113437,3635462,0.3249540328979492
33984,1113437,5155923,0.3249010741710663
33985,1113437,4981632,0.32485538721084595
33986,1113437,3960041,0.3248288631439209
33987,1113437,8363445,0.32477501034736633
33988,1113437,3685682,0.324768990278244
33989,1113437,1460420,0.32473301887512207
33990,1113437,8585570,0.3246298134326935
33991,1113437,3407835,0.3246244192123413
33992,1113437,893824,0.32461822032928467
33993,1113437,7318527,0.324560284614563
33994,1113437,907496,0.3245398998260498
33995,1113437,4221358,0.324535071849823
33996,1113437,5880499,0.3245304524898529
33997,1113437,2685486,0.324481725692749
33998,1113437,3331655,0.3244469165802002
33999,1113437,6230561,0.3244074285030365
34000,1114646,5279567,0.7379215359687805
34001,1114646,8117090,0.7251205444335938
34002,1114646,8117091,0.7148690223693848
34003,1114646,2647994,0.7059063911437988
34004,1114646,2524143,0.6591840982437134
34005,1114646,8117089,0.6422339677810669
34006,1114646,482778,0.6104823350906372
34007,1114646,6704400,0.6096348762512207
34008,1114646,5126393,0.5967665910720825
34009,1114646,5675576,0.5879709124565125
34010,1114646,2695584,0.5825632810592651
34011,1114646,444374,0.580511748790741
34012,1114646,444380,0.5798811912536621
34013,1114646,6124145,0.5770302414894104
34014,1114646,2931848,0.575848400592804
34015,1114646,7638663,0.572249174118042
34016,1114646,6704401,0.5714369416236877
34017,1114646,5439737,0.5676535367965698
34018,1114646,266552,0.5668073892593384
34019,1114646,5133380,0.5632087588310242
34020,1114646,8117096,0.5620197653770447
34021,1114646,6136494,0.5599372386932373
34022,1114646,2408272,0.5595703721046448
34023,1114646,3439626,0.5544084310531616
34024,1114646,6124144,0.553048849105835
34025,1114646,1200015,0.5526180267333984
34026,1114646,4512958,0.5517009496688843
34027,1114646,272202,0.5512169599533081
34028,1114646,3901376,0.5511057376861572
34029,1114646,393771,0.5453526377677917
34030,1114646,3676865,0.5435466766357422
34031,1114646,5310094,0.543541669845581
34032,1114646,857788,0.5431709289550781
34033,1114646,7070269,0.5430527329444885
34034,1114646,8665820,0.5427989959716797
34035,1114646,2280542,0.5419229865074158
34036,1114646,6762387,0.5418201684951782
34037,1114646,8762032,0.5417152047157288
34038,1114646,3901375,0.5414007902145386
34039,1114646,7675375,0.5406923890113831
34040,1114646,2785030,0.539247989654541
34041,1114646,7768562,0.5373146533966064
34042,1114646,8109316,0.5369537472724915
34043,1114646,207000,0.5366902351379395
34044,1114646,2739293,0.536264181137085
34045,1114646,6378933,0.5357170701026917
34046,1114646,364842,0.5345593690872192
34047,1114646,6586072,0.5337620973587036
34048,1114646,8838469,0.5332385897636414
34049,1114646,6872798,0.5329322218894958
34050,1114646,5640855,0.5318431854248047
34051,1114646,3340710,0.5315374135971069
34052,1114646,5640859,0.5314002633094788
34053,1114646,5041693,0.5303945541381836
34054,1114646,5417955,0.5301119685173035
34055,1114646,857789,0.5300750136375427
34056,1114646,2987270,0.5284915566444397
34057,1114646,750127,0.5284420251846313
34058,1114646,6225759,0.5277562737464905
34059,1114646,5675569,0.5276952981948853
34060,1114646,3225315,0.527239203453064
34061,1114646,4763909,0.5271968841552734
34062,1114646,5127881,0.5265407562255859
34063,1114646,2618918,0.5263705253601074
34064,1114646,5127884,0.5260821580886841
34065,1114646,4544819,0.5251388549804688
34066,1114646,4969104,0.5250171422958374
34067,1114646,3036935,0.5242599248886108
34068,1114646,2404253,0.5238849520683289
34069,1114646,7009526,0.5237942934036255
34070,1114646,2201127,0.5233038663864136
34071,1114646,1301843,0.5232870578765869
34072,1114646,3677970,0.5223410129547119
34073,1114646,3676867,0.5222077965736389
34074,1114646,5746856,0.5221430659294128
34075,1114646,3677975,0.5219939947128296
34076,1114646,516642,0.5217145085334778
34077,1114646,994970,0.5209952592849731
34078,1114646,2077028,0.520957350730896
34079,1114646,7350,0.5209470391273499
34080,1114646,5127880,0.5206270217895508
34081,1114646,2404247,0.520314633846283
34082,1114646,5675574,0.5202431082725525
34083,1114646,2979209,0.5200624465942383
34084,1114646,6796047,0.5189768671989441
34085,1114646,2695583,0.5186717510223389
34086,1114646,2842767,0.5181693434715271
34087,1114646,6697155,0.5179508924484253
34088,1114646,5153524,0.5176778435707092
34089,1114646,2689906,0.5176650285720825
34090,1114646,4071159,0.5168200731277466
34091,1114646,5113329,0.5167750716209412
34092,1114646,8109048,0.5167199969291687
34093,1114646,4573290,0.5165598392486572
34094,1114646,2450728,0.516232430934906
34095,1114646,5127883,0.5160505175590515
34096,1114646,5113338,0.5159730911254883
34097,1114646,2785031,0.5159481763839722
34098,1114646,7183600,0.5156319737434387
34099,1114646,6464561,0.5145002603530884
34100,1114646,3824055,0.5144678950309753
34101,1114646,272499,0.5144188404083252
34102,1114646,5127879,0.5144062042236328
34103,1114646,5127882,0.5144025087356567
34104,1114646,6136491,0.5143595933914185
34105,1114646,3901374,0.5136935114860535
34106,1114646,2222048,0.5134201645851135
34107,1114646,6050428,0.5129448175430298
34108,1114646,8372532,0.5128882527351379
34109,1114646,7566001,0.512507438659668
34110,1114646,6484454,0.5122774839401245
34111,1114646,5106695,0.5117284655570984
34112,1114646,2180679,0.5115296840667725
34113,1114646,7762609,0.5115242600440979
34114,1114646,266554,0.5108335018157959
34115,1114646,5113336,0.5104667544364929
34116,1114646,6136495,0.5103040933609009
34117,1114646,2180681,0.5102897882461548
34118,1114646,2180680,0.5101597309112549
34119,1114646,2979477,0.5100389719009399
34120,1114646,1320856,0.5099366903305054
34121,1114646,7192694,0.5099037885665894
34122,1114646,6886644,0.5098321437835693
34123,1114646,8401035,0.5094351768493652
34124,1114646,7762603,0.5092886686325073
34125,1114646,1934520,0.508912205696106
34126,1114646,1262731,0.5088550448417664
34127,1114646,3036931,0.5087963342666626
34128,1114646,2083303,0.5086607336997986
34129,1114646,5417951,0.5081868171691895
34130,1114646,3036937,0.5075050592422485
34131,1114646,225039,0.5074598789215088
34132,1114646,1934519,0.5074292421340942
34133,1114646,6125052,0.5072935223579407
34134,1114646,6484459,0.5071077942848206
34135,1114646,6872795,0.5069804191589355
34136,1114646,5113331,0.5069092512130737
34137,1114646,4764017,0.5067722797393799
34138,1114646,529083,0.5067058205604553
34139,1114646,5113334,0.5061522722244263
34140,1114646,7287086,0.506010115146637
34141,1114646,5153522,0.5059103965759277
34142,1114646,6796042,0.505860447883606
34143,1114646,7762602,0.5055993795394897
34144,1114646,2180682,0.505468487739563
34145,1114646,812567,0.5051865577697754
34146,1114646,7945831,0.5051742792129517
34147,1114646,2190334,0.5040777921676636
34148,1114646,6378935,0.504066526889801
34149,1114646,4694689,0.5040574669837952
34150,1114646,8354262,0.5037317276000977
34151,1114646,7762606,0.5035613775253296
34152,1114646,6275363,0.5035203695297241
34153,1114646,1240637,0.5032824277877808
34154,1114646,1713662,0.5032516717910767
34155,1114646,7681890,0.5032472610473633
34156,1114646,831444,0.5029631853103638
34157,1114646,3824056,0.5025094747543335
34158,1114646,812575,0.5024181604385376
34159,1114646,3015038,0.5019717216491699
34160,1114646,5139287,0.5017750859260559
34161,1114646,2222049,0.501348614692688
34162,1114646,5185540,0.5013137459754944
34163,1114646,5106694,0.5012200474739075
34164,1114646,6167306,0.5011903047561646
34165,1114646,6387857,0.5004259347915649
34166,1114646,994964,0.5001993775367737
34167,1114646,8593384,0.4998152256011963
34168,1114646,687063,0.4992689788341522
34169,1114646,3942330,0.4989496171474457
34170,1114646,5153523,0.49884679913520813
34171,1114646,6125053,0.498722642660141
34172,1114646,3824053,0.49871349334716797
34173,1114646,8624969,0.4984332323074341
34174,1114646,4238011,0.4982978105545044
34175,1114646,546011,0.49771612882614136
34176,1114646,3390840,0.4973140358924866
34177,1114646,5087656,0.49728840589523315
34178,1114646,7490706,0.4971046447753906
34179,1114646,5782446,0.4966734051704407
34180,1114646,7762607,0.49642229080200195
34181,1114646,50447,0.4962998330593109
34182,1114646,2180678,0.49600502848625183
34183,1114646,4514491,0.4958869218826294
34184,1114646,3480748,0.4950357675552368
34185,1114646,8662669,0.49490177631378174
34186,1114646,7078015,0.4948309063911438
34187,1114646,994967,0.4946727156639099
34188,1114646,5675572,0.49461209774017334
34189,1114646,266555,0.49374181032180786
34190,1114646,812572,0.4936676621437073
34191,1114646,5127885,0.4936220049858093
34192,1114646,2689913,0.493608295917511
34193,1114646,7646090,0.49351266026496887
34194,1114646,2280539,0.49338817596435547
34195,1114646,7945835,0.4933449625968933
34196,1114646,356986,0.4931206703186035
34197,1114646,3062964,0.49309802055358887
34198,1114646,8726573,0.492780864238739
34199,1114646,7220618,0.49270200729370117
34200,1114646,3064014,0.4924299120903015
34201,1114646,8424204,0.4923698604106903
34202,1114646,2190330,0.49214792251586914
34203,1114646,5637550,0.4920397698879242
34204,1114646,77206,0.4919051229953766
34205,1114646,2077026,0.49168121814727783
34206,1114646,7147093,0.49150651693344116
34207,1114646,2190338,0.4914652109146118
34208,1114646,7974678,0.4914033114910126
34209,1114646,5361361,0.4913918375968933
34210,1114646,6431075,0.4913221597671509
34211,1114646,3677974,0.49127596616744995
34212,1114646,7691815,0.491115003824234
34213,1114646,272496,0.4908357560634613
34214,1114646,295216,0.4907352328300476
34215,1114646,994966,0.4905259907245636
34216,1114646,7308681,0.4905168414115906
34217,1114646,7911827,0.49048328399658203
34218,1114646,4694682,0.4903886318206787
34219,1114646,4694680,0.48996424674987793
34220,1114646,6050427,0.4897224009037018
34221,1114646,5041692,0.48965197801589966
34222,1114646,2842771,0.4896349012851715
34223,1114646,5106697,0.489615797996521
34224,1114646,7190966,0.48941269516944885
34225,1114646,7163815,0.48925909399986267
34226,1114646,3195832,0.4891042709350586
34227,1114646,6742547,0.4890872538089752
34228,1114646,3387125,0.4886251986026764
34229,1114646,2190335,0.4886108338832855
34230,1114646,587647,0.4885389804840088
34231,1114646,8327130,0.48850688338279724
34232,1114646,4472527,0.48847097158432007
34233,1114646,2920692,0.4884265959262848
34234,1114646,2991136,0.48833566904067993
34235,1114646,8327128,0.4883102476596832
34236,1114646,3242011,0.4881310760974884
34237,1114646,5129896,0.4880756735801697
34238,1114646,8109052,0.48803937435150146
34239,1114646,7968555,0.487795889377594
34240,1114646,3150060,0.4877830147743225
34241,1114646,2979476,0.48758846521377563
34242,1114646,7945828,0.4875689148902893
34243,1114646,5745565,0.48745250701904297
34244,1114646,5817191,0.48739540576934814
34245,1114646,6125054,0.4873843193054199
34246,1114646,5687477,0.48737528920173645
34247,1114646,3015033,0.48734787106513977
34248,1114646,4694684,0.48720818758010864
34249,1114646,8726574,0.4868408441543579
34250,1114646,2647991,0.4865519404411316
34251,1114646,5900222,0.48640739917755127
34252,1114646,1965956,0.48638099431991577
34253,1114646,120064,0.48618143796920776
34254,1114646,4465741,0.48614832758903503
34255,1114646,295214,0.4859575927257538
34256,1114646,680513,0.48595207929611206
34257,1114646,3015032,0.48579320311546326
34258,1114646,7146509,0.4854530096054077
34259,1114646,5986861,0.48539620637893677
34260,1114646,8665826,0.48526763916015625
34261,1114646,5490784,0.48518800735473633
34262,1114646,5133385,0.48514682054519653
34263,1114646,5139288,0.4851132035255432
34264,1114646,5279574,0.48497968912124634
34265,1114646,3280069,0.4843723177909851
34266,1114646,5036760,0.48433053493499756
34267,1114646,7931424,0.4842797815799713
34268,1114646,5417949,0.4841409921646118
34269,1114646,2190333,0.4840991795063019
34270,1114646,4031078,0.48395317792892456
34271,1114646,3689897,0.48394185304641724
34272,1114646,816624,0.4837450385093689
34273,1114646,3781015,0.48356086015701294
34274,1114646,6275364,0.48342615365982056
34275,1114646,6886637,0.4832746982574463
34276,1114646,4362076,0.4832271933555603
34277,1114646,2984632,0.4832247495651245
34278,1114646,2450731,0.4831464886665344
34279,1114646,8117665,0.48312512040138245
34280,1114646,5418863,0.4831112027168274
34281,1114646,6275361,0.4829460382461548
34282,1114646,2083298,0.4829348921775818
34283,1114646,6133485,0.48292845487594604
34284,1114646,6886643,0.48280903697013855
34285,1114646,857796,0.48274075984954834
34286,1114646,1576676,0.4827289283275604
34287,1114646,2997731,0.4826884865760803
34288,1114646,4694681,0.4825321435928345
34289,1114646,812573,0.4824168384075165
34290,1114646,3640373,0.48227712512016296
34291,1114646,4858549,0.4822412431240082
34292,1114646,272210,0.4821845293045044
34293,1114646,2180683,0.48215922713279724
34294,1114646,3708255,0.4820917844772339
34295,1114646,994965,0.4820830225944519
34296,1114646,2488737,0.48202240467071533
34297,1114646,2240992,0.4815731346607208
34298,1114646,2319040,0.4815523624420166
34299,1114646,1934525,0.4813898503780365
34300,1114646,6310693,0.4813857078552246
34301,1114646,6946711,0.4812231659889221
34302,1114646,2608553,0.48107659816741943
34303,1114646,2222045,0.4810721278190613
34304,1114646,6722658,0.4810405969619751
34305,1114646,5246683,0.48095613718032837
34306,1114646,1618582,0.4809468388557434
34307,1114646,6484455,0.4807302951812744
34308,1114646,6877643,0.4806482195854187
34309,1114646,355643,0.48050451278686523
34310,1114646,3942334,0.4804152846336365
34311,1114646,2979475,0.4802548587322235
34312,1114646,5087653,0.47995808720588684
34313,1114646,5750279,0.47993820905685425
34314,1114646,3070290,0.47993004322052
34315,1114646,6286168,0.47986891865730286
34316,1114646,1302347,0.47963133454322815
34317,1114646,550443,0.47959035634994507
34318,1114646,8580421,0.4792840778827667
34319,1114646,8016103,0.479046493768692
34320,1114646,5063520,0.47901275753974915
34321,1114646,3814905,0.4790070354938507
34322,1114646,5140466,0.478536993265152
34323,1114646,5959595,0.4783283472061157
34324,1114646,587236,0.4781731367111206
34325,1114646,1136762,0.47812190651893616
34326,1114646,8394751,0.4779084622859955
34327,1114646,5866503,0.47783219814300537
34328,1114646,503784,0.477806031703949
34329,1114646,6387864,0.47768133878707886
34330,1114646,981789,0.47766152024269104
34331,1114646,3914558,0.47764572501182556
34332,1114646,3781020,0.47756829857826233
34333,1114646,572674,0.47741204500198364
34334,1114646,3314949,0.4773249626159668
34335,1114646,6378941,0.4771586060523987
34336,1114646,8117094,0.477108895778656
34337,1114646,5139289,0.4769042134284973
34338,1114646,2991133,0.4766874313354492
34339,1114646,3340712,0.4766561985015869
34340,1114646,5327008,0.47664743661880493
34341,1114646,1262737,0.47657501697540283
34342,1114646,2842763,0.47637006640434265
34343,1114646,2190339,0.4760853052139282
34344,1114646,2420621,0.47578001022338867
34345,1114646,3633305,0.47566622495651245
34346,1114646,2870878,0.4756106734275818
34347,1114646,3043647,0.4755796194076538
34348,1114646,1964607,0.475551575422287
34349,1114646,7768561,0.4753901958465576
34350,1114646,3044326,0.47535085678100586
34351,1114646,2161499,0.47531187534332275
34352,1114646,2754126,0.4752069115638733
34353,1114646,7473049,0.47517305612564087
34354,1114646,4791557,0.4747989773750305
34355,1114646,7308677,0.47477829456329346
34356,1114646,529081,0.4747415781021118
34357,1114646,6304385,0.474417120218277
34358,1114646,77201,0.47402268648147583
34359,1114646,5106698,0.47389450669288635
34360,1114646,2994261,0.4738568663597107
34361,1114646,6711108,0.473846435546875
34362,1114646,587242,0.47368937730789185
34363,1114646,8408583,0.47365647554397583
34364,1114646,458976,0.47365134954452515
34365,1114646,5407604,0.4734281301498413
34366,1114646,1826121,0.47325748205184937
34367,1114646,1846136,0.4731042981147766
34368,1114646,2654181,0.47299742698669434
34369,1114646,6363001,0.4729909300804138
34370,1114646,542726,0.47296446561813354
34371,1114646,5184647,0.4729416072368622
34372,1114646,465038,0.4729372262954712
34373,1114646,3284763,0.47279971837997437
34374,1114646,904198,0.4726558029651642
34375,1114646,1890041,0.4726238250732422
34376,1114646,349353,0.47261494398117065
34377,1114646,2998155,0.4725324809551239
34378,1114646,6275365,0.4724462628364563
34379,1114646,4647716,0.47238385677337646
34380,1114646,3901381,0.4723610281944275
34381,1114646,4823944,0.47233444452285767
34382,1114646,5489591,0.472269743680954
34383,1114646,1170958,0.47226226329803467
34384,1114646,4304625,0.4721575379371643
34385,1114646,5127886,0.47206413745880127
34386,1114646,994969,0.47197970747947693
34387,1114646,3015035,0.4719674587249756
34388,1114646,1139591,0.47187507152557373
34389,1114646,5524812,0.47157707810401917
34390,1114646,1848187,0.4715366065502167
34391,1114646,8408578,0.47119036316871643
34392,1114646,2124253,0.4709838330745697
34393,1114646,687062,0.4709141254425049
34394,1114646,8122413,0.47087541222572327
34395,1114646,8190375,0.47081518173217773
34396,1114646,6651417,0.47058483958244324
34397,1114646,6711103,0.470473051071167
34398,1114646,3439624,0.4704660177230835
34399,1114646,1855801,0.4704577922821045
34400,1114646,812568,0.47044089436531067
34401,1114646,4824350,0.47038477659225464
34402,1114646,188294,0.4703630208969116
34403,1114646,6281829,0.4703240990638733
34404,1114646,6946714,0.47007012367248535
34405,1114646,4762661,0.4700697064399719
34406,1114646,3655861,0.4699065685272217
34407,1114646,2340189,0.4698198139667511
34408,1114646,5139290,0.46978285908699036
34409,1114646,6788747,0.46962618827819824
34410,1114646,1855805,0.46958228945732117
34411,1114646,7490703,0.46953779458999634
34412,1114646,7768559,0.4694627523422241
34413,1114646,5618456,0.46927499771118164
34414,1114646,8338389,0.46920812129974365
34415,1114646,1262735,0.4691217243671417
34416,1114646,1167171,0.4691068232059479
34417,1114646,4858545,0.46909084916114807
34418,1114646,7675017,0.4690542221069336
34419,1114646,1331872,0.46897760033607483
34420,1114646,5244617,0.4689689874649048
34421,1114646,2210185,0.4688836336135864
34422,1114646,6872796,0.46885931491851807
34423,1114646,3319992,0.4686579406261444
34424,1114646,4419752,0.4686537981033325
34425,1114646,295212,0.46862804889678955
34426,1114646,766841,0.468479722738266
34427,1114646,6745396,0.46847325563430786
34428,1114646,5404714,0.4684097468852997
34429,1114646,3901380,0.46836209297180176
34430,1114646,6281835,0.46829620003700256
34431,1114646,6879324,0.46815454959869385
34432,1114646,4031071,0.46813124418258667
34433,1114646,2842769,0.4679909944534302
34434,1114646,7616437,0.4679604768753052
34435,1114646,2416515,0.4679485261440277
34436,1114646,4614710,0.4679450988769531
34437,1114646,2870903,0.4679328203201294
34438,1114646,5139291,0.4677722752094269
34439,1114646,4647725,0.4677584171295166
34440,1114646,7531387,0.4676673412322998
34441,1114646,2180676,0.46755361557006836
34442,1114646,3253209,0.4675295352935791
34443,1114646,7280644,0.4672842025756836
34444,1114646,4329761,0.46726933121681213
34445,1114646,3480746,0.4672020673751831
34446,1114646,2870904,0.4671527147293091
34447,1114646,994968,0.4671141505241394
34448,1114646,6841817,0.4671064019203186
34449,1114646,1136758,0.4671039581298828
34450,1114646,3507947,0.46701580286026
34451,1114646,1262733,0.4669248163700104
34452,1114646,1437282,0.46687382459640503
34453,1114646,355229,0.46673518419265747
34454,1114646,444382,0.466729998588562
34455,1114646,29615,0.4664442539215088
34456,1114646,2858889,0.466444194316864
34457,1114646,5364997,0.4664066433906555
34458,1114646,2124254,0.4663844108581543
34459,1114646,3380556,0.4660540819168091
34460,1114646,7383324,0.4659375548362732
34461,1114646,2248438,0.46593084931373596
34462,1114646,1618580,0.46579909324645996
34463,1114646,6378940,0.46579688787460327
34464,1114646,3708254,0.4657493531703949
34465,1114646,3518932,0.4656746983528137
34466,1114646,8348049,0.46562719345092773
34467,1114646,1543342,0.46557003259658813
34468,1114646,1609769,0.46550655364990234
34469,1114646,3857434,0.46527910232543945
34470,1114646,427377,0.46526235342025757
34471,1114646,7278611,0.4652509093284607
34472,1114646,1297837,0.46521350741386414
34473,1114646,155485,0.4651748239994049
34474,1114646,6667903,0.4650806188583374
34475,1114646,3633307,0.46487942337989807
34476,1114646,909583,0.4648416042327881
34477,1114646,723302,0.4647254943847656
34478,1114646,1320853,0.46463334560394287
34479,1114646,1985598,0.46460944414138794
34480,1114646,3558322,0.4645548164844513
34481,1114646,6391241,0.4645381569862366
34482,1114646,527199,0.46444058418273926
34483,1114646,8514993,0.4644305109977722
34484,1114646,354605,0.46434468030929565
34485,1114646,7304036,0.4642685055732727
34486,1114646,4460731,0.46424752473831177
34487,1114646,2083622,0.46424150466918945
34488,1114646,6638126,0.4642241597175598
34489,1114646,263619,0.464194118976593
34490,1114646,1831997,0.46407389640808105
34491,1114646,1531316,0.46405887603759766
34492,1114646,8635913,0.4639468193054199
34493,1114646,1014934,0.46391916275024414
34494,1114646,7762608,0.4639037251472473
34495,1114646,3843848,0.46389690041542053
34496,1114646,7477737,0.46387535333633423
34497,1114646,5935676,0.4637566804885864
34498,1114646,4304626,0.46373045444488525
34499,1114646,8221558,0.46372413635253906
34500,1114646,5065373,0.46370887756347656
34501,1114646,7638657,0.4636969566345215
34502,1114646,812574,0.46358636021614075
34503,1114646,5489592,0.4634276032447815
34504,1114646,8792536,0.46335554122924805
34505,1114646,2220137,0.4633140563964844
34506,1114646,7314103,0.4632814824581146
34507,1114646,5113337,0.46319761872291565
34508,1114646,2077030,0.4631623327732086
34509,1114646,7762605,0.4631602466106415
34510,1114646,2911037,0.4631550908088684
34511,1114646,6197226,0.46298959851264954
34512,1114646,458969,0.46292123198509216
34513,1114646,2837431,0.46284425258636475
34514,1114646,80205,0.4627911150455475
34515,1114646,1855808,0.46278226375579834
34516,1114646,3841019,0.4627722501754761
34517,1114646,1227852,0.46263760328292847
34518,1114646,2190337,0.4625660181045532
34519,1114646,1250356,0.4623616933822632
34520,1114646,7607391,0.46233856678009033
34521,1114646,5489596,0.4623123109340668
34522,1114646,7619185,0.4621969163417816
34523,1114646,6740141,0.46215295791625977
34524,1114646,1393550,0.4619864225387573
34525,1114646,152438,0.4619251787662506
34526,1114646,1184528,0.46190333366394043
34527,1114646,6619399,0.46190145611763
34528,1114646,6496252,0.46185004711151123
34529,1114646,1888401,0.4618171453475952
34530,1114646,5001453,0.4618101119995117
34531,1114646,8641239,0.4617961049079895
34532,1114646,5127887,0.4617515206336975
34533,1114646,6872803,0.46171456575393677
34534,1114646,4867164,0.46157389879226685
34535,1114646,5739070,0.4615634083747864
34536,1114646,3988012,0.4615393280982971
34537,1114646,7065008,0.4614870250225067
34538,1114646,2180675,0.4614547789096832
34539,1114646,2416517,0.4614456295967102
34540,1114646,2754127,0.46123385429382324
34541,1114646,392212,0.4609738886356354
34542,1114646,687064,0.4606454372406006
34543,1114646,2785028,0.4606437087059021
34544,1114646,3225321,0.4605531394481659
34545,1114646,6762386,0.46044275164604187
34546,1114646,7664522,0.4604218304157257
34547,1114646,6337291,0.4604125916957855
34548,1114646,6886642,0.4603732228279114
34549,1114646,7328311,0.46034836769104004
34550,1114646,8338393,0.4602847695350647
34551,1114646,4185999,0.46024277806282043
34552,1114646,7647763,0.4601992666721344
34553,1114646,136064,0.4601684510707855
34554,1114646,2979478,0.46015745401382446
34555,1114646,2100413,0.460043340921402
34556,1114646,3499448,0.4598332345485687
34557,1114646,1312675,0.45977315306663513
34558,1114646,7427629,0.4597387909889221
34559,1114646,1543348,0.45973336696624756
34560,1114646,8450257,0.45970726013183594
34561,1114646,1612682,0.45961451530456543
34562,1114646,1167175,0.45960691571235657
34563,1114646,2272934,0.4595400094985962
34564,1114646,2842764,0.45943695306777954
34565,1114646,225042,0.4593031406402588
34566,1114646,7369013,0.459190309047699
34567,1114646,1930244,0.4591056704521179
34568,1114646,2064092,0.45901644229888916
34569,1114646,463076,0.4589882493019104
34570,1114646,984043,0.4589482545852661
34571,1114646,6209115,0.45887547731399536
34572,1114646,351152,0.4586825370788574
34573,1114646,5126388,0.458665668964386
34574,1114646,3439622,0.458475798368454
34575,1114646,6753845,0.45846524834632874
34576,1114646,4698705,0.45842936635017395
34577,1114646,5900217,0.45839574933052063
34578,1114646,2416516,0.45832565426826477
34579,1114646,3266921,0.4583079218864441
34580,1114646,120062,0.45830413699150085
34581,1114646,1582888,0.458296000957489
34582,1114646,341144,0.4581785202026367
34583,1114646,4184533,0.4581718146800995
34584,1114646,3494564,0.45811861753463745
34585,1114646,6289972,0.4580649137496948
34586,1114646,6275362,0.4580090641975403
34587,1114646,1739113,0.458008736371994
34588,1114646,5017981,0.45797157287597656
34589,1114646,1102979,0.4579133987426758
34590,1114646,7798367,0.4579067528247833
34591,1114646,7192690,0.4577752947807312
34592,1114646,687066,0.4577715992927551
34593,1114646,3942336,0.45757290720939636
34594,1114646,6877642,0.4575119614601135
34595,1114646,2404248,0.4574982523918152
34596,1114646,4957140,0.45749714970588684
34597,1114646,4694683,0.4574494957923889
34598,1114646,7596754,0.45741724967956543
34599,1114646,4739587,0.4573977589607239
34600,1114646,7911828,0.4573441445827484
34601,1114646,5251706,0.4572775065898895
34602,1114646,7744770,0.4572429656982422
34603,1114646,2222545,0.4572417736053467
34604,1114646,5531625,0.4570823907852173
34605,1114646,7037697,0.4570466876029968
34606,1114646,687522,0.45696955919265747
34607,1114646,3178012,0.4569295048713684
34608,1114646,6763788,0.45692670345306396
34609,1114646,3631149,0.4569239020347595
34610,1114646,1320843,0.4569055438041687
34611,1114646,4614715,0.4568479061126709
34612,1114646,4185711,0.45683807134628296
34613,1114646,5804511,0.4568047821521759
34614,1114646,2931850,0.45675039291381836
34615,1114646,2245935,0.45659807324409485
34616,1114646,706175,0.4565317630767822
34617,1114646,8327123,0.45641186833381653
34618,1114646,7976917,0.4563167095184326
34619,1114646,5041694,0.4562734067440033
34620,1114646,3843844,0.45620957016944885
34621,1114646,7945829,0.45620083808898926
34622,1114646,4494010,0.4561663269996643
34623,1114646,5888801,0.4561336934566498
34624,1114646,3519958,0.45599448680877686
34625,1114646,6789721,0.4559430480003357
34626,1114646,5986855,0.4558958411216736
34627,1114646,2425750,0.4556940197944641
34628,1114646,8112258,0.455676794052124
34629,1114646,1543347,0.45564308762550354
34630,1114646,7328314,0.4556330740451813
34631,1114646,1812370,0.4556155204772949
34632,1114646,2248437,0.45553797483444214
34633,1114646,790716,0.4555070102214813
34634,1114646,5709376,0.45546913146972656
34635,1114646,6897430,0.45546603202819824
34636,1114646,788515,0.4553771913051605
34637,1114646,2180677,0.4553709924221039
34638,1114646,1934524,0.4552604556083679
34639,1114646,2870874,0.45519858598709106
34640,1114646,7473053,0.455139696598053
34641,1114646,4089931,0.4550625681877136
34642,1114646,8662673,0.4549790024757385
34643,1114646,5701024,0.4547222852706909
34644,1114646,134398,0.4547117054462433
34645,1114646,5001454,0.4547046422958374
34646,1114646,463074,0.45469093322753906
34647,1114646,2280540,0.4546687602996826
34648,1114646,7591245,0.45440036058425903
34649,1114646,7356,0.4543875455856323
34650,1114646,8117087,0.4543643891811371
34651,1114646,136068,0.4543168842792511
34652,1114646,5417954,0.4542914628982544
34653,1114646,810154,0.45424044132232666
34654,1114646,4739345,0.45422664284706116
34655,1114646,8752869,0.4541879892349243
34656,1114646,2972593,0.454068660736084
34657,1114646,3700378,0.4540490508079529
34658,1114646,3858079,0.45392629504203796
34659,1114646,5417953,0.45386600494384766
34660,1114646,8152399,0.45373350381851196
34661,1114646,5417952,0.4536457359790802
34662,1114646,7494192,0.4535582959651947
34663,1114646,2222044,0.45348531007766724
34664,1114646,2006516,0.45328447222709656
34665,1114646,6602420,0.4530985355377197
34666,1114646,6740140,0.4530414938926697
34667,1114646,5153518,0.45301538705825806
34668,1114646,8111703,0.4530017375946045
34669,1114646,704326,0.4529971778392792
34670,1114646,6001419,0.4528370797634125
34671,1114646,1236461,0.4528355598449707
34672,1114646,8348045,0.45282936096191406
34673,1114646,8185549,0.4527195692062378
34674,1114646,4694687,0.45271191000938416
34675,1114646,3345201,0.45263123512268066
34676,1114646,1261448,0.45257091522216797
34677,1114646,8329774,0.4525440037250519
34678,1114646,4694686,0.45251354575157166
34679,1114646,8170064,0.45239657163619995
34680,1114646,3838052,0.4523395299911499
34681,1114646,1158122,0.45233166217803955
34682,1114646,2396083,0.45229607820510864
34683,1114646,2404251,0.45228874683380127
34684,1114646,652090,0.45225369930267334
34685,1114646,76911,0.4522051215171814
34686,1114646,2416520,0.45217394828796387
34687,1114646,6337285,0.452046275138855
34688,1114646,5417957,0.4520009160041809
34689,1114646,7183603,0.4519574046134949
34690,1114646,2062550,0.4519071578979492
34691,1114646,4490107,0.45180827379226685
34692,1114646,812570,0.4517597258090973
34693,1114646,7974981,0.4517405033111572
34694,1114646,2858896,0.4517342150211334
34695,1114646,1919865,0.4517174959182739
34696,1114646,6133482,0.45167016983032227
34697,1114646,4458200,0.4516427516937256
34698,1114646,3633309,0.4516088664531708
34699,1114646,1570363,0.451587438583374
34700,1114646,6710727,0.4515790641307831
34701,1114646,7328308,0.451571524143219
34702,1114646,6802810,0.45151346921920776
34703,1114646,4047398,0.4514429271221161
34704,1114646,3843847,0.45140355825424194
34705,1114646,2596912,0.45124804973602295
34706,1114646,8031987,0.45124590396881104
34707,1114646,2460979,0.45122620463371277
34708,1114646,2363916,0.4512224495410919
34709,1114646,6715769,0.45116502046585083
34710,1114646,475173,0.45112618803977966
34711,1114646,3857440,0.4510979652404785
34712,1114646,1543343,0.45107218623161316
34713,1114646,6367643,0.4510115683078766
34714,1114646,5640861,0.45096197724342346
34715,1114646,8467535,0.45093876123428345
34716,1114646,4735611,0.45092713832855225
34717,1114646,4334227,0.4509173631668091
34718,1114646,6762384,0.4509067237377167
34719,1114646,5259710,0.450903058052063
34720,1114646,1660021,0.45088380575180054
34721,1114646,471212,0.4508330821990967
34722,1114646,2107652,0.45073121786117554
34723,1114646,7037794,0.45073002576828003
34724,1114646,189122,0.4507162570953369
34725,1114646,932614,0.4506343901157379
34726,1114646,8248503,0.45056748390197754
34727,1114646,3857433,0.4505595564842224
34728,1114646,3988011,0.4505295157432556
34729,1114646,8398170,0.4504556655883789
34730,1114646,8327124,0.45045018196105957
34731,1114646,1769535,0.4502447843551636
34732,1114646,713771,0.4501509666442871
34733,1114646,7027264,0.45013427734375
34734,1114646,1689207,0.4501078128814697
34735,1114646,7139839,0.4500914514064789
34736,1114646,4903553,0.45005089044570923
34737,1114646,5259669,0.4499194622039795
34738,1114646,3243834,0.4499059021472931
34739,1114646,429370,0.4498634934425354
34740,1114646,6056182,0.44978559017181396
34741,1114646,1301846,0.44968217611312866
34742,1114646,8122411,0.44967979192733765
34743,1114646,7977514,0.4496549963951111
34744,1114646,5023973,0.449575811624527
34745,1114646,4823939,0.449532687664032
34746,1114646,599325,0.4494675099849701
34747,1114646,4095569,0.4493602514266968
34748,1114646,7646093,0.4492892026901245
34749,1114646,597909,0.44918859004974365
34750,1114646,2743254,0.4491862654685974
34751,1114646,5113333,0.44918549060821533
34752,1114646,7234442,0.4491737484931946
34753,1114646,2689904,0.44917261600494385
34754,1114646,3965664,0.44914865493774414
34755,1114646,444375,0.4490824341773987
34756,1114646,994971,0.4490729570388794
34757,1114646,2064091,0.44906288385391235
34758,1114646,8363271,0.4489102363586426
34759,1114646,7383320,0.4487506151199341
34760,1114646,2786069,0.4487338662147522
34761,1114646,3221858,0.44870731234550476
34762,1114646,550449,0.4486992061138153
34763,1114646,5377376,0.4486711919307709
34764,1114646,6809174,0.448661208152771
34765,1114646,8474635,0.44864699244499207
34766,1114646,5189853,0.44858014583587646
34767,1114646,5817190,0.44840943813323975
34768,1114646,79850,0.44840770959854126
34769,1114646,2307865,0.4483908414840698
34770,1114646,993645,0.44831037521362305
34771,1114646,1101875,0.4482446312904358
34772,1114646,6536438,0.44819289445877075
34773,1114646,580864,0.448166161775589
34774,1114646,1888404,0.44806164503097534
34775,1114646,3843840,0.44804272055625916
34776,1114646,3036936,0.4480133056640625
34777,1114646,772399,0.44798508286476135
34778,1114646,2396089,0.4479847550392151
34779,1114646,65175,0.44796356558799744
34780,1114646,2122740,0.4479634165763855
34781,1114646,155514,0.44777989387512207
34782,1114646,6868860,0.4477635622024536
34783,1114646,798238,0.4477616548538208
34784,1114646,3053256,0.4477480947971344
34785,1114646,2416514,0.447695255279541
34786,1114646,4279706,0.44760847091674805
34787,1114646,1913373,0.4476057291030884
34788,1114646,4698702,0.4475734233856201
34789,1114646,2949175,0.4475080966949463
34790,1114646,2326449,0.447482168674469
34791,1114646,7663053,0.44745996594429016
34792,1114646,5835260,0.4474041759967804
34793,1114646,842913,0.44732433557510376
34794,1114646,83451,0.4473184645175934
34795,1114646,2460978,0.4472466707229614
34796,1114646,190438,0.4472465515136719
34797,1114646,8662664,0.44721049070358276
34798,1114646,2245940,0.4472010135650635
34799,1114646,6508283,0.44716113805770874
34800,1114646,3028463,0.4471326768398285
34801,1114646,3843841,0.4470801055431366
34802,1114646,6246298,0.44704434275627136
34803,1114646,3195835,0.4470282196998596
34804,1114646,2164566,0.4469909071922302
34805,1114646,4003347,0.44696956872940063
34806,1114646,5133296,0.44695329666137695
34807,1114646,3533031,0.44687557220458984
34808,1114646,4789561,0.44684481620788574
34809,1114646,1116475,0.44679737091064453
34810,1114646,7686869,0.44670528173446655
34811,1114646,1650983,0.44668644666671753
34812,1114646,425105,0.44665464758872986
34813,1114646,5332674,0.44658297300338745
34814,1114646,1559230,0.44655752182006836
34815,1114646,4184537,0.44644904136657715
34816,1114646,6116155,0.44644689559936523
34817,1114646,687529,0.4464263916015625
34818,1114646,6982408,0.4463517665863037
34819,1114646,188290,0.44630318880081177
34820,1114646,7278603,0.44626951217651367
34821,1114646,6275366,0.44624248147010803
34822,1114646,1536633,0.4462152123451233
34823,1114646,1314004,0.44620996713638306
34824,1114646,1855807,0.4461829364299774
34825,1114646,6387858,0.44613340497016907
34826,1114646,909106,0.44597554206848145
34827,1114646,3184851,0.4458092153072357
34828,1114646,5251700,0.4458034634590149
34829,1114646,8111696,0.4457954168319702
34830,1114646,6762393,0.44579017162323
34831,1114646,3971020,0.4457796812057495
34832,1114646,1042483,0.4457451105117798
34833,1114646,1266947,0.4457334876060486
34834,1114646,1737054,0.44569796323776245
34835,1114646,121627,0.4456228017807007
34836,1114646,6159145,0.4455849230289459
34837,1114646,6789725,0.4455788731575012
34838,1114646,7833401,0.44553321599960327
34839,1114646,5685817,0.44546520709991455
34840,1114646,3394469,0.4454018473625183
34841,1114646,5775469,0.4453498423099518
34842,1114646,2920697,0.4453074634075165
34843,1114646,7440334,0.44521522521972656
34844,1114646,3260645,0.44510987401008606
34845,1114646,427373,0.44498902559280396
34846,1114646,2416519,0.4449816644191742
34847,1114646,1811915,0.4449784457683563
34848,1114646,4373287,0.4449017345905304
34849,1114646,4698701,0.44487810134887695
34850,1114646,6259607,0.444783091545105
34851,1114646,3150062,0.4447677731513977
34852,1114646,2689909,0.4447607398033142
34853,1114646,2936492,0.4446949064731598
34854,1114646,5953171,0.44468575716018677
34855,1114646,4739586,0.4446811079978943
34856,1114646,4995252,0.44465553760528564
34857,1114646,2190336,0.44461899995803833
34858,1114646,136065,0.44461119174957275
34859,1114646,8056536,0.4444732666015625
34860,1114646,810151,0.44443759322166443
34861,1114646,1543344,0.4442218542098999
34862,1114646,2524272,0.4441429674625397
34863,1114646,8348050,0.4441186487674713
34864,1114646,8241327,0.44408106803894043
34865,1114646,5297534,0.4440777897834778
34866,1114646,7037702,0.444057822227478
34867,1114646,1940714,0.44404104351997375
34868,1114646,1136765,0.44396963715553284
34869,1114646,8641241,0.4438525438308716
34870,1114646,3843842,0.4437028169631958
34871,1114646,8514995,0.4436849355697632
34872,1114646,6286940,0.4435860514640808
34873,1114646,4962936,0.4435354769229889
34874,1114646,1136767,0.44352635741233826
34875,1114646,3814900,0.44352349638938904
34876,1114646,372235,0.4433843493461609
34877,1114646,245336,0.4433555603027344
34878,1114646,7546896,0.44334089756011963
34879,1114646,3843846,0.4433203935623169
34880,1114646,6872797,0.4433121681213379
34881,1114646,7568989,0.4432888627052307
34882,1114646,5186326,0.4432834982872009
34883,1114646,543384,0.4432816505432129
34884,1114646,1563983,0.44327259063720703
34885,1114646,4387368,0.4432477653026581
34886,1114646,6387863,0.4431557357311249
34887,1114646,4753621,0.44313597679138184
34888,1114646,2551270,0.4430442750453949
34889,1114646,444377,0.44300970435142517
34890,1114646,364630,0.4429827928543091
34891,1114646,3184850,0.44296175241470337
34892,1114646,6103377,0.44295844435691833
34893,1114646,5988514,0.44295358657836914
34894,1114646,6293487,0.4429486393928528
34895,1114646,7220619,0.44294533133506775
34896,1114646,6941441,0.44277819991111755
34897,1114646,4579183,0.44275325536727905
34898,1114646,8408580,0.44273102283477783
34899,1114646,1307497,0.442712664604187
34900,1114646,188296,0.4426337778568268
34901,1114646,5804514,0.4425845742225647
34902,1114646,5103512,0.44257986545562744
34903,1114646,5217013,0.44256001710891724
34904,1114646,1612680,0.44253236055374146
34905,1114646,7812876,0.4424799382686615
34906,1114646,2190331,0.44247740507125854
34907,1114646,2054359,0.44240450859069824
34908,1114646,8745437,0.4424034357070923
34909,1114646,8045368,0.4422551691532135
34910,1114646,2842760,0.44222187995910645
34911,1114646,7927946,0.4422179162502289
34912,1114646,2876369,0.44221585988998413
34913,1114646,3925496,0.44216734170913696
34914,1114646,5001455,0.44213277101516724
34915,1114646,7984337,0.44205594062805176
34916,1114646,7646091,0.44204360246658325
34917,1114646,3280065,0.44200265407562256
34918,1114646,6333458,0.4419867694377899
34919,1114646,8148968,0.44191616773605347
34920,1114646,8655086,0.4418565034866333
34921,1114646,2587732,0.4418404698371887
34922,1114646,7922114,0.4418291747570038
34923,1114646,5610159,0.44179975986480713
34924,1114646,3429898,0.44172167778015137
34925,1114646,188293,0.44170331954956055
34926,1114646,2796404,0.4416923224925995
34927,1114646,4896157,0.44166290760040283
34928,1114646,6619401,0.4416564106941223
34929,1114646,2008740,0.44162261486053467
34930,1114646,8117095,0.44152581691741943
34931,1114646,9079,0.4414839744567871
34932,1114646,5106696,0.44146353006362915
34933,1114646,5673862,0.4412915110588074
34934,1114646,684394,0.4411263167858124
34935,1114646,6271133,0.4411115050315857
34936,1114646,5186320,0.441107839345932
34937,1114646,7173756,0.44106870889663696
34938,1114646,7754630,0.4410489797592163
34939,1114646,5322982,0.4409981369972229
34940,1114646,5425013,0.44092199206352234
34941,1114646,6434628,0.4409095048904419
34942,1114646,4383738,0.4408894181251526
34943,1114646,2987276,0.44088757038116455
34944,1114646,4263279,0.44083496928215027
34945,1114646,7328309,0.4408184289932251
34946,1114646,7405603,0.4407947063446045
34947,1114646,4761470,0.4407843351364136
34948,1114646,544987,0.4407438337802887
34949,1114646,272735,0.4407408535480499
34950,1114646,4030049,0.4406684637069702
34951,1114646,2248439,0.44063353538513184
34952,1114646,7681888,0.4406065046787262
34953,1114646,6464564,0.4405978322029114
34954,1114646,6509798,0.44055110216140747
34955,1114646,5197203,0.4405369758605957
34956,1114646,4185998,0.4404945969581604
34957,1114646,6484457,0.44045907258987427
34958,1114646,6689225,0.44041872024536133
34959,1114646,646475,0.44039878249168396
34960,1114646,7180252,0.44037628173828125
34961,1114646,3533037,0.44035327434539795
34962,1114646,1661812,0.4403301477432251
34963,1114646,7675379,0.44026798009872437
34964,1114646,8454121,0.44019636511802673
34965,1114646,684396,0.44017601013183594
34966,1114646,7477847,0.44014662504196167
34967,1114646,4788085,0.44007569551467896
34968,1114646,1092446,0.4400690197944641
34969,1114646,3409539,0.44006669521331787
34970,1114646,6485229,0.4400561451911926
34971,1114646,6790429,0.4400554895401001
34972,1114646,932617,0.44005531072616577
34973,1114646,4252988,0.4399526119232178
34974,1114646,7531391,0.43991342186927795
34975,1114646,2190332,0.4399065375328064
34976,1114646,2321161,0.4398842453956604
34977,1114646,3242018,0.43983954191207886
34978,1114646,7927952,0.43980342149734497
34979,1114646,337844,0.4398018717765808
34980,1114646,8467527,0.4397887885570526
34981,1114646,4903554,0.43969792127609253
34982,1114646,1649880,0.4395424425601959
34983,1114646,993650,0.43954014778137207
34984,1114646,5685822,0.4395134747028351
34985,1114646,834466,0.4394400715827942
34986,1114646,4526866,0.4394095242023468
34987,1114646,295208,0.43939995765686035
34988,1114646,150570,0.43938344717025757
34989,1114646,536778,0.43937748670578003
34990,1114646,4225581,0.43937480449676514
34991,1114646,5153519,0.43936407566070557
34992,1114646,6337290,0.43931931257247925
34993,1114646,4976435,0.43922755122184753
34994,1114646,7190964,0.4391491413116455
34995,1114646,4332918,0.43906551599502563
34996,1114646,1017369,0.439065158367157
34997,1114646,7743770,0.43904489278793335
34998,1114646,5129895,0.4390098452568054
34999,1114646,6926736,0.43900012969970703
35000,1114819,5521371,0.7825782299041748
35001,1114819,1315993,0.732850193977356
35002,1114819,344350,0.7200992107391357
35003,1114819,3781418,0.7168133854866028
35004,1114819,1315994,0.7153881192207336
35005,1114819,1724520,0.7097201347351074
35006,1114819,8022280,0.7090991735458374
35007,1114819,785027,0.6900007128715515
35008,1114819,8115439,0.6868150234222412
35009,1114819,6941478,0.6839203834533691
35010,1114819,8115435,0.6825079917907715
35011,1114819,694737,0.6814296841621399
35012,1114819,988373,0.6743348836898804
35013,1114819,4890560,0.6688985824584961
35014,1114819,7803435,0.6668424606323242
35015,1114819,8754404,0.6644387245178223
35016,1114819,344351,0.6635066270828247
35017,1114819,8022276,0.6578991413116455
35018,1114819,3906952,0.6574236154556274
35019,1114819,5521373,0.6551750898361206
35020,1114819,1315998,0.6520562171936035
35021,1114819,6900766,0.6480575799942017
35022,1114819,3906959,0.6472628712654114
35023,1114819,5628952,0.6453807950019836
35024,1114819,3484458,0.6419696807861328
35025,1114819,8336232,0.6383630037307739
35026,1114819,8096824,0.6374729871749878
35027,1114819,8115440,0.6345040798187256
35028,1114819,5165249,0.634482741355896
35029,1114819,8508263,0.6248804926872253
35030,1114819,8480574,0.6219968795776367
35031,1114819,1724528,0.6209267377853394
35032,1114819,1738250,0.6208596229553223
35033,1114819,534362,0.6201149225234985
35034,1114819,1315996,0.6186366677284241
35035,1114819,1735443,0.6107655763626099
35036,1114819,8336230,0.604653000831604
35037,1114819,988374,0.6033965349197388
35038,1114819,2212059,0.602607250213623
35039,1114819,8336225,0.6012040376663208
35040,1114819,1724525,0.6002234220504761
35041,1114819,988370,0.6001062393188477
35042,1114819,1738242,0.599777102470398
35043,1114819,8754397,0.5996795892715454
35044,1114819,6900767,0.598197340965271
35045,1114819,8115700,0.5979729890823364
35046,1114819,1248112,0.5957491397857666
35047,1114819,1724526,0.5914093255996704
35048,1114819,6900773,0.5902212858200073
35049,1114819,6202321,0.58560711145401
35050,1114819,2477692,0.5802524089813232
35051,1114819,8096817,0.5784316062927246
35052,1114819,7803429,0.5781930685043335
35053,1114819,8088109,0.5781143307685852
35054,1114819,8754398,0.5772427320480347
35055,1114819,8579830,0.5751063823699951
35056,1114819,3906954,0.5703648328781128
35057,1114819,1009500,0.5672693252563477
35058,1114819,8508255,0.5639266967773438
35059,1114819,5628950,0.5636967420578003
35060,1114819,1419798,0.5605720281600952
35061,1114819,1816958,0.5580796599388123
35062,1114819,1419801,0.5564565658569336
35063,1114819,6900774,0.5553827285766602
35064,1114819,2831393,0.5549037456512451
35065,1114819,8022279,0.5539605617523193
35066,1114819,5019830,0.5493956208229065
35067,1114819,6202317,0.5442105531692505
35068,1114819,1302004,0.5433849096298218
35069,1114819,3781422,0.5432662963867188
35070,1114819,2590453,0.5413533449172974
35071,1114819,8579832,0.5396013259887695
35072,1114819,988376,0.539024293422699
35073,1114819,5628955,0.5382484793663025
35074,1114819,1315995,0.538135290145874
35075,1114819,1738243,0.5364718437194824
35076,1114819,7588045,0.5363404750823975
35077,1114819,3435167,0.533421516418457
35078,1114819,8508259,0.5318355560302734
35079,1114819,785028,0.5301730632781982
35080,1114819,8115705,0.529483437538147
35081,1114819,8579835,0.5281015634536743
35082,1114819,7070941,0.5273629426956177
35083,1114819,5019832,0.5259267091751099
35084,1114819,5718418,0.5255517959594727
35085,1114819,1302007,0.52484130859375
35086,1114819,5156171,0.5243170261383057
35087,1114819,8022281,0.523989737033844
35088,1114819,2192061,0.523548424243927
35089,1114819,7851748,0.5220739245414734
35090,1114819,1917091,0.5209956765174866
35091,1114819,2192058,0.5184552669525146
35092,1114819,8088111,0.5159012675285339
35093,1114819,3435164,0.51510089635849
35094,1114819,6820823,0.5150966644287109
35095,1114819,7132894,0.5137706995010376
35096,1114819,5718417,0.5126190185546875
35097,1114819,988369,0.5125384330749512
35098,1114819,2192060,0.5088100433349609
35099,1114819,1245298,0.5076757073402405
35100,1114819,6985097,0.5075140595436096
35101,1114819,3781419,0.5046790242195129
35102,1114819,453325,0.5040534734725952
35103,1114819,6202316,0.5029808282852173
35104,1114819,1724521,0.5029639005661011
35105,1114819,8088108,0.5007283687591553
35106,1114819,8115442,0.4998681843280792
35107,1114819,8579828,0.49899548292160034
35108,1114819,6900769,0.49788057804107666
35109,1114819,2590455,0.4977453947067261
35110,1114819,694735,0.49715569615364075
35111,1114819,8579833,0.4958517551422119
35112,1114819,6959292,0.49322932958602905
35113,1114819,1208111,0.4927026331424713
35114,1114819,2694515,0.4921473264694214
35115,1114819,862869,0.4893052577972412
35116,1114819,8027206,0.4887491464614868
35117,1114819,5452138,0.48597660660743713
35118,1114819,255279,0.48578739166259766
35119,1114819,1724523,0.4857833683490753
35120,1114819,1761563,0.4857798218727112
35121,1114819,8508254,0.4857322871685028
35122,1114819,8088105,0.48550641536712646
35123,1114819,7165861,0.48493123054504395
35124,1114819,4700106,0.4822208881378174
35125,1114819,6564169,0.48129725456237793
35126,1114819,8336231,0.480965793132782
35127,1114819,8736056,0.48041805624961853
35128,1114819,2008577,0.4803794026374817
35129,1114819,8027210,0.4778097867965698
35130,1114819,2212058,0.47768738865852356
35131,1114819,988378,0.4776543378829956
35132,1114819,5026286,0.4770839810371399
35133,1114819,8336229,0.4769166111946106
35134,1114819,1852066,0.4738578200340271
35135,1114819,7851756,0.47357916831970215
35136,1114819,3906958,0.4735361635684967
35137,1114819,6027612,0.4723021686077118
35138,1114819,8115436,0.4720839262008667
35139,1114819,3184701,0.4702989459037781
35140,1114819,2590454,0.47005122900009155
35141,1114819,1245291,0.46977698802948
35142,1114819,6382753,0.4696581959724426
35143,1114819,694734,0.46793872117996216
35144,1114819,2371806,0.4676468074321747
35145,1114819,1838199,0.46745407581329346
35146,1114819,7132895,0.4658411145210266
35147,1114819,750446,0.46506696939468384
35148,1114819,8491989,0.4632275700569153
35149,1114819,8115437,0.46239417791366577
35150,1114819,8625086,0.4614851474761963
35151,1114819,2590447,0.46139103174209595
35152,1114819,4986043,0.4610499441623688
35153,1114819,3284795,0.45945194363594055
35154,1114819,3419282,0.4588589072227478
35155,1114819,3200532,0.45746803283691406
35156,1114819,422996,0.4571661353111267
35157,1114819,5019839,0.45699965953826904
35158,1114819,5628956,0.456645667552948
35159,1114819,1307312,0.4563784897327423
35160,1114819,8115701,0.45628249645233154
35161,1114819,3906955,0.4551768898963928
35162,1114819,4630859,0.4548758268356323
35163,1114819,7103654,0.4546468257904053
35164,1114819,6578914,0.45459216833114624
35165,1114819,8022277,0.45430266857147217
35166,1114819,1761565,0.4532057046890259
35167,1114819,126884,0.45285284519195557
35168,1114819,3864250,0.4527290463447571
35169,1114819,8024890,0.45239245891571045
35170,1114819,255282,0.45046621561050415
35171,1114819,5408575,0.4502910077571869
35172,1114819,2040811,0.4502768814563751
35173,1114819,2590451,0.4498332142829895
35174,1114819,572417,0.4488676190376282
35175,1114819,2357629,0.4485752284526825
35176,1114819,2008574,0.44778940081596375
35177,1114819,2672766,0.44730833172798157
35178,1114819,3435158,0.446615606546402
35179,1114819,8754395,0.4457922577857971
35180,1114819,6291935,0.4455838203430176
35181,1114819,8115434,0.44514036178588867
35182,1114819,2839946,0.44478046894073486
35183,1114819,3435160,0.44457486271858215
35184,1114819,6253963,0.44449302554130554
35185,1114819,268850,0.44370055198669434
35186,1114819,3863744,0.4429228901863098
35187,1114819,2192064,0.442317932844162
35188,1114819,1816956,0.44181156158447266
35189,1114819,2672770,0.4413439631462097
35190,1114819,2905243,0.44054853916168213
35191,1114819,568420,0.44040223956108093
35192,1114819,311272,0.44026046991348267
35193,1114819,658436,0.4398108720779419
35194,1114819,3379224,0.43979889154434204
35195,1114819,7792322,0.4397342801094055
35196,1114819,1297670,0.43948599696159363
35197,1114819,8768742,0.4389929473400116
35198,1114819,988375,0.4389825463294983
35199,1114819,1103686,0.438721239566803
35200,1114819,3050509,0.43837791681289673
35201,1114819,5628953,0.43834853172302246
35202,1114819,7454512,0.4381196200847626
35203,1114819,3864255,0.43798011541366577
35204,1114819,1738248,0.43764275312423706
35205,1114819,4404333,0.43708163499832153
35206,1114819,8754399,0.43696701526641846
35207,1114819,771719,0.43640968203544617
35208,1114819,3835163,0.4363201856613159
35209,1114819,152686,0.4361661970615387
35210,1114819,3864256,0.43595755100250244
35211,1114819,171208,0.4357922673225403
35212,1114819,3892518,0.4351806640625
35213,1114819,6177725,0.4339524507522583
35214,1114819,1724522,0.4337650537490845
35215,1114819,2076431,0.4336559772491455
35216,1114819,7181561,0.4331439733505249
35217,1114819,2192065,0.4331028461456299
35218,1114819,2076434,0.4321442246437073
35219,1114819,8336223,0.43211132287979126
35220,1114819,8206652,0.43182283639907837
35221,1114819,3882038,0.4315522313117981
35222,1114819,4944914,0.4313735067844391
35223,1114819,988371,0.4312645494937897
35224,1114819,7070943,0.4308486878871918
35225,1114819,5097007,0.4304414391517639
35226,1114819,5269112,0.42984843254089355
35227,1114819,5735505,0.4295003116130829
35228,1114819,1316000,0.42942509055137634
35229,1114819,6291937,0.4289923906326294
35230,1114819,3849804,0.4288342595100403
35231,1114819,3320712,0.42871764302253723
35232,1114819,1302008,0.42790788412094116
35233,1114819,1724527,0.42784953117370605
35234,1114819,7045705,0.42775410413742065
35235,1114819,8484749,0.4277283251285553
35236,1114819,1738246,0.42728662490844727
35237,1114819,3377165,0.4270855486392975
35238,1114819,4236463,0.42672985792160034
35239,1114819,8146123,0.4265475273132324
35240,1114819,6740282,0.4252723157405853
35241,1114819,3906953,0.42504289746284485
35242,1114819,1625836,0.4243100881576538
35243,1114819,6985096,0.424042284488678
35244,1114819,4943505,0.4237658977508545
35245,1114819,5019838,0.4236661195755005
35246,1114819,5961457,0.4227105379104614
35247,1114819,3590346,0.42237985134124756
35248,1114819,880088,0.42148205637931824
35249,1114819,7219516,0.42127281427383423
35250,1114819,2671763,0.42100614309310913
35251,1114819,7803436,0.4202772378921509
35252,1114819,2867756,0.42004942893981934
35253,1114819,6941483,0.4200453460216522
35254,1114819,1245295,0.4191056191921234
35255,1114819,3748791,0.4190789461135864
35256,1114819,4544642,0.41896364092826843
35257,1114819,1376543,0.4183933138847351
35258,1114819,8021394,0.4180782437324524
35259,1114819,7429187,0.4180142879486084
35260,1114819,6297576,0.41790562868118286
35261,1114819,6177723,0.4176065921783447
35262,1114819,4550069,0.4174453318119049
35263,1114819,4459816,0.41724568605422974
35264,1114819,8027991,0.41714251041412354
35265,1114819,1724519,0.4169082045555115
35266,1114819,5891743,0.41653451323509216
35267,1114819,2136434,0.41646695137023926
35268,1114819,7851750,0.4160495400428772
35269,1114819,8088110,0.4159144163131714
35270,1114819,1315999,0.4158264398574829
35271,1114819,7786792,0.41582539677619934
35272,1114819,6382754,0.4157238006591797
35273,1114819,171217,0.4156898260116577
35274,1114819,3675487,0.4152483344078064
35275,1114819,7704843,0.4149787724018097
35276,1114819,2773096,0.4148815870285034
35277,1114819,988372,0.41487422585487366
35278,1114819,2006230,0.4144041836261749
35279,1114819,553761,0.41429945826530457
35280,1114819,6257028,0.41424503922462463
35281,1114819,171213,0.41418224573135376
35282,1114819,4616583,0.41398775577545166
35283,1114819,7689934,0.413768470287323
35284,1114819,1293275,0.41355830430984497
35285,1114819,6202318,0.41352158784866333
35286,1114819,4122075,0.41335055232048035
35287,1114819,6291938,0.4121003746986389
35288,1114819,2879085,0.41120386123657227
35289,1114819,5638833,0.4111834764480591
35290,1114819,8508261,0.41113293170928955
35291,1114819,7786795,0.41112232208251953
35292,1114819,6988364,0.41108518838882446
35293,1114819,1031035,0.41065284609794617
35294,1114819,2212053,0.4105551242828369
35295,1114819,7080292,0.41017818450927734
35296,1114819,7374202,0.41006332635879517
35297,1114819,3104951,0.40979355573654175
35298,1114819,8688167,0.4094783365726471
35299,1114819,6202319,0.4094116687774658
35300,1114819,6941481,0.4086116850376129
35301,1114819,6202323,0.40817272663116455
35302,1114819,6084771,0.40763336420059204
35303,1114819,8027207,0.4075263738632202
35304,1114819,491225,0.40737834572792053
35305,1114819,4700111,0.4070891737937927
35306,1114819,317611,0.40694475173950195
35307,1114819,7132899,0.4064198136329651
35308,1114819,1779927,0.40641674399375916
35309,1114819,6291936,0.40625160932540894
35310,1114819,6291931,0.4061763882637024
35311,1114819,3435165,0.405744731426239
35312,1114819,7851754,0.40451356768608093
35313,1114819,2590448,0.4040675759315491
35314,1114819,6941479,0.40376412868499756
35315,1114819,8543810,0.4035027325153351
35316,1114819,5281619,0.40308791399002075
35317,1114819,8508257,0.4030448794364929
35318,1114819,1103684,0.4030345678329468
35319,1114819,1649175,0.4022144675254822
35320,1114819,3870410,0.4021165072917938
35321,1114819,7156443,0.40197324752807617
35322,1114819,1164908,0.40182411670684814
35323,1114819,6900772,0.40177685022354126
35324,1114819,3234749,0.40177151560783386
35325,1114819,7429186,0.4014679193496704
35326,1114819,6760405,0.40139448642730713
35327,1114819,6047577,0.40126439929008484
35328,1114819,8334962,0.40114152431488037
35329,1114819,8719998,0.40113309025764465
35330,1114819,6291932,0.40111103653907776
35331,1114819,3781416,0.4008336663246155
35332,1114819,4332977,0.4008057117462158
35333,1114819,3414725,0.40073078870773315
35334,1114819,1344415,0.40061649680137634
35335,1114819,2807104,0.40049999952316284
35336,1114819,8532263,0.4003427028656006
35337,1114819,7135458,0.4003145694732666
35338,1114819,774238,0.40026500821113586
35339,1114819,8712781,0.40017446875572205
35340,1114819,7132900,0.4000815153121948
35341,1114819,3498445,0.4000036120414734
35342,1114819,8115706,0.399694561958313
35343,1114819,2046523,0.3996170163154602
35344,1114819,1153003,0.39943927526474
35345,1114819,7105340,0.39874979853630066
35346,1114819,8321012,0.39873674511909485
35347,1114819,4757809,0.39872685074806213
35348,1114819,317612,0.3986883759498596
35349,1114819,1992932,0.39838138222694397
35350,1114819,8719999,0.39837878942489624
35351,1114819,8480571,0.39774632453918457
35352,1114819,5273391,0.3977196216583252
35353,1114819,8133662,0.39770394563674927
35354,1114819,4200971,0.39761459827423096
35355,1114819,8336226,0.3974219560623169
35356,1114819,3284790,0.39708298444747925
35357,1114819,8491992,0.3968123197555542
35358,1114819,2008575,0.39662352204322815
35359,1114819,1036132,0.3966047167778015
35360,1114819,6771314,0.3965663015842438
35361,1114819,1013365,0.39631387591362
35362,1114819,492329,0.3957602381706238
35363,1114819,715771,0.39575183391571045
35364,1114819,7928678,0.3957495093345642
35365,1114819,6094261,0.39562779664993286
35366,1114819,5091809,0.3949294686317444
35367,1114819,7704947,0.39458906650543213
35368,1114819,2957890,0.39452171325683594
35369,1114819,8133381,0.3944639563560486
35370,1114819,8478189,0.39399248361587524
35371,1114819,7475911,0.3939580023288727
35372,1114819,8735158,0.39390480518341064
35373,1114819,4519584,0.3937830626964569
35374,1114819,8814937,0.3934164047241211
35375,1114819,4261206,0.3933541178703308
35376,1114819,8567097,0.3932211995124817
35377,1114819,5799633,0.3929959833621979
35378,1114819,6666955,0.39291197061538696
35379,1114819,3429740,0.3927728235721588
35380,1114819,126883,0.3926597237586975
35381,1114819,5281617,0.39258643984794617
35382,1114819,2555511,0.3924484848976135
35383,1114819,6941476,0.3921568691730499
35384,1114819,7429182,0.39207303524017334
35385,1114819,8508262,0.39206528663635254
35386,1114819,4062496,0.39177265763282776
35387,1114819,5521372,0.39158910512924194
35388,1114819,6900768,0.391179621219635
35389,1114819,1419797,0.39109283685684204
35390,1114819,1738249,0.39108359813690186
35391,1114819,715779,0.3910456895828247
35392,1114819,1892033,0.3909573554992676
35393,1114819,206609,0.39092713594436646
35394,1114819,491224,0.39064812660217285
35395,1114819,7165858,0.3902105987071991
35396,1114819,3184697,0.390146404504776
35397,1114819,1673635,0.3899693191051483
35398,1114819,7187592,0.3899092972278595
35399,1114819,4931156,0.3898654580116272
35400,1114819,5887007,0.3898083567619324
35401,1114819,708313,0.3895472288131714
35402,1114819,1149117,0.3895356059074402
35403,1114819,26984,0.3893674314022064
35404,1114819,6488259,0.3891242444515228
35405,1114819,8534963,0.38902485370635986
35406,1114819,8622878,0.3889051377773285
35407,1114819,8636187,0.3889010548591614
35408,1114819,8049244,0.3888511061668396
35409,1114819,8042291,0.38881269097328186
35410,1114819,2446271,0.38874852657318115
35411,1114819,6578916,0.3887142539024353
35412,1114819,6177724,0.38865941762924194
35413,1114819,2421176,0.38859105110168457
35414,1114819,6427222,0.38846471905708313
35415,1114819,7219517,0.387916624546051
35416,1114819,8830550,0.38785111904144287
35417,1114819,7076852,0.38783490657806396
35418,1114819,7153860,0.3877212703227997
35419,1114819,2725308,0.3876740336418152
35420,1114819,8027987,0.38748419284820557
35421,1114819,605467,0.3874659538269043
35422,1114819,694743,0.3873337507247925
35423,1114819,7139470,0.38726121187210083
35424,1114819,7588042,0.38723790645599365
35425,1114819,7103661,0.3872336149215698
35426,1114819,870569,0.38722673058509827
35427,1114819,5718413,0.3872051239013672
35428,1114819,3908604,0.3871685564517975
35429,1114819,710523,0.38715800642967224
35430,1114819,6031759,0.38710838556289673
35431,1114819,7682860,0.3870026767253876
35432,1114819,3864251,0.38650310039520264
35433,1114819,2212056,0.3859943747520447
35434,1114819,1838202,0.38594120740890503
35435,1114819,3765115,0.38583385944366455
35436,1114819,6828856,0.38553646206855774
35437,1114819,1016793,0.38552913069725037
35438,1114819,1466948,0.3853519558906555
35439,1114819,411343,0.3850770592689514
35440,1114819,3760347,0.3850681185722351
35441,1114819,4496663,0.3850637674331665
35442,1114819,6672676,0.3849353790283203
35443,1114819,1437537,0.38488680124282837
35444,1114819,8081396,0.3848806321620941
35445,1114819,2605323,0.38487958908081055
35446,1114819,7045701,0.384724885225296
35447,1114819,2446269,0.3847234845161438
35448,1114819,8461670,0.3842632472515106
35449,1114819,6058746,0.3841342031955719
35450,1114819,3104955,0.38409459590911865
35451,1114819,6674342,0.3839307427406311
35452,1114819,8567093,0.38380780816078186
35453,1114819,5091810,0.38368895649909973
35454,1114819,8720001,0.38360950350761414
35455,1114819,1126367,0.38344907760620117
35456,1114819,6160117,0.38338232040405273
35457,1114819,788866,0.3833642601966858
35458,1114819,311270,0.383338987827301
35459,1114819,6787292,0.38331395387649536
35460,1114819,222323,0.38328221440315247
35461,1114819,3864252,0.38309311866760254
35462,1114819,2446270,0.38305023312568665
35463,1114819,5294254,0.3829711377620697
35464,1114819,4473885,0.3829512596130371
35465,1114819,410199,0.3828656077384949
35466,1114819,1500332,0.3827618360519409
35467,1114819,4627018,0.3826425075531006
35468,1114819,5273394,0.3826007544994354
35469,1114819,7552819,0.38236504793167114
35470,1114819,6175253,0.3820766806602478
35471,1114819,260854,0.3820422887802124
35472,1114819,670772,0.3818776607513428
35473,1114819,1739995,0.3817576467990875
35474,1114819,5896518,0.3817083537578583
35475,1114819,6762086,0.3816460967063904
35476,1114819,667583,0.38141143321990967
35477,1114819,637713,0.38136911392211914
35478,1114819,1297924,0.3813343942165375
35479,1114819,561278,0.381232351064682
35480,1114819,1672057,0.3809111714363098
35481,1114819,7170860,0.3807087540626526
35482,1114819,3498441,0.3806624114513397
35483,1114819,8120146,0.3806172311306
35484,1114819,1821911,0.3806018829345703
35485,1114819,8462176,0.3805375099182129
35486,1114819,573257,0.380219429731369
35487,1114819,867523,0.3797501027584076
35488,1114819,710524,0.3796428442001343
35489,1114819,8058748,0.37959060072898865
35490,1114819,6564168,0.379573255777359
35491,1114819,8049247,0.37954390048980713
35492,1114819,6771316,0.37952831387519836
35493,1114819,7887886,0.37952789664268494
35494,1114819,8112013,0.37912923097610474
35495,1114819,2587886,0.37911471724510193
35496,1114819,6702265,0.3790431320667267
35497,1114819,2490838,0.3788512349128723
35498,1114819,5063507,0.37868160009384155
35499,1114819,6762855,0.37863001227378845
35500,1114819,8566893,0.3786076009273529
35501,1114819,5799629,0.37850698828697205
35502,1114819,6262499,0.37834784388542175
35503,1114819,6084770,0.37834587693214417
35504,1114819,7430738,0.37824761867523193
35505,1114819,4519587,0.3780940771102905
35506,1114819,4146678,0.3780781030654907
35507,1114819,3435166,0.3779643177986145
35508,1114819,6857663,0.3779442310333252
35509,1114819,7650526,0.3778701424598694
35510,1114819,8176735,0.37777769565582275
35511,1114819,3223874,0.3776733875274658
35512,1114819,4986044,0.3774181306362152
35513,1114819,1315992,0.3774052858352661
35514,1114819,3818094,0.3772801160812378
35515,1114819,8115441,0.37727445363998413
35516,1114819,4064011,0.37704211473464966
35517,1114819,7912483,0.3769458830356598
35518,1114819,1497345,0.37688106298446655
35519,1114819,1036133,0.37679147720336914
35520,1114819,8133715,0.3766912817955017
35521,1114819,6986754,0.3766869306564331
35522,1114819,7139471,0.3766530752182007
35523,1114819,6912302,0.37656545639038086
35524,1114819,443802,0.37652456760406494
35525,1114819,6726398,0.37649214267730713
35526,1114819,1324292,0.3764707148075104
35527,1114819,6857666,0.3764665722846985
35528,1114819,6857659,0.37629711627960205
35529,1114819,3528406,0.37627238035202026
35530,1114819,8735160,0.37622925639152527
35531,1114819,7212773,0.3762219548225403
35532,1114819,8735161,0.37600934505462646
35533,1114819,6264937,0.3759940564632416
35534,1114819,5510657,0.3759635090827942
35535,1114819,5628957,0.37578874826431274
35536,1114819,548581,0.3757811188697815
35537,1114819,204270,0.3756961524486542
35538,1114819,4538912,0.3756532073020935
35539,1114819,5714710,0.37562617659568787
35540,1114819,6115564,0.37548932433128357
35541,1114819,8767537,0.3753911256790161
35542,1114819,7045709,0.37537503242492676
35543,1114819,5361453,0.37534889578819275
35544,1114819,4954026,0.3753248453140259
35545,1114819,876560,0.37527334690093994
35546,1114819,6985489,0.3752641975879669
35547,1114819,7028012,0.3752412796020508
35548,1114819,5756200,0.3750026226043701
35549,1114819,3123500,0.3749580383300781
35550,1114819,7698087,0.37487250566482544
35551,1114819,1119233,0.37471818923950195
35552,1114819,1547096,0.3746841549873352
35553,1114819,3427938,0.3746688961982727
35554,1114819,3435163,0.3745785355567932
35555,1114819,6953391,0.3745594024658203
35556,1114819,7606420,0.37454256415367126
35557,1114819,4592534,0.37445300817489624
35558,1114819,4986049,0.37438929080963135
35559,1114819,4797888,0.37433117628097534
35560,1114819,4865758,0.37420397996902466
35561,1114819,1647084,0.3741517663002014
35562,1114819,593496,0.3740423917770386
35563,1114819,4278723,0.37392866611480713
35564,1114819,4369488,0.3738916516304016
35565,1114819,2605324,0.3737752139568329
35566,1114819,6442418,0.3737472593784332
35567,1114819,942071,0.37369537353515625
35568,1114819,4700114,0.37359341979026794
35569,1114819,561283,0.3735858201980591
35570,1114819,7708597,0.3735780715942383
35571,1114819,1119234,0.37353208661079407
35572,1114819,7430736,0.37353044748306274
35573,1114819,2556353,0.3735053837299347
35574,1114819,4627013,0.37309572100639343
35575,1114819,548577,0.37306082248687744
35576,1114819,2221938,0.37288713455200195
35577,1114819,6857662,0.37286514043807983
35578,1114819,3594117,0.372802734375
35579,1114819,6382751,0.3727559745311737
35580,1114819,8049243,0.37271493673324585
35581,1114819,79400,0.3727147579193115
35582,1114819,7139464,0.3727124333381653
35583,1114819,715777,0.3727027177810669
35584,1114819,8099709,0.37269076704978943
35585,1114819,2082922,0.37259066104888916
35586,1114819,7650646,0.37239906191825867
35587,1114819,2067398,0.37239086627960205
35588,1114819,5718414,0.37233248353004456
35589,1114819,1028400,0.3722626268863678
35590,1114819,6317476,0.37219002842903137
35591,1114819,8028331,0.37203872203826904
35592,1114819,1423566,0.37189239263534546
35593,1114819,8484748,0.3718909025192261
35594,1114819,3657600,0.3718778192996979
35595,1114819,4850384,0.3718031644821167
35596,1114819,4977003,0.3717319965362549
35597,1114819,5593575,0.3716679811477661
35598,1114819,593504,0.3715333044528961
35599,1114819,5653188,0.3715294599533081
35600,1114819,8176729,0.37152355909347534
35601,1114819,541661,0.37147462368011475
35602,1114819,1353741,0.37110671401023865
35603,1114819,1353746,0.3709399700164795
35604,1114819,3994309,0.37091219425201416
35605,1114819,5452626,0.37090611457824707
35606,1114819,1245296,0.3708735704421997
35607,1114819,4104361,0.37067145109176636
35608,1114819,5049255,0.3705920875072479
35609,1114819,923843,0.3705267012119293
35610,1114819,4473887,0.37047624588012695
35611,1114819,8416338,0.3704226613044739
35612,1114819,1076494,0.37032127380371094
35613,1114819,637718,0.37030139565467834
35614,1114819,5408580,0.3703005909919739
35615,1114819,880089,0.3702892065048218
35616,1114819,5875292,0.3701726794242859
35617,1114819,7338951,0.37007471919059753
35618,1114819,2216510,0.37006494402885437
35619,1114819,1316001,0.37005436420440674
35620,1114819,3284794,0.37001246213912964
35621,1114819,7762828,0.3699365556240082
35622,1114819,8099707,0.3698650002479553
35623,1114819,8297535,0.36982131004333496
35624,1114819,1656478,0.3697192668914795
35625,1114819,2560845,0.36963388323783875
35626,1114819,6170130,0.36946386098861694
35627,1114819,6076332,0.3692737817764282
35628,1114819,1190726,0.369260311126709
35629,1114819,1283118,0.36909887194633484
35630,1114819,7841929,0.3690617084503174
35631,1114819,4738779,0.3689945638179779
35632,1114819,8133663,0.3689546585083008
35633,1114819,2429148,0.36889252066612244
35634,1114819,8254037,0.3688237965106964
35635,1114819,2427395,0.36877644062042236
35636,1114819,2312863,0.36873504519462585
35637,1114819,8099706,0.36871686577796936
35638,1114819,8738376,0.36867332458496094
35639,1114819,6702540,0.3686490058898926
35640,1114819,8042286,0.3686203360557556
35641,1114819,7660436,0.368541419506073
35642,1114819,2649053,0.36851900815963745
35643,1114819,4544287,0.36849385499954224
35644,1114819,3864258,0.3684593737125397
35645,1114819,1923220,0.3684448301792145
35646,1114819,8773439,0.36831414699554443
35647,1114819,6171664,0.3682686686515808
35648,1114819,3216202,0.3682117462158203
35649,1114819,2066735,0.36814063787460327
35650,1114819,1522043,0.36782392859458923
35651,1114819,6985103,0.36771345138549805
35652,1114819,1966114,0.367567777633667
35653,1114819,4531009,0.3675561547279358
35654,1114819,1783128,0.36753177642822266
35655,1114819,8601477,0.3675124943256378
35656,1114819,862865,0.3674911856651306
35657,1114819,1190729,0.3674558699131012
35658,1114819,7882746,0.36744073033332825
35659,1114819,6106754,0.36740240454673767
35660,1114819,6968585,0.3671436905860901
35661,1114819,1576552,0.3669893145561218
35662,1114819,2926432,0.3669215440750122
35663,1114819,498996,0.36686986684799194
35664,1114819,2937228,0.36680376529693604
35665,1114819,3700125,0.36677539348602295
35666,1114819,6674339,0.36673054099082947
35667,1114819,1801538,0.3666941821575165
35668,1114819,7882739,0.36667048931121826
35669,1114819,26982,0.3665298819541931
35670,1114819,2590450,0.3665260076522827
35671,1114819,4473142,0.366489052772522
35672,1114819,1728573,0.3663615882396698
35673,1114819,5997231,0.3662571609020233
35674,1114819,8720970,0.3662065267562866
35675,1114819,4594822,0.36612844467163086
35676,1114819,6074060,0.36612844467163086
35677,1114819,7552826,0.36609089374542236
35678,1114819,682181,0.3660893142223358
35679,1114819,5780617,0.3660581111907959
35680,1114819,8729046,0.3659546375274658
35681,1114819,6300374,0.36593541502952576
35682,1114819,1031036,0.3659065365791321
35683,1114819,324937,0.36588239669799805
35684,1114819,3456738,0.3658636212348938
35685,1114819,8679220,0.36585694551467896
35686,1114819,1523530,0.365816593170166
35687,1114819,2649059,0.3657614290714264
35688,1114819,572414,0.3656267523765564
35689,1114819,589675,0.3654695749282837
35690,1114819,7105347,0.36541157960891724
35691,1114819,372195,0.3653950095176697
35692,1114819,1353133,0.36536484956741333
35693,1114819,670775,0.3653438985347748
35694,1114819,2865140,0.36528608202934265
35695,1114819,3212405,0.36523503065109253
35696,1114819,1345179,0.36512961983680725
35697,1114819,4767138,0.3651210069656372
35698,1114819,5887011,0.36511558294296265
35699,1114819,3873789,0.3649868369102478
35700,1114819,2682923,0.36498621106147766
35701,1114819,8603712,0.3649412989616394
35702,1114819,411338,0.36491450667381287
35703,1114819,771313,0.3649113178253174
35704,1114819,422647,0.36485913395881653
35705,1114819,5811326,0.36483579874038696
35706,1114819,5962072,0.36480122804641724
35707,1114819,8491991,0.3647412061691284
35708,1114819,1324295,0.364715576171875
35709,1114819,8477057,0.36468955874443054
35710,1114819,8675595,0.3646736145019531
35711,1114819,8614261,0.3646391034126282
35712,1114819,8336227,0.364432692527771
35713,1114819,3942226,0.36434754729270935
35714,1114819,7013003,0.36420926451683044
35715,1114819,8252364,0.3641951084136963
35716,1114819,1066047,0.3641892075538635
35717,1114819,2617745,0.3641631007194519
35718,1114819,4293404,0.3640872836112976
35719,1114819,7887890,0.36396756768226624
35720,1114819,1672054,0.36393797397613525
35721,1114819,7041777,0.3638511896133423
35722,1114819,518147,0.3638189733028412
35723,1114819,100457,0.3637616038322449
35724,1114819,3613723,0.36371809244155884
35725,1114819,4134645,0.3637150526046753
35726,1114819,7552825,0.36368700861930847
35727,1114819,2736395,0.36366337537765503
35728,1114819,1016790,0.3634873330593109
35729,1114819,6001327,0.3634752631187439
35730,1114819,1521835,0.36340391635894775
35731,1114819,715775,0.36338675022125244
35732,1114819,662742,0.36334526538848877
35733,1114819,3023805,0.363299697637558
35734,1114819,2526897,0.36322832107543945
35735,1114819,344357,0.3631862998008728
35736,1114819,1531310,0.3630580008029938
35737,1114819,4233483,0.36300796270370483
35738,1114819,3606523,0.36282026767730713
35739,1114819,5636640,0.36279064416885376
35740,1114819,6357933,0.36276572942733765
35741,1114819,4949146,0.3627285361289978
35742,1114819,1760599,0.3627002239227295
35743,1114819,8681245,0.3626812994480133
35744,1114819,7758629,0.36264193058013916
35745,1114819,5026370,0.36249881982803345
35746,1114819,2188093,0.36245644092559814
35747,1114819,7615694,0.3624316453933716
35748,1114819,3851405,0.3623656928539276
35749,1114819,5605205,0.362334281206131
35750,1114819,3907524,0.3622550070285797
35751,1114819,7014643,0.36222711205482483
35752,1114819,4165093,0.3622087836265564
35753,1114819,3377167,0.3621739149093628
35754,1114819,7724686,0.36212092638015747
35755,1114819,6606649,0.3620319962501526
35756,1114819,7168530,0.3620087206363678
35757,1114819,6726402,0.36200475692749023
35758,1114819,2996140,0.36195361614227295
35759,1114819,8708524,0.36194050312042236
35760,1114819,5472352,0.36193954944610596
35761,1114819,2006099,0.36190810799598694
35762,1114819,6415355,0.36189013719558716
35763,1114819,734030,0.3618841767311096
35764,1114819,1372514,0.3618732690811157
35765,1114819,5890889,0.3617795705795288
35766,1114819,8560331,0.3617616295814514
35767,1114819,4700110,0.3616972863674164
35768,1114819,5807350,0.36168450117111206
35769,1114819,6900770,0.3616260290145874
35770,1114819,3643793,0.36161237955093384
35771,1114819,1519627,0.3613939881324768
35772,1114819,4233475,0.3612947165966034
35773,1114819,6842062,0.36126798391342163
35774,1114819,3988444,0.3611808121204376
35775,1114819,4721464,0.36117643117904663
35776,1114819,1699543,0.3610021471977234
35777,1114819,709360,0.360990971326828
35778,1114819,3830042,0.3609431982040405
35779,1114819,6253960,0.3608880639076233
35780,1114819,8496864,0.36085718870162964
35781,1114819,359933,0.36085259914398193
35782,1114819,2590452,0.36082038283348083
35783,1114819,5156175,0.3607842028141022
35784,1114819,4544522,0.3606276214122772
35785,1114819,709356,0.36059343814849854
35786,1114819,1315997,0.36058783531188965
35787,1114819,1137608,0.36051318049430847
35788,1114819,4594825,0.360432505607605
35789,1114819,7851283,0.3603520691394806
35790,1114819,4200068,0.36031651496887207
35791,1114819,1812098,0.36030441522598267
35792,1114819,1550435,0.36027783155441284
35793,1114819,6160120,0.3602682948112488
35794,1114819,4200072,0.36024296283721924
35795,1114819,2831943,0.3601773977279663
35796,1114819,1543809,0.36012327671051025
35797,1114819,7975687,0.3600335717201233
35798,1114819,5784724,0.35998964309692383
35799,1114819,2526291,0.3599838614463806
35800,1114819,8679219,0.35992684960365295
35801,1114819,6372968,0.3599247634410858
35802,1114819,7700865,0.3598971962928772
35803,1114819,2321309,0.35978659987449646
35804,1114819,1450665,0.3597058057785034
35805,1114819,1007756,0.3597003221511841
35806,1114819,7562839,0.35968446731567383
35807,1114819,5211892,0.3596312701702118
35808,1114819,8115438,0.35953763127326965
35809,1114819,5601794,0.35952162742614746
35810,1114819,7391543,0.3594944477081299
35811,1114819,6710801,0.3594878613948822
35812,1114819,5227585,0.35947808623313904
35813,1114819,6675331,0.35944169759750366
35814,1114819,1890935,0.35941028594970703
35815,1114819,6989491,0.3593858480453491
35816,1114819,1681303,0.3593686521053314
35817,1114819,4918843,0.35931816697120667
35818,1114819,2649058,0.35905584692955017
35819,1114819,311273,0.35894614458084106
35820,1114819,1139741,0.3589135706424713
35821,1114819,2321306,0.3588929772377014
35822,1114819,2225875,0.358856201171875
35823,1114819,7132893,0.3588410019874573
35824,1114819,2571156,0.3587333858013153
35825,1114819,8058746,0.35869908332824707
35826,1114819,5019831,0.3585849702358246
35827,1114819,3942346,0.3584904670715332
35828,1114819,8574317,0.35846811532974243
35829,1114819,5248686,0.35845547914505005
35830,1114819,8658546,0.3584401309490204
35831,1114819,2066737,0.3584328293800354
35832,1114819,4506930,0.3582151532173157
35833,1114819,6160115,0.35819506645202637
35834,1114819,7135453,0.35817086696624756
35835,1114819,6487663,0.358092337846756
35836,1114819,1016791,0.35808518528938293
35837,1114819,6630636,0.3580699563026428
35838,1114819,5520205,0.35804903507232666
35839,1114819,1673853,0.3579713702201843
35840,1114819,4496662,0.35792672634124756
35841,1114819,2312859,0.3578539490699768
35842,1114819,4025845,0.35781505703926086
35843,1114819,2212539,0.3578013777732849
35844,1114819,8082785,0.35779285430908203
35845,1114819,8027989,0.35777974128723145
35846,1114819,8703656,0.3577224612236023
35847,1114819,3666596,0.35769370198249817
35848,1114819,1297676,0.3576776683330536
35849,1114819,5887008,0.3576165437698364
35850,1114819,537043,0.35761553049087524
35851,1114819,311278,0.3575189709663391
35852,1114819,8421784,0.35746994614601135
35853,1114819,2603726,0.3574591875076294
35854,1114819,5807358,0.35738033056259155
35855,1114819,1353742,0.3573188781738281
35856,1114819,8082027,0.3573136627674103
35857,1114819,2076436,0.3572971522808075
35858,1114819,7302265,0.3572940230369568
35859,1114819,3465043,0.35724198818206787
35860,1114819,2671764,0.35719773173332214
35861,1114819,7562841,0.35716575384140015
35862,1114819,567209,0.35715872049331665
35863,1114819,8145219,0.35710304975509644
35864,1114819,2217578,0.35704004764556885
35865,1114819,775813,0.3569861650466919
35866,1114819,1649345,0.3569217026233673
35867,1114819,3906951,0.3568790555000305
35868,1114819,8366590,0.35686343908309937
35869,1114819,4066486,0.3568565845489502
35870,1114819,7135454,0.3568565845489502
35871,1114819,8254036,0.35677558183670044
35872,1114819,1580643,0.35667991638183594
35873,1114819,753278,0.3566272258758545
35874,1114819,1656758,0.3564627766609192
35875,1114819,3507119,0.3564625084400177
35876,1114819,4500859,0.35644540190696716
35877,1114819,8560333,0.35642173886299133
35878,1114819,1794970,0.356373131275177
35879,1114819,2706774,0.3563433587551117
35880,1114819,1571338,0.35629644989967346
35881,1114819,1031033,0.35624372959136963
35882,1114819,1345975,0.3562091588973999
35883,1114819,270320,0.356182724237442
35884,1114819,5910180,0.35594192147254944
35885,1114819,5585739,0.3558958172798157
35886,1114819,2542196,0.3558902442455292
35887,1114819,1465981,0.3558565676212311
35888,1114819,1443927,0.3558504283428192
35889,1114819,3620848,0.35583871603012085
35890,1114819,3226011,0.3557364046573639
35891,1114819,4989930,0.35573267936706543
35892,1114819,1791277,0.35566073656082153
35893,1114819,2212054,0.35565561056137085
35894,1114819,2196888,0.355610728263855
35895,1114819,4655359,0.3555746078491211
35896,1114819,378315,0.35554221272468567
35897,1114819,8076881,0.35548272728919983
35898,1114819,3473475,0.35546478629112244
35899,1114819,7062591,0.3552805185317993
35900,1114819,2718214,0.3552669584751129
35901,1114819,3834891,0.35524752736091614
35902,1114819,6535339,0.3551797568798065
35903,1114819,4338193,0.35506516695022583
35904,1114819,6843805,0.35505983233451843
35905,1114819,8174051,0.35500389337539673
35906,1114819,6277764,0.3550018072128296
35907,1114819,711255,0.35495591163635254
35908,1114819,2554274,0.35493212938308716
35909,1114819,1770957,0.3549043536186218
35910,1114819,1214178,0.35488268733024597
35911,1114819,3023685,0.3548678457736969
35912,1114819,7889996,0.3548234701156616
35913,1114819,6446758,0.354664146900177
35914,1114819,4077426,0.35462868213653564
35915,1114819,7413712,0.3546210825443268
35916,1114819,195454,0.35457643866539
35917,1114819,6156016,0.3545646369457245
35918,1114819,8566988,0.35454899072647095
35919,1114819,4616905,0.35452088713645935
35920,1114819,1324291,0.354490727186203
35921,1114819,1816949,0.3544601500034332
35922,1114819,1272584,0.35444629192352295
35923,1114819,2858398,0.35443738102912903
35924,1114819,2816046,0.35440993309020996
35925,1114819,3172094,0.3543800711631775
35926,1114819,4200066,0.35433530807495117
35927,1114819,419992,0.35420718789100647
35928,1114819,359938,0.35417574644088745
35929,1114819,2446274,0.35413074493408203
35930,1114819,1051423,0.35408738255500793
35931,1114819,7139467,0.354068398475647
35932,1114819,1423926,0.3540527820587158
35933,1114819,2649052,0.35404983162879944
35934,1114819,8658369,0.35403546690940857
35935,1114819,7704945,0.3538428246974945
35936,1114819,4293395,0.3538392186164856
35937,1114819,2014625,0.3538324236869812
35938,1114819,1825438,0.353828489780426
35939,1114819,1956274,0.3537871241569519
35940,1114819,1784529,0.3537291884422302
35941,1114819,8432889,0.35365742444992065
35942,1114819,3925482,0.35364198684692383
35943,1114819,5076024,0.35362932085990906
35944,1114819,358793,0.3536231219768524
35945,1114819,2842303,0.35351935029029846
35946,1114819,3283214,0.35351479053497314
35947,1114819,3147823,0.35351240634918213
35948,1114819,4897790,0.3534906506538391
35949,1114819,5269352,0.35348308086395264
35950,1114819,2602901,0.35345208644866943
35951,1114819,1522049,0.3533317446708679
35952,1114819,4129351,0.35328295826911926
35953,1114819,8198329,0.35326462984085083
35954,1114819,8389323,0.35324007272720337
35955,1114819,2665921,0.35323086380958557
35956,1114819,2049582,0.3532140851020813
35957,1114819,7166771,0.3532010018825531
35958,1114819,1078494,0.35316962003707886
35959,1114819,6920586,0.3530423641204834
35960,1114819,6712083,0.3530091643333435
35961,1114819,3255867,0.3529431223869324
35962,1114819,2073359,0.35288161039352417
35963,1114819,1253542,0.352880597114563
35964,1114819,8461286,0.3528442978858948
35965,1114819,7408394,0.3528381884098053
35966,1114819,1022358,0.35283809900283813
35967,1114819,3056234,0.3528110086917877
35968,1114819,6611820,0.3528106212615967
35969,1114819,3339062,0.3527982831001282
35970,1114819,4236470,0.3527575731277466
35971,1114819,1735436,0.3527349829673767
35972,1114819,6484408,0.3527221083641052
35973,1114819,6914052,0.35269495844841003
35974,1114819,2318784,0.35265398025512695
35975,1114819,8349584,0.35263776779174805
35976,1114819,4981048,0.3526131808757782
35977,1114819,618340,0.3525785803794861
35978,1114819,4628820,0.3525627553462982
35979,1114819,6520706,0.35249441862106323
35980,1114819,2204657,0.3524922728538513
35981,1114819,862144,0.35239338874816895
35982,1114819,6112683,0.352388858795166
35983,1114819,3613726,0.3523663282394409
35984,1114819,3761573,0.3523322343826294
35985,1114819,5896517,0.35225772857666016
35986,1114819,4979737,0.35224002599716187
35987,1114819,3138993,0.3522282540798187
35988,1114819,4745307,0.35222673416137695
35989,1114819,1760601,0.3521968126296997
35990,1114819,3599815,0.352164626121521
35991,1114819,2220208,0.35208165645599365
35992,1114819,5799625,0.35203278064727783
35993,1114819,3401840,0.35200315713882446
35994,1114819,2314248,0.3519818186759949
35995,1114819,4411566,0.3518713116645813
35996,1114819,1579706,0.35185694694519043
35997,1114819,5303780,0.3518187999725342
35998,1114819,224849,0.3517664670944214
35999,1114819,1009732,0.3516443967819214
36000,1115776,8106321,0.7295519113540649
36001,1115776,4314176,0.6988509893417358
36002,1115776,1036904,0.6390484571456909
36003,1115776,8106324,0.6260298490524292
36004,1115776,8495250,0.6002629399299622
36005,1115776,1729576,0.5844964981079102
36006,1115776,8106320,0.5829178094863892
36007,1115776,5599692,0.580671489238739
36008,1115776,4314174,0.5646634101867676
36009,1115776,4131485,0.5582196712493896
36010,1115776,4314175,0.5561615228652954
36011,1115776,6989198,0.5557676553726196
36012,1115776,2364285,0.5538715124130249
36013,1115776,4487937,0.5494568347930908
36014,1115776,1729572,0.5331177711486816
36015,1115776,8238249,0.5252145528793335
36016,1115776,8106318,0.5238027572631836
36017,1115776,7634704,0.5230193138122559
36018,1115776,5232962,0.5219665169715881
36019,1115776,5950738,0.520294189453125
36020,1115776,8106317,0.5165738463401794
36021,1115776,480800,0.5160071849822998
36022,1115776,4314169,0.5144157409667969
36023,1115776,3469357,0.5112260580062866
36024,1115776,8106322,0.5076498985290527
36025,1115776,4875862,0.5076348781585693
36026,1115776,1036899,0.5039355158805847
36027,1115776,8495256,0.4948941171169281
36028,1115776,4314171,0.4826696515083313
36029,1115776,6747926,0.4823024868965149
36030,1115776,6416915,0.4796309471130371
36031,1115776,790232,0.4778888523578644
36032,1115776,4718752,0.4760376513004303
36033,1115776,5605160,0.47480538487434387
36034,1115776,707643,0.47402989864349365
36035,1115776,5741325,0.47097867727279663
36036,1115776,3923601,0.46851879358291626
36037,1115776,480791,0.46802252531051636
36038,1115776,4568376,0.46726107597351074
36039,1115776,3330844,0.46634361147880554
36040,1115776,5833628,0.46529531478881836
36041,1115776,3793089,0.46512535214424133
36042,1115776,3793094,0.4634806513786316
36043,1115776,352647,0.46329692006111145
36044,1115776,4954943,0.4629148542881012
36045,1115776,2514462,0.46194395422935486
36046,1115776,8106323,0.4615647792816162
36047,1115776,6616844,0.45988115668296814
36048,1115776,3793095,0.45919060707092285
36049,1115776,790229,0.45793819427490234
36050,1115776,7175776,0.4567285478115082
36051,1115776,2931541,0.45610305666923523
36052,1115776,838949,0.45607179403305054
36053,1115776,6178047,0.45367923378944397
36054,1115776,532762,0.45196062326431274
36055,1115776,6397841,0.4501345157623291
36056,1115776,4246348,0.4496919512748718
36057,1115776,7281526,0.44766223430633545
36058,1115776,1295570,0.44720858335494995
36059,1115776,619650,0.44605615735054016
36060,1115776,8080548,0.4454922080039978
36061,1115776,1328463,0.4451090097427368
36062,1115776,4314172,0.4449554979801178
36063,1115776,7866842,0.44408541917800903
36064,1115776,8108813,0.44378718733787537
36065,1115776,1403195,0.44376885890960693
36066,1115776,7415602,0.4435386657714844
36067,1115776,7615794,0.4425085783004761
36068,1115776,3793087,0.44229787588119507
36069,1115776,5232955,0.44211792945861816
36070,1115776,838943,0.44152113795280457
36071,1115776,2579218,0.4413524866104126
36072,1115776,7417566,0.4412437677383423
36073,1115776,8177309,0.4412103295326233
36074,1115776,8332429,0.441133975982666
36075,1115776,1797800,0.4409264922142029
36076,1115776,1403191,0.44083142280578613
36077,1115776,619652,0.44034600257873535
36078,1115776,4648568,0.44021084904670715
36079,1115776,3296853,0.440110445022583
36080,1115776,2579224,0.4399338960647583
36081,1115776,3977422,0.4398875832557678
36082,1115776,3366472,0.43971696496009827
36083,1115776,8225112,0.43959707021713257
36084,1115776,8797977,0.438226580619812
36085,1115776,2230475,0.43779128789901733
36086,1115776,1440032,0.43650132417678833
36087,1115776,2230480,0.43599918484687805
36088,1115776,6989201,0.4359554052352905
36089,1115776,1403193,0.4356824457645416
36090,1115776,1729571,0.4352698028087616
36091,1115776,8071420,0.43457162380218506
36092,1115776,4314178,0.43446511030197144
36093,1115776,555936,0.43435823917388916
36094,1115776,1832429,0.43425291776657104
36095,1115776,2579216,0.4339161813259125
36096,1115776,5658021,0.43385636806488037
36097,1115776,2230477,0.43372389674186707
36098,1115776,811463,0.4334866404533386
36099,1115776,8447575,0.4334692358970642
36100,1115776,1054901,0.43333566188812256
36101,1115776,6430291,0.4332396984100342
36102,1115776,4399666,0.43304359912872314
36103,1115776,5806685,0.4327376186847687
36104,1115776,838942,0.43255966901779175
36105,1115776,8048541,0.43249261379241943
36106,1115776,8643138,0.43131378293037415
36107,1115776,349984,0.4311732053756714
36108,1115776,8345727,0.4311481714248657
36109,1115776,7318320,0.43103936314582825
36110,1115776,742195,0.4309161305427551
36111,1115776,3758868,0.43074145913124084
36112,1115776,811459,0.4303930401802063
36113,1115776,3366469,0.4297678470611572
36114,1115776,8621772,0.42969968914985657
36115,1115776,6857943,0.4295860528945923
36116,1115776,4954946,0.4289727807044983
36117,1115776,5477170,0.4285508394241333
36118,1115776,6863767,0.4285002052783966
36119,1115776,729789,0.42831459641456604
36120,1115776,3063307,0.42831283807754517
36121,1115776,811461,0.42825406789779663
36122,1115776,6108029,0.42808037996292114
36123,1115776,5461043,0.4276316463947296
36124,1115776,2437602,0.427333801984787
36125,1115776,8643140,0.42656970024108887
36126,1115776,7866846,0.42640450596809387
36127,1115776,7617839,0.4261239171028137
36128,1115776,1195174,0.42594239115715027
36129,1115776,8415713,0.4255598187446594
36130,1115776,774029,0.42553597688674927
36131,1115776,846836,0.4253315329551697
36132,1115776,6653838,0.4253306984901428
36133,1115776,3003688,0.4251445531845093
36134,1115776,6791706,0.4251343607902527
36135,1115776,3063308,0.42490100860595703
36136,1115776,7129024,0.4248102903366089
36137,1115776,2466113,0.42434608936309814
36138,1115776,6923856,0.42420661449432373
36139,1115776,7276300,0.42413944005966187
36140,1115776,7393680,0.42392441630363464
36141,1115776,4648565,0.42373359203338623
36142,1115776,1345449,0.42372724413871765
36143,1115776,2364284,0.42364105582237244
36144,1115776,3752357,0.4232785105705261
36145,1115776,2179254,0.4227505028247833
36146,1115776,4313607,0.4223412871360779
36147,1115776,2600283,0.4219609498977661
36148,1115776,838944,0.4215223789215088
36149,1115776,2600288,0.42127668857574463
36150,1115776,4367254,0.4211648106575012
36151,1115776,5265750,0.4211188554763794
36152,1115776,7164452,0.42086654901504517
36153,1115776,8131869,0.4208019971847534
36154,1115776,7764507,0.4207443296909332
36155,1115776,622467,0.4204370975494385
36156,1115776,2451610,0.42041701078414917
36157,1115776,7692397,0.41992253065109253
36158,1115776,4314173,0.41965147852897644
36159,1115776,1604600,0.41935229301452637
36160,1115776,2179255,0.4187428057193756
36161,1115776,1809769,0.4183979630470276
36162,1115776,301532,0.4183460474014282
36163,1115776,619653,0.4180225133895874
36164,1115776,4244991,0.4179788827896118
36165,1115776,8580839,0.4179575741291046
36166,1115776,5658023,0.4176163673400879
36167,1115776,7634706,0.4175696074962616
36168,1115776,7423232,0.4174715578556061
36169,1115776,532374,0.4170339107513428
36170,1115776,4026454,0.41702502965927124
36171,1115776,1440035,0.4169890880584717
36172,1115776,1548216,0.4166092276573181
36173,1115776,6342707,0.41655024886131287
36174,1115776,7615797,0.41636812686920166
36175,1115776,5655077,0.4163203239440918
36176,1115776,5429232,0.416294127702713
36177,1115776,7318317,0.41620296239852905
36178,1115776,1199693,0.41619056463241577
36179,1115776,1856137,0.4160279929637909
36180,1115776,2888424,0.4150126576423645
36181,1115776,7847335,0.4149966239929199
36182,1115776,4443168,0.4149359166622162
36183,1115776,7688094,0.41492390632629395
36184,1115776,6430289,0.414623498916626
36185,1115776,1440028,0.4145549535751343
36186,1115776,6880044,0.4144585132598877
36187,1115776,3797906,0.4143923223018646
36188,1115776,6687057,0.4143659472465515
36189,1115776,8114865,0.4142657518386841
36190,1115776,7218333,0.41411688923835754
36191,1115776,3352671,0.4141155481338501
36192,1115776,5265747,0.41384613513946533
36193,1115776,1067230,0.4133666753768921
36194,1115776,7163979,0.41308605670928955
36195,1115776,7634709,0.41290777921676636
36196,1115776,939852,0.41265106201171875
36197,1115776,383599,0.4121550917625427
36198,1115776,2451607,0.41188961267471313
36199,1115776,7315361,0.4115980863571167
36200,1115776,585043,0.4113451838493347
36201,1115776,7620491,0.4112294316291809
36202,1115776,5879099,0.41115909814834595
36203,1115776,1966458,0.4108051657676697
36204,1115776,8693581,0.41069427132606506
36205,1115776,8620218,0.4105599522590637
36206,1115776,1654259,0.41048604249954224
36207,1115776,8621766,0.4104267358779907
36208,1115776,791578,0.41040343046188354
36209,1115776,5361943,0.4103737771511078
36210,1115776,7634710,0.4101839065551758
36211,1115776,2225842,0.4101128578186035
36212,1115776,8355028,0.4100792109966278
36213,1115776,580737,0.41004127264022827
36214,1115776,717284,0.40996086597442627
36215,1115776,465438,0.4099608063697815
36216,1115776,1271376,0.40965980291366577
36217,1115776,7417567,0.40965139865875244
36218,1115776,7417570,0.4094640016555786
36219,1115776,619654,0.40943124890327454
36220,1115776,6108030,0.409375935792923
36221,1115776,3793090,0.40910786390304565
36222,1115776,6037179,0.4088398218154907
36223,1115776,3063000,0.4084664583206177
36224,1115776,7007569,0.4083770513534546
36225,1115776,5817439,0.40820878744125366
36226,1115776,4661948,0.4079935550689697
36227,1115776,7140932,0.4079764783382416
36228,1115776,2017913,0.407939612865448
36229,1115776,1456937,0.4078681766986847
36230,1115776,7932707,0.4077584743499756
36231,1115776,8377226,0.4077565371990204
36232,1115776,5488865,0.4076646566390991
36233,1115776,6894486,0.4072324335575104
36234,1115776,8836376,0.40721240639686584
36235,1115776,1286495,0.40712136030197144
36236,1115776,4561788,0.40703195333480835
36237,1115776,6043280,0.40665289759635925
36238,1115776,1484112,0.4064176082611084
36239,1115776,5075552,0.4063175320625305
36240,1115776,8377224,0.4062722325325012
36241,1115776,6342703,0.4060962498188019
36242,1115776,6973131,0.4060892164707184
36243,1115776,545530,0.40582919120788574
36244,1115776,5790943,0.405822217464447
36245,1115776,6633259,0.4058151841163635
36246,1115776,3844046,0.4057576656341553
36247,1115776,1540838,0.40568065643310547
36248,1115776,1593001,0.4055006504058838
36249,1115776,3793088,0.40549662709236145
36250,1115776,4042910,0.405376672744751
36251,1115776,6857947,0.4052954316139221
36252,1115776,6888608,0.4050248861312866
36253,1115776,6813938,0.4049088954925537
36254,1115776,4455203,0.40485092997550964
36255,1115776,2903178,0.40445369482040405
36256,1115776,383600,0.4043937921524048
36257,1115776,6751037,0.4042825996875763
36258,1115776,4875853,0.4037104845046997
36259,1115776,6397840,0.40359294414520264
36260,1115776,6648222,0.4034568965435028
36261,1115776,4984386,0.4031939208507538
36262,1115776,3041833,0.4031160771846771
36263,1115776,7956470,0.4030401110649109
36264,1115776,707642,0.4029333293437958
36265,1115776,490536,0.4027904272079468
36266,1115776,7994851,0.40273118019104004
36267,1115776,8112474,0.40270692110061646
36268,1115776,7092102,0.4026747941970825
36269,1115776,1543002,0.40266552567481995
36270,1115776,3063310,0.40256497263908386
36271,1115776,7449282,0.4024626314640045
36272,1115776,1199698,0.40215498208999634
36273,1115776,3208046,0.401955783367157
36274,1115776,811465,0.4018934965133667
36275,1115776,826713,0.4018237292766571
36276,1115776,5190535,0.4017617404460907
36277,1115776,6973128,0.40175092220306396
36278,1115776,4661946,0.4017459750175476
36279,1115776,3322583,0.40174248814582825
36280,1115776,3203998,0.4016517102718353
36281,1115776,5234326,0.40164703130722046
36282,1115776,5069882,0.40160632133483887
36283,1115776,7584184,0.40138378739356995
36284,1115776,7044571,0.4013057351112366
36285,1115776,2376023,0.4012054204940796
36286,1115776,5234321,0.40108007192611694
36287,1115776,4745971,0.40077871084213257
36288,1115776,6680804,0.4007781744003296
36289,1115776,7634702,0.40070268511772156
36290,1115776,8513736,0.4003545641899109
36291,1115776,5446341,0.40021154284477234
36292,1115776,1832424,0.40011078119277954
36293,1115776,4575739,0.40010708570480347
36294,1115776,6412692,0.40009915828704834
36295,1115776,8071419,0.39978915452957153
36296,1115776,6888609,0.39976567029953003
36297,1115776,137771,0.3997247517108917
36298,1115776,8112480,0.39971524477005005
36299,1115776,5655075,0.3997073173522949
36300,1115776,407823,0.3996649980545044
36301,1115776,1679382,0.39965111017227173
36302,1115776,5069887,0.39936554431915283
36303,1115776,6888610,0.3993545174598694
36304,1115776,7840018,0.39933454990386963
36305,1115776,5492453,0.39930158853530884
36306,1115776,8572409,0.39913177490234375
36307,1115776,7780755,0.3988541066646576
36308,1115776,642039,0.3988211750984192
36309,1115776,1377434,0.39863336086273193
36310,1115776,1086636,0.39856386184692383
36311,1115776,2230481,0.3984750509262085
36312,1115776,362664,0.39823412895202637
36313,1115776,6648060,0.39816439151763916
36314,1115776,900808,0.3979697525501251
36315,1115776,5124434,0.39794856309890747
36316,1115776,367194,0.39785680174827576
36317,1115776,6730353,0.3978465795516968
36318,1115776,7588219,0.39783844351768494
36319,1115776,6527238,0.3978366255760193
36320,1115776,5265746,0.3978334665298462
36321,1115776,6616846,0.39779457449913025
36322,1115776,2856120,0.3976494371891022
36323,1115776,1612327,0.3976357877254486
36324,1115776,1328460,0.3975869417190552
36325,1115776,1890929,0.3975226879119873
36326,1115776,3844040,0.3973470628261566
36327,1115776,4246347,0.39719364047050476
36328,1115776,3958787,0.3970540165901184
36329,1115776,7617837,0.39704108238220215
36330,1115776,7193387,0.3968474268913269
36331,1115776,729234,0.3968183100223541
36332,1115776,8121897,0.396342396736145
36333,1115776,8238246,0.3962666392326355
36334,1115776,4367253,0.39618808031082153
36335,1115776,1631707,0.39608103036880493
36336,1115776,3493730,0.39607346057891846
36337,1115776,7163976,0.39604490995407104
36338,1115776,1245512,0.3959101438522339
36339,1115776,5143074,0.39575374126434326
36340,1115776,7987821,0.3956882953643799
36341,1115776,1832425,0.3955039978027344
36342,1115776,8482737,0.3953970670700073
36343,1115776,7070859,0.39537808299064636
36344,1115776,2096405,0.39535725116729736
36345,1115776,3073894,0.3952873945236206
36346,1115776,6888607,0.3952515721321106
36347,1115776,1199694,0.3952147364616394
36348,1115776,3203276,0.39516550302505493
36349,1115776,6138260,0.39484918117523193
36350,1115776,8270790,0.39466604590415955
36351,1115776,3352668,0.3944714069366455
36352,1115776,7780750,0.39425498247146606
36353,1115776,7572951,0.39411771297454834
36354,1115776,626262,0.3940078616142273
36355,1115776,2007325,0.39393675327301025
36356,1115776,7315363,0.3937351107597351
36357,1115776,6680809,0.39360374212265015
36358,1115776,4314170,0.3935164511203766
36359,1115776,1067227,0.3934168815612793
36360,1115776,4549455,0.39340242743492126
36361,1115776,7618008,0.39324086904525757
36362,1115776,4690472,0.3931247591972351
36363,1115776,5836486,0.39305007457733154
36364,1115776,5295699,0.39298388361930847
36365,1115776,2379497,0.39282768964767456
36366,1115776,3380543,0.392821729183197
36367,1115776,6919618,0.3927921652793884
36368,1115776,8021646,0.39248502254486084
36369,1115776,7562220,0.392370343208313
36370,1115776,1551024,0.3921835720539093
36371,1115776,6342705,0.39182430505752563
36372,1115776,6875054,0.39174598455429077
36373,1115776,1124860,0.3917115330696106
36374,1115776,7596051,0.3914307653903961
36375,1115776,8514668,0.39138996601104736
36376,1115776,6935828,0.39129185676574707
36377,1115776,4648564,0.3912545442581177
36378,1115776,461605,0.39122146368026733
36379,1115776,5264931,0.3912021517753601
36380,1115776,774031,0.3911755681037903
36381,1115776,5483589,0.3911144733428955
36382,1115776,3493733,0.3911067843437195
36383,1115776,2178208,0.3908994197845459
36384,1115776,6420345,0.39067691564559937
36385,1115776,1377442,0.3906137943267822
36386,1115776,7799422,0.3905333876609802
36387,1115776,8750822,0.39051181077957153
36388,1115776,7663577,0.39047881960868835
36389,1115776,2221992,0.39042019844055176
36390,1115776,6318781,0.39024949073791504
36391,1115776,8177307,0.39015865325927734
36392,1115776,8233367,0.39012694358825684
36393,1115776,6730671,0.3901146948337555
36394,1115776,8345724,0.3900715708732605
36395,1115776,5295703,0.3899070918560028
36396,1115776,1912112,0.38983213901519775
36397,1115776,1826911,0.38970211148262024
36398,1115776,7779192,0.3896315097808838
36399,1115776,3244299,0.38952893018722534
36400,1115776,6888604,0.3893220126628876
36401,1115776,1065916,0.38931840658187866
36402,1115776,2230476,0.3893074691295624
36403,1115776,2364279,0.38924843072891235
36404,1115776,6747490,0.3892304301261902
36405,1115776,6616842,0.3892207443714142
36406,1115776,2693216,0.38918036222457886
36407,1115776,5638073,0.3891514241695404
36408,1115776,7129178,0.389085590839386
36409,1115776,6875062,0.38908183574676514
36410,1115776,4984387,0.38901808857917786
36411,1115776,1130103,0.3889196217060089
36412,1115776,7175781,0.3888055682182312
36413,1115776,326821,0.3887975215911865
36414,1115776,2249454,0.3887523412704468
36415,1115776,4981723,0.38857385516166687
36416,1115776,2579219,0.3885143995285034
36417,1115776,867547,0.3882918655872345
36418,1115776,1065909,0.38825374841690063
36419,1115776,4555384,0.38800591230392456
36420,1115776,5914278,0.3879860043525696
36421,1115776,4700133,0.3879286050796509
36422,1115776,2514467,0.3879204988479614
36423,1115776,4578071,0.387920081615448
36424,1115776,5879100,0.3878103494644165
36425,1115776,5295704,0.3877859115600586
36426,1115776,6717232,0.3877689242362976
36427,1115776,4892117,0.38769280910491943
36428,1115776,364720,0.3876398503780365
36429,1115776,8118074,0.38760799169540405
36430,1115776,2471196,0.3875393867492676
36431,1115776,3844044,0.3874228894710541
36432,1115776,6888603,0.3874082565307617
36433,1115776,6251729,0.3873455822467804
36434,1115776,5741322,0.3873012959957123
36435,1115776,4474427,0.38729697465896606
36436,1115776,588068,0.38728466629981995
36437,1115776,3263169,0.3872704803943634
36438,1115776,2656636,0.38726478815078735
36439,1115776,2182821,0.38725000619888306
36440,1115776,5068827,0.3871193528175354
36441,1115776,8629167,0.38705918192863464
36442,1115776,7401381,0.3869534432888031
36443,1115776,618117,0.38692542910575867
36444,1115776,1745364,0.38678544759750366
36445,1115776,3844039,0.3867693841457367
36446,1115776,4206750,0.3867647647857666
36447,1115776,3584002,0.3867475390434265
36448,1115776,8739988,0.3867250084877014
36449,1115776,4636188,0.38667991757392883
36450,1115776,653705,0.3864665627479553
36451,1115776,8148875,0.3863867521286011
36452,1115776,580731,0.3862847089767456
36453,1115776,285268,0.3862798810005188
36454,1115776,8238244,0.38612574338912964
36455,1115776,5164867,0.38608410954475403
36456,1115776,6888606,0.38586750626564026
36457,1115776,7562217,0.38584083318710327
36458,1115776,3506285,0.3856792449951172
36459,1115776,403130,0.38562190532684326
36460,1115776,4784456,0.38549208641052246
36461,1115776,6687454,0.3854629397392273
36462,1115776,3296854,0.3854459524154663
36463,1115776,7034847,0.385328084230423
36464,1115776,6717478,0.3853222131729126
36465,1115776,5009043,0.38530677556991577
36466,1115776,8304501,0.3852272033691406
36467,1115776,6092135,0.3850805163383484
36468,1115776,5461040,0.3850548267364502
36469,1115776,2890830,0.38500094413757324
36470,1115776,1604598,0.38497215509414673
36471,1115776,662349,0.38487952947616577
36472,1115776,612829,0.3847556710243225
36473,1115776,257268,0.3847508430480957
36474,1115776,1283420,0.3847430944442749
36475,1115776,7814834,0.3846978545188904
36476,1115776,8114861,0.3846803605556488
36477,1115776,8241264,0.3845221996307373
36478,1115776,5638069,0.3844791650772095
36479,1115776,8496317,0.3842437267303467
36480,1115776,1809765,0.3840036392211914
36481,1115776,4803252,0.3839552402496338
36482,1115776,5712607,0.3837223947048187
36483,1115776,5173615,0.3835832476615906
36484,1115776,6011554,0.3834921717643738
36485,1115776,282970,0.3834777772426605
36486,1115776,8504500,0.38327130675315857
36487,1115776,2747042,0.38318079710006714
36488,1115776,4911952,0.38310474157333374
36489,1115776,6756969,0.3830104470252991
36490,1115776,8629172,0.3829460144042969
36491,1115776,5945116,0.3828476667404175
36492,1115776,4177796,0.38269951939582825
36493,1115776,3965994,0.3826536536216736
36494,1115776,4472394,0.3826417922973633
36495,1115776,1316843,0.3825792074203491
36496,1115776,1200198,0.3824649155139923
36497,1115776,927903,0.3822987675666809
36498,1115776,461613,0.3822535574436188
36499,1115776,5747661,0.38211601972579956
36500,1115776,1103186,0.3820488452911377
36501,1115776,6680805,0.3820441663265228
36502,1115776,8667329,0.3820042014122009
36503,1115776,7212441,0.38199228048324585
36504,1115776,7808739,0.3819522559642792
36505,1115776,5741321,0.38195180892944336
36506,1115776,7722969,0.3819108009338379
36507,1115776,909035,0.38175493478775024
36508,1115776,8121639,0.38169822096824646
36509,1115776,2514464,0.3816209137439728
36510,1115776,456825,0.38154369592666626
36511,1115776,1520692,0.3814627528190613
36512,1115776,5488870,0.3813854455947876
36513,1115776,7339210,0.3813645541667938
36514,1115776,3220768,0.3813299238681793
36515,1115776,3344355,0.3813113570213318
36516,1115776,3027259,0.3811204135417938
36517,1115776,7618006,0.38106757402420044
36518,1115776,811460,0.38095182180404663
36519,1115776,1271380,0.38088664412498474
36520,1115776,4875858,0.3808538317680359
36521,1115776,6564291,0.3807862102985382
36522,1115776,7253202,0.38067901134490967
36523,1115776,6524567,0.3806106746196747
36524,1115776,2819266,0.3805771470069885
36525,1115776,2337361,0.38055846095085144
36526,1115776,130487,0.38048577308654785
36527,1115776,6595662,0.38033998012542725
36528,1115776,3493727,0.3802652060985565
36529,1115776,8121904,0.38014721870422363
36530,1115776,729232,0.3801388144493103
36531,1115776,1784516,0.38008353114128113
36532,1115776,1402571,0.38004070520401
36533,1115776,8318886,0.37996721267700195
36534,1115776,7179534,0.3799382150173187
36535,1115776,312113,0.37987810373306274
36536,1115776,4216417,0.37985876202583313
36537,1115776,1682601,0.3798159658908844
36538,1115776,3985334,0.3797109127044678
36539,1115776,8121900,0.3796508312225342
36540,1115776,4147511,0.37964722514152527
36541,1115776,4667870,0.3795502185821533
36542,1115776,660388,0.3794900178909302
36543,1115776,6708264,0.37941688299179077
36544,1115776,7541198,0.3794068992137909
36545,1115776,5461041,0.3793267011642456
36546,1115776,3282157,0.37924879789352417
36547,1115776,5477169,0.37918874621391296
36548,1115776,7034662,0.3791583776473999
36549,1115776,7849963,0.3791288137435913
36550,1115776,5492452,0.37907350063323975
36551,1115776,5986194,0.37894660234451294
36552,1115776,672568,0.3789275586605072
36553,1115776,1014768,0.3789149522781372
36554,1115776,1372380,0.37883681058883667
36555,1115776,2287621,0.3787130117416382
36556,1115776,3968888,0.3786816895008087
36557,1115776,6633256,0.37860140204429626
36558,1115776,1990712,0.3785940408706665
36559,1115776,5315602,0.37858647108078003
36560,1115776,3844041,0.3785121738910675
36561,1115776,532759,0.3785053491592407
36562,1115776,4673198,0.3783800005912781
36563,1115776,5613572,0.3783634901046753
36564,1115776,7125856,0.3783618211746216
36565,1115776,3311966,0.37834402918815613
36566,1115776,7950415,0.3783070743083954
36567,1115776,4875857,0.37816137075424194
36568,1115776,5275841,0.3781284987926483
36569,1115776,3822537,0.3781050443649292
36570,1115776,1199691,0.37809184193611145
36571,1115776,532758,0.3780914545059204
36572,1115776,4653802,0.37792956829071045
36573,1115776,3584003,0.3778873682022095
36574,1115776,3203281,0.377885103225708
36575,1115776,6333974,0.37784355878829956
36576,1115776,6927235,0.37768054008483887
36577,1115776,807471,0.37764376401901245
36578,1115776,1840353,0.37755316495895386
36579,1115776,3736008,0.37731173634529114
36580,1115776,4981719,0.3772721290588379
36581,1115776,2330742,0.3771998882293701
36582,1115776,6699054,0.37706446647644043
36583,1115776,2167540,0.3770596385002136
36584,1115776,764352,0.3770296275615692
36585,1115776,5906403,0.37691760063171387
36586,1115776,8614788,0.3769083619117737
36587,1115776,4496384,0.3768323063850403
36588,1115776,3039280,0.3768071234226227
36589,1115776,846834,0.3766844570636749
36590,1115776,7855796,0.37645813822746277
36591,1115776,3802143,0.3764406442642212
36592,1115776,8108814,0.37636488676071167
36593,1115776,7780754,0.3763365149497986
36594,1115776,5075548,0.3762940466403961
36595,1115776,1275276,0.3761448860168457
36596,1115776,7318318,0.37593990564346313
36597,1115776,6705807,0.37591397762298584
36598,1115776,7290526,0.37583595514297485
36599,1115776,2817404,0.37581998109817505
36600,1115776,2897142,0.3758130669593811
36601,1115776,137772,0.37578997015953064
36602,1115776,626263,0.37578630447387695
36603,1115776,131122,0.375719279050827
36604,1115776,8064473,0.375582218170166
36605,1115776,4470574,0.3755820393562317
36606,1115776,7441946,0.37557685375213623
36607,1115776,4049233,0.3755733370780945
36608,1115776,6927238,0.37557128071784973
36609,1115776,7840019,0.37556588649749756
36610,1115776,8046348,0.37554824352264404
36611,1115776,8121902,0.37551775574684143
36612,1115776,619655,0.3753601908683777
36613,1115776,4443046,0.37524861097335815
36614,1115776,1103184,0.3750649094581604
36615,1115776,941157,0.37502938508987427
36616,1115776,6938385,0.37500470876693726
36617,1115776,6287978,0.3749558627605438
36618,1115776,4244994,0.37494081258773804
36619,1115776,4051141,0.37493273615837097
36620,1115776,3798329,0.37490540742874146
36621,1115776,541018,0.37485867738723755
36622,1115776,2417018,0.37485700845718384
36623,1115776,7495858,0.3748360276222229
36624,1115776,1014765,0.37479549646377563
36625,1115776,7536752,0.3747902512550354
36626,1115776,3763208,0.37478262186050415
36627,1115776,6919616,0.3747507929801941
36628,1115776,5391546,0.3746669590473175
36629,1115776,7205218,0.3746342658996582
36630,1115776,6333968,0.3744022846221924
36631,1115776,3907355,0.37434324622154236
36632,1115776,5583950,0.3743116855621338
36633,1115776,1781550,0.37423378229141235
36634,1115776,885844,0.37412258982658386
36635,1115776,679757,0.37395840883255005
36636,1115776,2142931,0.37394654750823975
36637,1115776,4255775,0.3737940490245819
36638,1115776,4376189,0.37350010871887207
36639,1115776,4108227,0.37346863746643066
36640,1115776,1059772,0.3734028935432434
36641,1115776,3133053,0.37333422899246216
36642,1115776,8131532,0.37326905131340027
36643,1115776,6328755,0.3732489347457886
36644,1115776,2254973,0.3732264041900635
36645,1115776,5347212,0.37312522530555725
36646,1115776,791585,0.37307578325271606
36647,1115776,2380108,0.3729914426803589
36648,1115776,8172080,0.37296339869499207
36649,1115776,2856126,0.3727276027202606
36650,1115776,6875059,0.3726929724216461
36651,1115776,6107050,0.3726571202278137
36652,1115776,8704612,0.3726469874382019
36653,1115776,4376190,0.3726063370704651
36654,1115776,285734,0.37252873182296753
36655,1115776,455482,0.3724595904350281
36656,1115776,5347209,0.372426301240921
36657,1115776,8614015,0.37241074442863464
36658,1115776,5202004,0.3722456693649292
36659,1115776,8129922,0.37224334478378296
36660,1115776,7447860,0.37212464213371277
36661,1115776,8083797,0.3721240758895874
36662,1115776,6614881,0.37193530797958374
36663,1115776,4376193,0.37193387746810913
36664,1115776,4700438,0.3719261884689331
36665,1115776,8070784,0.3719073235988617
36666,1115776,456827,0.37186381220817566
36667,1115776,5540240,0.37186187505722046
36668,1115776,8300038,0.3717501759529114
36669,1115776,5394932,0.37160724401474
36670,1115776,584268,0.37157386541366577
36671,1115776,8734942,0.3715582489967346
36672,1115776,8693572,0.3715571463108063
36673,1115776,6925968,0.37154555320739746
36674,1115776,8129920,0.3715307116508484
36675,1115776,4984390,0.37145373225212097
36676,1115776,8041563,0.3714328706264496
36677,1115776,6316241,0.3713186979293823
36678,1115776,3296859,0.37130942940711975
36679,1115776,7980419,0.3712327480316162
36680,1115776,7447862,0.3711966276168823
36681,1115776,4700351,0.37109875679016113
36682,1115776,4281435,0.3710716962814331
36683,1115776,7085973,0.37098684906959534
36684,1115776,5747658,0.37093842029571533
36685,1115776,8718873,0.3709370493888855
36686,1115776,465636,0.3708689212799072
36687,1115776,846835,0.37083902955055237
36688,1115776,4301834,0.37078043818473816
36689,1115776,1295569,0.3707544803619385
36690,1115776,5905365,0.37074267864227295
36691,1115776,7405086,0.37072277069091797
36692,1115776,588067,0.37063777446746826
36693,1115776,8514659,0.37063145637512207
36694,1115776,1377504,0.37061062455177307
36695,1115776,8355022,0.3705960512161255
36696,1115776,8398312,0.3705739378929138
36697,1115776,5777708,0.37045663595199585
36698,1115776,4981720,0.3704519271850586
36699,1115776,7312040,0.3704019784927368
36700,1115776,4505834,0.3703843355178833
36701,1115776,7559442,0.37037110328674316
36702,1115776,5731401,0.37033993005752563
36703,1115776,369908,0.3703213632106781
36704,1115776,7801021,0.37031304836273193
36705,1115776,8343724,0.37031063437461853
36706,1115776,6178050,0.37017685174942017
36707,1115776,8633808,0.3700883984565735
36708,1115776,1391141,0.3700482249259949
36709,1115776,729229,0.3700284957885742
36710,1115776,6292161,0.3699823021888733
36711,1115776,838941,0.36980077624320984
36712,1115776,594125,0.3697328567504883
36713,1115776,6698814,0.36967456340789795
36714,1115776,6698817,0.36967456340789795
36715,1115776,8757348,0.3696381449699402
36716,1115776,10310,0.369589626789093
36717,1115776,6995984,0.36948832869529724
36718,1115776,3493728,0.36945846676826477
36719,1115776,680928,0.36943700909614563
36720,1115776,5391541,0.36937907338142395
36721,1115776,6880041,0.3693225383758545
36722,1115776,8677332,0.36930766701698303
36723,1115776,2842973,0.36928775906562805
36724,1115776,1949791,0.3691718578338623
36725,1115776,351074,0.36909016966819763
36726,1115776,4892120,0.369020015001297
36727,1115776,3220763,0.36890870332717896
36728,1115776,282971,0.36872169375419617
36729,1115776,3017114,0.3686957061290741
36730,1115776,2116507,0.3686419427394867
36731,1115776,4440986,0.36851686239242554
36732,1115776,4490994,0.3684150278568268
36733,1115776,846831,0.3683887720108032
36734,1115776,5490994,0.3683474659919739
36735,1115776,4433473,0.36829549074172974
36736,1115776,972405,0.36818212270736694
36737,1115776,2066709,0.3681253492832184
36738,1115776,8506293,0.36807340383529663
36739,1115776,1931040,0.36793631315231323
36740,1115776,6060745,0.3678450286388397
36741,1115776,5265751,0.36782723665237427
36742,1115776,7503958,0.36766767501831055
36743,1115776,6697752,0.3675771951675415
36744,1115776,7495862,0.36757150292396545
36745,1115776,6817000,0.36756962537765503
36746,1115776,1713478,0.3675607442855835
36747,1115776,4648569,0.36750897765159607
36748,1115776,802188,0.3673693537712097
36749,1115776,146043,0.36729708313941956
36750,1115776,143330,0.3672831356525421
36751,1115776,8446536,0.36721599102020264
36752,1115776,6269916,0.3672105371952057
36753,1115776,5056324,0.3672037422657013
36754,1115776,5638075,0.36719873547554016
36755,1115776,5793541,0.3671632409095764
36756,1115776,1377439,0.36708688735961914
36757,1115776,3758350,0.36704257130622864
36758,1115776,4245454,0.36704230308532715
36759,1115776,8714789,0.3670060634613037
36760,1115776,941156,0.36689648032188416
36761,1115776,1650994,0.3668932616710663
36762,1115776,490527,0.3668895363807678
36763,1115776,7443256,0.36681461334228516
36764,1115776,349992,0.3668133616447449
36765,1115776,1867713,0.3667981028556824
36766,1115776,1864868,0.3666784167289734
36767,1115776,7165064,0.3665946125984192
36768,1115776,1218732,0.3665209412574768
36769,1115776,5377868,0.36649277806282043
36770,1115776,7634703,0.36648058891296387
36771,1115776,6163854,0.3664758801460266
36772,1115776,7044567,0.36647313833236694
36773,1115776,2579221,0.3664155602455139
36774,1115776,5605155,0.36640262603759766
36775,1115776,1774971,0.3662993013858795
36776,1115776,4575736,0.3662945330142975
36777,1115776,3444226,0.3662934899330139
36778,1115776,3796925,0.36608248949050903
36779,1115776,1856144,0.3659949004650116
36780,1115776,1033603,0.3659559488296509
36781,1115776,717289,0.3659519553184509
36782,1115776,5257698,0.3659510612487793
36783,1115776,8097925,0.3658687174320221
36784,1115776,8070786,0.3658578097820282
36785,1115776,4450528,0.3658571243286133
36786,1115776,3736002,0.3656740188598633
36787,1115776,5338616,0.3656732439994812
36788,1115776,8105658,0.36566975712776184
36789,1115776,2469240,0.36551424860954285
36790,1115776,741964,0.3654620945453644
36791,1115776,7428103,0.3654339909553528
36792,1115776,5587183,0.3653019070625305
36793,1115776,1403194,0.36521804332733154
36794,1115776,6508452,0.3651805520057678
36795,1115776,6966427,0.36517903208732605
36796,1115776,7571015,0.3651481866836548
36797,1115776,7125857,0.36512142419815063
36798,1115776,6653840,0.36511749029159546
36799,1115776,6411124,0.3650810718536377
36800,1115776,6816599,0.36505502462387085
36801,1115776,7729518,0.36505240201950073
36802,1115776,3081626,0.3650307059288025
36803,1115776,7687543,0.36501583456993103
36804,1115776,6145699,0.36500898003578186
36805,1115776,2931545,0.36500832438468933
36806,1115776,727429,0.3649950623512268
36807,1115776,4107618,0.3649805188179016
36808,1115776,6602574,0.3648735284805298
36809,1115776,7637030,0.3648566007614136
36810,1115776,2548443,0.36480990052223206
36811,1115776,2998882,0.3648020625114441
36812,1115776,4848028,0.36477693915367126
36813,1115776,6908325,0.36476418375968933
36814,1115776,1049562,0.3645942807197571
36815,1115776,7962414,0.3645487427711487
36816,1115776,1709575,0.3644872307777405
36817,1115776,6246927,0.3644825220108032
36818,1115776,326824,0.3644676208496094
36819,1115776,4064907,0.3643718361854553
36820,1115776,5125125,0.3643351197242737
36821,1115776,8048787,0.36428093910217285
36822,1115776,7307403,0.3641650080680847
36823,1115776,4436045,0.36405956745147705
36824,1115776,5234324,0.3640395998954773
36825,1115776,8085121,0.3640342056751251
36826,1115776,74654,0.3640111982822418
36827,1115776,2888421,0.3639225959777832
36828,1115776,8455064,0.36390435695648193
36829,1115776,7756646,0.36385273933410645
36830,1115776,8080545,0.36379319429397583
36831,1115776,1369395,0.3637065887451172
36832,1115776,8606938,0.3636246919631958
36833,1115776,3278948,0.3636067509651184
36834,1115776,7506106,0.3635997176170349
36835,1115776,6816996,0.36359888315200806
36836,1115776,1862423,0.36345893144607544
36837,1115776,4852592,0.36345285177230835
36838,1115776,8268725,0.36342087388038635
36839,1115776,2142933,0.36338430643081665
36840,1115776,1992241,0.3633720278739929
36841,1115776,3684067,0.36332836747169495
36842,1115776,8079808,0.36329129338264465
36843,1115776,7070908,0.36322134733200073
36844,1115776,1485319,0.3631744980812073
36845,1115776,2939863,0.3631604313850403
36846,1115776,1606455,0.3631134629249573
36847,1115776,4238466,0.3630315363407135
36848,1115776,8270605,0.3630276620388031
36849,1115776,7690710,0.36301738023757935
36850,1115776,1809762,0.3630059063434601
36851,1115776,1259123,0.3629739284515381
36852,1115776,8078186,0.3629522919654846
36853,1115776,3588919,0.3629404604434967
36854,1115776,279866,0.36293256282806396
36855,1115776,5911724,0.36291584372520447
36856,1115776,1634546,0.36290740966796875
36857,1115776,7922182,0.36281901597976685
36858,1115776,1840351,0.36264774203300476
36859,1115776,8301407,0.3626232445240021
36860,1115776,3095280,0.3625429570674896
36861,1115776,5225165,0.3625238239765167
36862,1115776,567552,0.3624957799911499
36863,1115776,8339777,0.3624836504459381
36864,1115776,4324120,0.36238664388656616
36865,1115776,727437,0.36233073472976685
36866,1115776,1422765,0.3623259663581848
36867,1115776,4875860,0.3621351718902588
36868,1115776,1782224,0.3620973825454712
36869,1115776,1609825,0.36208009719848633
36870,1115776,6836596,0.362063467502594
36871,1115776,6494376,0.3619697093963623
36872,1115776,1046917,0.3619682192802429
36873,1115776,3385924,0.36191195249557495
36874,1115776,1495075,0.36190515756607056
36875,1115776,1559116,0.36185866594314575
36876,1115776,2178201,0.36176934838294983
36877,1115776,5391548,0.36175310611724854
36878,1115776,6491380,0.36174774169921875
36879,1115776,7253198,0.3617015779018402
36880,1115776,5814627,0.3616906702518463
36881,1115776,3719702,0.361583948135376
36882,1115776,2514460,0.3615133464336395
36883,1115776,1920165,0.36150261759757996
36884,1115776,118641,0.36144232749938965
36885,1115776,28841,0.36143794655799866
36886,1115776,5133001,0.36137330532073975
36887,1115776,1266209,0.3612266480922699
36888,1115776,1598867,0.36107638478279114
36889,1115776,1873530,0.3610498905181885
36890,1115776,4549458,0.36104393005371094
36891,1115776,4549464,0.36103612184524536
36892,1115776,4549461,0.36103612184524536
36893,1115776,979993,0.36095547676086426
36894,1115776,8567084,0.36093926429748535
36895,1115776,1357521,0.360894113779068
36896,1115776,6602575,0.3607906997203827
36897,1115776,3208044,0.360704243183136
36898,1115776,6934017,0.3606950044631958
36899,1115776,3627409,0.3606935143470764
36900,1115776,6416911,0.36067473888397217
36901,1115776,8725018,0.36065977811813354
36902,1115776,580734,0.3605942130088806
36903,1115776,7866844,0.36037516593933105
36904,1115776,7922181,0.3603680431842804
36905,1115776,6367745,0.3603563606739044
36906,1115776,1316400,0.36034414172172546
36907,1115776,3844043,0.36024391651153564
36908,1115776,644021,0.3602374196052551
36909,1115776,161547,0.36016929149627686
36910,1115776,8108815,0.3601665496826172
36911,1115776,7686023,0.3601648211479187
36912,1115776,6718802,0.3601592183113098
36913,1115776,4842097,0.36015206575393677
36914,1115776,2968183,0.35999569296836853
36915,1115776,972412,0.3599863648414612
36916,1115776,5917211,0.3599660396575928
36917,1115776,4952163,0.35995182394981384
36918,1115776,1163498,0.359940767288208
36919,1115776,8714788,0.3599129915237427
36920,1115776,1065911,0.3598853349685669
36921,1115776,3497562,0.3598163425922394
36922,1115776,811466,0.35975074768066406
36923,1115776,2011630,0.3597257137298584
36924,1115776,1666505,0.3596736490726471
36925,1115776,1456945,0.3596576452255249
36926,1115776,1753767,0.3596534729003906
36927,1115776,7971432,0.3596249222755432
36928,1115776,2222228,0.35961729288101196
36929,1115776,6863761,0.35958439111709595
36930,1115776,5335855,0.35944825410842896
36931,1115776,7891572,0.35943061113357544
36932,1115776,2251827,0.3593824505805969
36933,1115776,580736,0.3593359589576721
36934,1115776,4335339,0.35928845405578613
36935,1115776,4376842,0.3592757284641266
36936,1115776,2753637,0.3592744767665863
36937,1115776,4753543,0.3591947555541992
36938,1115776,7125859,0.3590397238731384
36939,1115776,6323663,0.3589719831943512
36940,1115776,1683240,0.358839750289917
36941,1115776,2579222,0.35881760716438293
36942,1115776,6060742,0.35881108045578003
36943,1115776,1179012,0.3588103652000427
36944,1115776,7434169,0.35868996381759644
36945,1115776,941057,0.3586713969707489
36946,1115776,3620598,0.35866808891296387
36947,1115776,2268429,0.3586291968822479
36948,1115776,2212161,0.3586135506629944
36949,1115776,1945994,0.3585737645626068
36950,1115776,6145698,0.3585635721683502
36951,1115776,3563810,0.3585363030433655
36952,1115776,8094453,0.35852283239364624
36953,1115776,797177,0.3584180474281311
36954,1115776,2012399,0.35824504494667053
36955,1115776,3584437,0.3581743836402893
36956,1115776,7559444,0.3581690788269043
36957,1115776,1947111,0.35814303159713745
36958,1115776,3352664,0.35812705755233765
36959,1115776,8477062,0.35811859369277954
36960,1115776,2395644,0.35800689458847046
36961,1115776,3411245,0.35799330472946167
36962,1115776,8118072,0.3579646348953247
36963,1115776,8369692,0.3579341769218445
36964,1115776,729227,0.35789650678634644
36965,1115776,122632,0.35789549350738525
36966,1115776,3958785,0.35788577795028687
36967,1115776,730618,0.357875794172287
36968,1115776,4713259,0.3578473925590515
36969,1115776,4098992,0.3578081727027893
36970,1115776,1199017,0.35780781507492065
36971,1115776,733572,0.3577687442302704
36972,1115776,6960198,0.35766303539276123
36973,1115776,5477173,0.3576602637767792
36974,1115776,1363505,0.35754984617233276
36975,1115776,8293219,0.35754984617233276
36976,1115776,7588227,0.35748136043548584
36977,1115776,4490992,0.35743725299835205
36978,1115776,1332864,0.3574185371398926
36979,1115776,1492916,0.35731732845306396
36980,1115776,7338709,0.3572983145713806
36981,1115776,1200191,0.3572765588760376
36982,1115776,3773507,0.3572614789009094
36983,1115776,8238242,0.3572410047054291
36984,1115776,603352,0.35723066329956055
36985,1115776,1126500,0.35719728469848633
36986,1115776,7117421,0.3571740984916687
36987,1115776,1734139,0.3571486473083496
36988,1115776,6750570,0.35711532831192017
36989,1115776,1483245,0.3570731282234192
36990,1115776,6950264,0.35706841945648193
36991,1115776,364287,0.35706597566604614
36992,1115776,8033023,0.35701727867126465
36993,1115776,5285899,0.3566828966140747
36994,1115776,3282158,0.3566506505012512
36995,1115776,1090486,0.3565823435783386
36996,1115776,7015926,0.356454461812973
36997,1115776,663081,0.3564543128013611
36998,1115776,5377867,0.35638290643692017
36999,1115776,7657643,0.35633760690689087
37000,1117099,8093931,0.6676179766654968
37001,1117099,8446505,0.6128258109092712
37002,1117099,8093934,0.6110715270042419
37003,1117099,8446501,0.6109641790390015
37004,1117099,6122722,0.5979976058006287
37005,1117099,3349612,0.5849533081054688
37006,1117099,4441325,0.5830251574516296
37007,1117099,3543106,0.5830123424530029
37008,1117099,4458509,0.5780659914016724
37009,1117099,8446506,0.5633715391159058
37010,1117099,5286538,0.5557907819747925
37011,1117099,1445087,0.5552612543106079
37012,1117099,5286539,0.554548978805542
37013,1117099,6122724,0.5516562461853027
37014,1117099,6122720,0.5406516790390015
37015,1117099,6534818,0.5364629030227661
37016,1117099,1798612,0.5350115299224854
37017,1117099,6122723,0.5148367881774902
37018,1117099,4458512,0.5105066299438477
37019,1117099,8093927,0.5019378662109375
37020,1117099,6122721,0.4994105100631714
37021,1117099,2073965,0.4960575997829437
37022,1117099,8093932,0.49137556552886963
37023,1117099,1798620,0.48812490701675415
37024,1117099,6993942,0.4709402620792389
37025,1117099,6917898,0.46486520767211914
37026,1117099,3128115,0.4634630084037781
37027,1117099,5377585,0.4620455503463745
37028,1117099,7610604,0.4620057940483093
37029,1117099,3349609,0.45905861258506775
37030,1117099,334611,0.4587271809577942
37031,1117099,5258462,0.45685362815856934
37032,1117099,8093933,0.456281453371048
37033,1117099,1692846,0.45626986026763916
37034,1117099,4458506,0.45559072494506836
37035,1117099,1798619,0.44912999868392944
37036,1117099,6940556,0.447856605052948
37037,1117099,6917896,0.44483280181884766
37038,1117099,700495,0.44467929005622864
37039,1117099,5795851,0.44243359565734863
37040,1117099,1692847,0.4422551989555359
37041,1117099,700500,0.44115662574768066
37042,1117099,6940553,0.44105616211891174
37043,1117099,6857439,0.44004470109939575
37044,1117099,6452045,0.4385254979133606
37045,1117099,7035120,0.43681269884109497
37046,1117099,4528331,0.4358242154121399
37047,1117099,700497,0.4352213144302368
37048,1117099,2994349,0.43371665477752686
37049,1117099,7610596,0.43234872817993164
37050,1117099,8515441,0.4320918619632721
37051,1117099,6178371,0.43099284172058105
37052,1117099,8446504,0.42943480610847473
37053,1117099,7610601,0.4289986789226532
37054,1117099,714808,0.427950918674469
37055,1117099,3108942,0.4244377613067627
37056,1117099,5286535,0.42243102192878723
37057,1117099,225488,0.4215403199195862
37058,1117099,6411784,0.42088356614112854
37059,1117099,1798614,0.42084425687789917
37060,1117099,2826704,0.42018386721611023
37061,1117099,7099573,0.4179821014404297
37062,1117099,2826706,0.4178631901741028
37063,1117099,2826709,0.4178631901741028
37064,1117099,4935533,0.4165458083152771
37065,1117099,4458508,0.41573256254196167
37066,1117099,4458505,0.4156078100204468
37067,1117099,2073970,0.4155661463737488
37068,1117099,1445091,0.4155512750148773
37069,1117099,4528335,0.4153546690940857
37070,1117099,8208315,0.41496777534484863
37071,1117099,7129629,0.41380220651626587
37072,1117099,3762743,0.4131919741630554
37073,1117099,7660321,0.4131386876106262
37074,1117099,1692841,0.41195937991142273
37075,1117099,3906409,0.4118950068950653
37076,1117099,334615,0.40914422273635864
37077,1117099,4762819,0.4090105891227722
37078,1117099,2074717,0.4084721803665161
37079,1117099,896518,0.4081023931503296
37080,1117099,7210316,0.4067392945289612
37081,1117099,178232,0.40567779541015625
37082,1117099,3439264,0.4052570164203644
37083,1117099,6917904,0.40478944778442383
37084,1117099,8361829,0.40466102957725525
37085,1117099,5941242,0.4037735164165497
37086,1117099,6398915,0.4037458300590515
37087,1117099,6481213,0.4035303294658661
37088,1117099,5267444,0.403045117855072
37089,1117099,5149273,0.4016387462615967
37090,1117099,1692844,0.40160709619522095
37091,1117099,3906407,0.4012596607208252
37092,1117099,7122093,0.4012295603752136
37093,1117099,103423,0.4006628096103668
37094,1117099,5749405,0.4006309509277344
37095,1117099,7970962,0.4001384377479553
37096,1117099,7035127,0.39977729320526123
37097,1117099,1300815,0.39904025197029114
37098,1117099,7087422,0.3979783356189728
37099,1117099,1389420,0.39780694246292114
37100,1117099,4458511,0.39774584770202637
37101,1117099,6411781,0.3974487781524658
37102,1117099,6209253,0.39716053009033203
37103,1117099,8246351,0.3965603709220886
37104,1117099,1597013,0.3956221342086792
37105,1117099,3906405,0.3952530026435852
37106,1117099,1721190,0.39464566111564636
37107,1117099,6940550,0.39444494247436523
37108,1117099,606628,0.3940809965133667
37109,1117099,5757264,0.3938829302787781
37110,1117099,5843863,0.393475741147995
37111,1117099,7087425,0.39340901374816895
37112,1117099,8434605,0.3929639458656311
37113,1117099,8434604,0.3929363489151001
37114,1117099,3906408,0.3928643465042114
37115,1117099,2620705,0.3919898569583893
37116,1117099,700501,0.391847163438797
37117,1117099,1181848,0.3917543888092041
37118,1117099,6428916,0.3914783298969269
37119,1117099,8446502,0.3906485140323639
37120,1117099,8681167,0.3905552923679352
37121,1117099,8714087,0.39025628566741943
37122,1117099,747227,0.3896041512489319
37123,1117099,3439260,0.3892553448677063
37124,1117099,3427785,0.38847771286964417
37125,1117099,1550288,0.38820379972457886
37126,1117099,2994355,0.3878825902938843
37127,1117099,1390394,0.38784295320510864
37128,1117099,2903156,0.3878147006034851
37129,1117099,4627803,0.38729289174079895
37130,1117099,5268704,0.3872573673725128
37131,1117099,2175362,0.387138307094574
37132,1117099,5435867,0.3870934844017029
37133,1117099,6940552,0.387042760848999
37134,1117099,2524508,0.386627733707428
37135,1117099,2761930,0.3864648640155792
37136,1117099,3973316,0.38602158427238464
37137,1117099,7498422,0.38587063550949097
37138,1117099,7040573,0.3857879042625427
37139,1117099,7806048,0.3856534957885742
37140,1117099,8369431,0.38525664806365967
37141,1117099,5777784,0.3850843906402588
37142,1117099,5383751,0.384657621383667
37143,1117099,896515,0.3845364451408386
37144,1117099,2109696,0.384443074464798
37145,1117099,4275307,0.3842574954032898
37146,1117099,1377284,0.3838360905647278
37147,1117099,7211951,0.383783221244812
37148,1117099,5286542,0.38334694504737854
37149,1117099,8612661,0.3832833766937256
37150,1117099,8351568,0.382541686296463
37151,1117099,2524514,0.3819783329963684
37152,1117099,1417396,0.3816830813884735
37153,1117099,7789844,0.3815107047557831
37154,1117099,2109695,0.3806261420249939
37155,1117099,7828028,0.38023194670677185
37156,1117099,2867224,0.3795219659805298
37157,1117099,997496,0.379426509141922
37158,1117099,4116672,0.37936457991600037
37159,1117099,4458507,0.37935978174209595
37160,1117099,1182884,0.37894511222839355
37161,1117099,6551582,0.3786996603012085
37162,1117099,989011,0.37857887148857117
37163,1117099,1798617,0.3782627284526825
37164,1117099,7172078,0.37809062004089355
37165,1117099,4528327,0.378042995929718
37166,1117099,4303173,0.3778190314769745
37167,1117099,1887391,0.37700986862182617
37168,1117099,8260138,0.3764817714691162
37169,1117099,6912425,0.37623894214630127
37170,1117099,7163733,0.3758416771888733
37171,1117099,3847383,0.3753003478050232
37172,1117099,3349607,0.3748231828212738
37173,1117099,4653799,0.3747502565383911
37174,1117099,1013791,0.3747042417526245
37175,1117099,700499,0.37446051836013794
37176,1117099,8113161,0.37420642375946045
37177,1117099,2910935,0.3740754723548889
37178,1117099,1692843,0.3736964464187622
37179,1117099,1721192,0.3734208345413208
37180,1117099,7242037,0.3728324770927429
37181,1117099,8301409,0.37237799167633057
37182,1117099,3644661,0.37221139669418335
37183,1117099,1390395,0.3721901774406433
37184,1117099,1087465,0.3721444010734558
37185,1117099,5578294,0.3718789219856262
37186,1117099,4458510,0.371715247631073
37187,1117099,1445090,0.37167561054229736
37188,1117099,1096033,0.3712650537490845
37189,1117099,8361773,0.37120985984802246
37190,1117099,3108939,0.3711552619934082
37191,1117099,8372880,0.3710583448410034
37192,1117099,4592637,0.3710077106952667
37193,1117099,4692681,0.3706209659576416
37194,1117099,8361830,0.36992496252059937
37195,1117099,589227,0.36960893869400024
37196,1117099,6912423,0.3695668578147888
37197,1117099,7194882,0.3695300817489624
37198,1117099,4408104,0.36950910091400146
37199,1117099,2947962,0.36944156885147095
37200,1117099,6665494,0.3694221079349518
37201,1117099,4627808,0.36921626329421997
37202,1117099,7261488,0.36894461512565613
37203,1117099,7995373,0.36884334683418274
37204,1117099,6978634,0.36831432580947876
37205,1117099,2567183,0.3682885766029358
37206,1117099,2109699,0.36822283267974854
37207,1117099,6912421,0.36820024251937866
37208,1117099,6559033,0.36818772554397583
37209,1117099,7163763,0.3681620955467224
37210,1117099,3991144,0.3678353428840637
37211,1117099,606629,0.36780768632888794
37212,1117099,5023030,0.36778485774993896
37213,1117099,1147881,0.3676600456237793
37214,1117099,3906412,0.36745667457580566
37215,1117099,3189067,0.3673953115940094
37216,1117099,8177399,0.3672003746032715
37217,1117099,1482998,0.36701399087905884
37218,1117099,1274189,0.3665962219238281
37219,1117099,3122105,0.3665770888328552
37220,1117099,6859754,0.36614108085632324
37221,1117099,3378601,0.3659866154193878
37222,1117099,1220091,0.3659631609916687
37223,1117099,7879730,0.3658331334590912
37224,1117099,3014164,0.36573517322540283
37225,1117099,5023039,0.36543041467666626
37226,1117099,178229,0.36537253856658936
37227,1117099,710604,0.36527007818222046
37228,1117099,2920383,0.36488717794418335
37229,1117099,7826178,0.3648037910461426
37230,1117099,1718725,0.364509642124176
37231,1117099,8363852,0.3642238676548004
37232,1117099,1263602,0.36417156457901
37233,1117099,178226,0.36416852474212646
37234,1117099,3847384,0.36399319767951965
37235,1117099,6858988,0.3638557195663452
37236,1117099,8351572,0.36383163928985596
37237,1117099,290684,0.3636021614074707
37238,1117099,4485948,0.363574743270874
37239,1117099,2157569,0.3633863627910614
37240,1117099,5597127,0.36267444491386414
37241,1117099,8616786,0.36228084564208984
37242,1117099,8474323,0.36162644624710083
37243,1117099,6411704,0.3613767623901367
37244,1117099,3427786,0.36131393909454346
37245,1117099,5342738,0.3613030016422272
37246,1117099,5054532,0.3612847924232483
37247,1117099,416013,0.36127108335494995
37248,1117099,3273237,0.3612247705459595
37249,1117099,3633446,0.36103636026382446
37250,1117099,4864339,0.3608560562133789
37251,1117099,6124957,0.36083465814590454
37252,1117099,696155,0.360800176858902
37253,1117099,232232,0.3604224920272827
37254,1117099,7354403,0.3603940010070801
37255,1117099,7879723,0.3602339029312134
37256,1117099,4006354,0.3600447177886963
37257,1117099,5008078,0.35992783308029175
37258,1117099,8428474,0.35983672738075256
37259,1117099,4368182,0.3598053455352783
37260,1117099,8712022,0.3595184087753296
37261,1117099,230593,0.35922741889953613
37262,1117099,613685,0.3592228889465332
37263,1117099,7990957,0.35909155011177063
37264,1117099,5817491,0.3589673340320587
37265,1117099,6940555,0.35892748832702637
37266,1117099,6701413,0.35892418026924133
37267,1117099,6287298,0.3588963747024536
37268,1117099,7163765,0.35888174176216125
37269,1117099,4256788,0.35885024070739746
37270,1117099,2429266,0.3587815463542938
37271,1117099,7828034,0.358683317899704
37272,1117099,7879732,0.3585972189903259
37273,1117099,7204848,0.3585692048072815
37274,1117099,3506171,0.3583774268627167
37275,1117099,7408548,0.35819876194000244
37276,1117099,6940558,0.3581983745098114
37277,1117099,4805755,0.358170747756958
37278,1117099,238295,0.3579738140106201
37279,1117099,6731400,0.35777056217193604
37280,1117099,1457593,0.3575606346130371
37281,1117099,3108941,0.35755079984664917
37282,1117099,3879952,0.35747677087783813
37283,1117099,5448444,0.35735881328582764
37284,1117099,8113158,0.3573266863822937
37285,1117099,6076396,0.35717278718948364
37286,1117099,1459958,0.35690805315971375
37287,1117099,1711927,0.35690242052078247
37288,1117099,2216992,0.35678690671920776
37289,1117099,8113160,0.35660520195961
37290,1117099,3757343,0.35620972514152527
37291,1117099,7210309,0.35550662875175476
37292,1117099,6462313,0.3553818464279175
37293,1117099,3821771,0.35504621267318726
37294,1117099,2304513,0.3548505902290344
37295,1117099,1093139,0.354778915643692
37296,1117099,5286540,0.3547463119029999
37297,1117099,6708037,0.35471105575561523
37298,1117099,5819125,0.3546569347381592
37299,1117099,8177397,0.35459083318710327
37300,1117099,6398916,0.3545095920562744
37301,1117099,1597005,0.35437190532684326
37302,1117099,7871975,0.3541526794433594
37303,1117099,2067372,0.35390448570251465
37304,1117099,4428779,0.3537452220916748
37305,1117099,103429,0.3535870313644409
37306,1117099,3614533,0.3535141348838806
37307,1117099,8372878,0.3533749580383301
37308,1117099,2620708,0.3530656397342682
37309,1117099,830718,0.35303187370300293
37310,1117099,874210,0.35290229320526123
37311,1117099,8714082,0.3527824878692627
37312,1117099,6470860,0.3527677655220032
37313,1117099,8138043,0.3525286614894867
37314,1117099,7858321,0.3525107502937317
37315,1117099,2429261,0.35239118337631226
37316,1117099,4815809,0.35232168436050415
37317,1117099,411404,0.3522074818611145
37318,1117099,231480,0.3521996736526489
37319,1117099,7532850,0.35150694847106934
37320,1117099,3108937,0.3514270484447479
37321,1117099,416015,0.3513021469116211
37322,1117099,2567186,0.350941926240921
37323,1117099,2524516,0.35072755813598633
37324,1117099,3856151,0.3505554795265198
37325,1117099,334608,0.3505105972290039
37326,1117099,1986011,0.3505052924156189
37327,1117099,6917897,0.3505047559738159
37328,1117099,7724511,0.3504212498664856
37329,1117099,7663165,0.3503761887550354
37330,1117099,3893369,0.35029280185699463
37331,1117099,3847387,0.3500975966453552
37332,1117099,4001643,0.3499646782875061
37333,1117099,5354862,0.3498871326446533
37334,1117099,1096036,0.3498270511627197
37335,1117099,230282,0.34966176748275757
37336,1117099,1877519,0.34962010383605957
37337,1117099,1158554,0.3495481610298157
37338,1117099,5286536,0.34949928522109985
37339,1117099,4959573,0.3494398593902588
37340,1117099,6622237,0.34937238693237305
37341,1117099,231483,0.34934449195861816
37342,1117099,2524510,0.34929850697517395
37343,1117099,2567187,0.3491952419281006
37344,1117099,5819132,0.349096417427063
37345,1117099,8586321,0.3489275574684143
37346,1117099,8019446,0.3486914038658142
37347,1117099,3096199,0.34868741035461426
37348,1117099,6735875,0.348514199256897
37349,1117099,2195368,0.34846654534339905
37350,1117099,571991,0.3482048213481903
37351,1117099,4869387,0.3481481671333313
37352,1117099,6912422,0.3481147289276123
37353,1117099,2524511,0.34811291098594666
37354,1117099,5008453,0.34808993339538574
37355,1117099,700493,0.3480146527290344
37356,1117099,6462311,0.3479890823364258
37357,1117099,5602215,0.3479112386703491
37358,1117099,1096031,0.3479090929031372
37359,1117099,7242036,0.3475022315979004
37360,1117099,6858993,0.34746450185775757
37361,1117099,900807,0.34717780351638794
37362,1117099,8103082,0.3468988239765167
37363,1117099,5387506,0.34687915444374084
37364,1117099,1472001,0.3467150926589966
37365,1117099,2180433,0.34663987159729004
37366,1117099,6534817,0.3466078042984009
37367,1117099,3757690,0.3465689420700073
37368,1117099,8351571,0.34654003381729126
37369,1117099,2620704,0.34637391567230225
37370,1117099,5850371,0.34636062383651733
37371,1117099,687217,0.34627217054367065
37372,1117099,2620707,0.3461153507232666
37373,1117099,6405706,0.3460767865180969
37374,1117099,6855083,0.3459538221359253
37375,1117099,458742,0.3458259701728821
37376,1117099,2567188,0.345811128616333
37377,1117099,1847680,0.34572285413742065
37378,1117099,8372875,0.34546539187431335
37379,1117099,1909827,0.34533530473709106
37380,1117099,3798545,0.3453083038330078
37381,1117099,8326985,0.34521859884262085
37382,1117099,8072929,0.3452101945877075
37383,1117099,5586471,0.3449242115020752
37384,1117099,4802605,0.34477493166923523
37385,1117099,6265881,0.3447347581386566
37386,1117099,5365410,0.3446296453475952
37387,1117099,3847386,0.3446124196052551
37388,1117099,7308455,0.34453946352005005
37389,1117099,379263,0.3443357050418854
37390,1117099,157019,0.34430432319641113
37391,1117099,7431540,0.34417057037353516
37392,1117099,1390386,0.3440335690975189
37393,1117099,5806894,0.34400907158851624
37394,1117099,7528931,0.3439653515815735
37395,1117099,2204127,0.34385859966278076
37396,1117099,589228,0.34374943375587463
37397,1117099,1873271,0.3435279130935669
37398,1117099,1391840,0.34349939227104187
37399,1117099,5359292,0.34329065680503845
37400,1117099,2113599,0.3432454466819763
37401,1117099,866449,0.34319278597831726
37402,1117099,6936935,0.3430708050727844
37403,1117099,1980171,0.34297946095466614
37404,1117099,8251778,0.34293100237846375
37405,1117099,1570990,0.34289538860321045
37406,1117099,8138046,0.34282752871513367
37407,1117099,3135655,0.3427808880805969
37408,1117099,8428481,0.34260621666908264
37409,1117099,5342740,0.34259891510009766
37410,1117099,5784445,0.3424040675163269
37411,1117099,8708306,0.342319518327713
37412,1117099,874219,0.3422239422798157
37413,1117099,1721187,0.34213340282440186
37414,1117099,7717043,0.34198567271232605
37415,1117099,5793502,0.34196707606315613
37416,1117099,6012359,0.34188202023506165
37417,1117099,5152506,0.34177809953689575
37418,1117099,7784334,0.341760516166687
37419,1117099,6269384,0.34154608845710754
37420,1117099,4154136,0.3413856625556946
37421,1117099,4001642,0.3412119150161743
37422,1117099,5216263,0.34120357036590576
37423,1117099,8615590,0.34093379974365234
37424,1117099,319269,0.34093308448791504
37425,1117099,2499919,0.3407241702079773
37426,1117099,7320702,0.3405976891517639
37427,1117099,4635779,0.34048330783843994
37428,1117099,6912420,0.3403133153915405
37429,1117099,3421773,0.3402416706085205
37430,1117099,6849025,0.3402062952518463
37431,1117099,1390391,0.3400002419948578
37432,1117099,7193460,0.3399748206138611
37433,1117099,211205,0.3398054838180542
37434,1117099,3986356,0.3396480977535248
37435,1117099,96641,0.33960577845573425
37436,1117099,2410086,0.3395630717277527
37437,1117099,3931642,0.339557945728302
37438,1117099,5850369,0.33953285217285156
37439,1117099,1814043,0.33946868777275085
37440,1117099,7204846,0.3394497036933899
37441,1117099,3874814,0.33932068943977356
37442,1117099,4627809,0.33929443359375
37443,1117099,606627,0.33914580941200256
37444,1117099,5570078,0.3390007019042969
37445,1117099,7398437,0.3389590382575989
37446,1117099,4891720,0.33887210488319397
37447,1117099,4582686,0.33854061365127563
37448,1117099,6696895,0.33851879835128784
37449,1117099,2195363,0.33843517303466797
37450,1117099,2542006,0.33835241198539734
37451,1117099,5795855,0.3383384346961975
37452,1117099,6512987,0.3383132219314575
37453,1117099,8106144,0.3382108211517334
37454,1117099,3607153,0.3380744159221649
37455,1117099,4528332,0.338052362203598
37456,1117099,1259384,0.3380102515220642
37457,1117099,6511331,0.3379993736743927
37458,1117099,722521,0.33789464831352234
37459,1117099,5021633,0.33772122859954834
37460,1117099,6398909,0.33763033151626587
37461,1117099,5029579,0.33745718002319336
37462,1117099,959001,0.3373820185661316
37463,1117099,7514071,0.33737993240356445
37464,1117099,3942609,0.3373257517814636
37465,1117099,5462111,0.33731549978256226
37466,1117099,3064307,0.33730554580688477
37467,1117099,6439904,0.33703142404556274
37468,1117099,2204126,0.33693093061447144
37469,1117099,4297735,0.33688896894454956
37470,1117099,3855710,0.33684954047203064
37471,1117099,5244978,0.33679401874542236
37472,1117099,5699283,0.3367212414741516
37473,1117099,7087421,0.3365902602672577
37474,1117099,5602216,0.336575984954834
37475,1117099,7295383,0.3365508019924164
37476,1117099,3760969,0.33653882145881653
37477,1117099,2620701,0.33643975853919983
37478,1117099,3682030,0.33641672134399414
37479,1117099,3019333,0.33638298511505127
37480,1117099,1877516,0.336261510848999
37481,1117099,606634,0.3362308144569397
37482,1117099,1340285,0.3362003564834595
37483,1117099,5354863,0.33611613512039185
37484,1117099,2059116,0.33608776330947876
37485,1117099,899168,0.3358728885650635
37486,1117099,2604881,0.335752010345459
37487,1117099,6405703,0.33571934700012207
37488,1117099,6572245,0.3356318473815918
37489,1117099,4583945,0.33552420139312744
37490,1117099,3214921,0.33549073338508606
37491,1117099,1890908,0.33524641394615173
37492,1117099,8729835,0.33523428440093994
37493,1117099,8144478,0.3349950313568115
37494,1117099,458740,0.3348754644393921
37495,1117099,1244188,0.3348667323589325
37496,1117099,1966830,0.3348638713359833
37497,1117099,7194601,0.3348619043827057
37498,1117099,3757689,0.3348376154899597
37499,1117099,8544687,0.3347030282020569
37500,1117099,4540734,0.33465641736984253
37501,1117099,1947262,0.33455124497413635
37502,1117099,1890911,0.3344919681549072
37503,1117099,3800046,0.33448922634124756
37504,1117099,5027129,0.3344349265098572
37505,1117099,6622235,0.3344123363494873
37506,1117099,6287299,0.33438795804977417
37507,1117099,178228,0.3342759609222412
37508,1117099,5795852,0.3342655301094055
37509,1117099,297114,0.33426156640052795
37510,1117099,4303691,0.3342423439025879
37511,1117099,7141338,0.33422189950942993
37512,1117099,8794814,0.33420252799987793
37513,1117099,1634267,0.3341793119907379
37514,1117099,1230252,0.3340463638305664
37515,1117099,3095775,0.33399927616119385
37516,1117099,7124505,0.33389997482299805
37517,1117099,2377456,0.33386215567588806
37518,1117099,4157676,0.33376622200012207
37519,1117099,5784448,0.33372730016708374
37520,1117099,119976,0.33370018005371094
37521,1117099,2623917,0.33358144760131836
37522,1117099,4385591,0.3335573375225067
37523,1117099,8267675,0.3334808051586151
37524,1117099,877513,0.3334622085094452
37525,1117099,8461905,0.3334541916847229
37526,1117099,1595865,0.33328577876091003
37527,1117099,4001647,0.33325278759002686
37528,1117099,2944298,0.33324772119522095
37529,1117099,4522812,0.33320778608322144
37530,1117099,2618876,0.3331913650035858
37531,1117099,5877393,0.33316856622695923
37532,1117099,5700152,0.3331068158149719
37533,1117099,5793496,0.33306702971458435
37534,1117099,6622231,0.33306702971458435
37535,1117099,2607651,0.3328355848789215
37536,1117099,8133607,0.33271998167037964
37537,1117099,8227935,0.3327178657054901
37538,1117099,5501992,0.33264943957328796
37539,1117099,3125345,0.3326294422149658
37540,1117099,4464001,0.3326106071472168
37541,1117099,3640042,0.33256542682647705
37542,1117099,2903160,0.33251214027404785
37543,1117099,74528,0.33246421813964844
37544,1117099,3813460,0.33238697052001953
37545,1117099,1000007,0.332317054271698
37546,1117099,5578604,0.3322874903678894
37547,1117099,4991873,0.3321905732154846
37548,1117099,2892829,0.3321266174316406
37549,1117099,1244196,0.33203646540641785
37550,1117099,7212556,0.3320341110229492
37551,1117099,196822,0.33191153407096863
37552,1117099,1038529,0.33185213804244995
37553,1117099,3095579,0.3318236470222473
37554,1117099,700498,0.3317493200302124
37555,1117099,6940549,0.33170604705810547
37556,1117099,6065245,0.331659734249115
37557,1117099,5091479,0.33157050609588623
37558,1117099,731517,0.3315146565437317
37559,1117099,6525945,0.3314785361289978
37560,1117099,111866,0.33139920234680176
37561,1117099,3283613,0.3313353657722473
37562,1117099,606626,0.3313121795654297
37563,1117099,2567182,0.33120396733283997
37564,1117099,7545381,0.3310926556587219
37565,1117099,1586364,0.33102142810821533
37566,1117099,4607163,0.33100903034210205
37567,1117099,2204128,0.33081498742103577
37568,1117099,6140225,0.33081430196762085
37569,1117099,1903110,0.3307235836982727
37570,1117099,7700510,0.33061376214027405
37571,1117099,722529,0.3305898904800415
37572,1117099,7679210,0.330577552318573
37573,1117099,5950911,0.33055809140205383
37574,1117099,5614072,0.33054405450820923
37575,1117099,3821773,0.3305355906486511
37576,1117099,659790,0.3304334282875061
37577,1117099,7237662,0.3303869664669037
37578,1117099,6869944,0.33032023906707764
37579,1117099,5874017,0.33030280470848083
37580,1117099,2761928,0.3302869200706482
37581,1117099,1573893,0.330281138420105
37582,1117099,7767084,0.33019471168518066
37583,1117099,3056497,0.3300890028476715
37584,1117099,2688146,0.3298880457878113
37585,1117099,234388,0.32986509799957275
37586,1117099,2558139,0.3296019434928894
37587,1117099,7200578,0.3295878767967224
37588,1117099,2916482,0.3295799493789673
37589,1117099,7173023,0.32956182956695557
37590,1117099,4115551,0.3294695019721985
37591,1117099,3095770,0.3294348120689392
37592,1117099,189601,0.3294057250022888
37593,1117099,6784955,0.32936978340148926
37594,1117099,5072372,0.32934004068374634
37595,1117099,8836803,0.3293206989765167
37596,1117099,2137224,0.3293053209781647
37597,1117099,6370742,0.32927703857421875
37598,1117099,6958808,0.3291996121406555
37599,1117099,1344700,0.3291777968406677
37600,1117099,7014643,0.32916927337646484
37601,1117099,6452039,0.3291102349758148
37602,1117099,4921533,0.32904136180877686
37603,1117099,2058630,0.3289073705673218
37604,1117099,2238792,0.3288799524307251
37605,1117099,5448453,0.3288649320602417
37606,1117099,625792,0.328849196434021
37607,1117099,4457444,0.3287288546562195
37608,1117099,1542026,0.32871630787849426
37609,1117099,3821779,0.32859164476394653
37610,1117099,2173360,0.3285849988460541
37611,1117099,6771122,0.3285597562789917
37612,1117099,3108938,0.3285580277442932
37613,1117099,6038301,0.3285328447818756
37614,1117099,5152723,0.3285105526447296
37615,1117099,1650836,0.3284305930137634
37616,1117099,1752580,0.32842275500297546
37617,1117099,4788011,0.3283376693725586
37618,1117099,1532409,0.32816702127456665
37619,1117099,3108943,0.3281269371509552
37620,1117099,1528398,0.32812026143074036
37621,1117099,6912426,0.3280397057533264
37622,1117099,1877523,0.32801637053489685
37623,1117099,3986361,0.3280074894428253
37624,1117099,8074776,0.32797443866729736
37625,1117099,6405701,0.3278743028640747
37626,1117099,3817535,0.3277714252471924
37627,1117099,3636355,0.3276410698890686
37628,1117099,6398911,0.3274853229522705
37629,1117099,6217780,0.32747364044189453
37630,1117099,2036717,0.32747364044189453
37631,1117099,6917905,0.327448308467865
37632,1117099,157022,0.3274451494216919
37633,1117099,3096207,0.3273719549179077
37634,1117099,7595870,0.3273707926273346
37635,1117099,3522902,0.327358216047287
37636,1117099,4983577,0.3273144066333771
37637,1117099,6287293,0.3273008465766907
37638,1117099,1570994,0.3272194266319275
37639,1117099,5020960,0.3271782398223877
37640,1117099,5015164,0.3271699547767639
37641,1117099,1692845,0.32715389132499695
37642,1117099,3341181,0.3271143436431885
37643,1117099,3058324,0.3270806670188904
37644,1117099,5345434,0.3270740807056427
37645,1117099,4032901,0.3270661532878876
37646,1117099,1494996,0.3270170986652374
37647,1117099,1950890,0.3270074129104614
37648,1117099,6693371,0.32696181535720825
37649,1117099,6941673,0.3268871009349823
37650,1117099,769819,0.32668352127075195
37651,1117099,8461908,0.32663393020629883
37652,1117099,1457588,0.3265655040740967
37653,1117099,6331600,0.32648858428001404
37654,1117099,5216260,0.3264334201812744
37655,1117099,3200888,0.32640376687049866
37656,1117099,2342881,0.3263813555240631
37657,1117099,4008370,0.32620689272880554
37658,1117099,7809407,0.32603543996810913
37659,1117099,1002386,0.32601577043533325
37660,1117099,1042615,0.3258218467235565
37661,1117099,5529809,0.3257981538772583
37662,1117099,4030103,0.3257901966571808
37663,1117099,1295504,0.3257570266723633
37664,1117099,6918785,0.3257511556148529
37665,1117099,7983994,0.32569217681884766
37666,1117099,8652534,0.3256090581417084
37667,1117099,6370740,0.3256043791770935
37668,1117099,4569054,0.3255022168159485
37669,1117099,3130686,0.3253982663154602
37670,1117099,6730626,0.32536810636520386
37671,1117099,1187174,0.3252830505371094
37672,1117099,8417359,0.3252355456352234
37673,1117099,3626859,0.3251034617424011
37674,1117099,4627805,0.3250831663608551
37675,1117099,7191130,0.32501494884490967
37676,1117099,3572403,0.325004518032074
37677,1117099,5756367,0.32499128580093384
37678,1117099,8472312,0.3249252736568451
37679,1117099,3906404,0.3248818516731262
37680,1117099,379265,0.324828565120697
37681,1117099,4528330,0.32482317090034485
37682,1117099,5342739,0.3248167037963867
37683,1117099,2242771,0.3247630000114441
37684,1117099,8451668,0.32461410760879517
37685,1117099,8361775,0.3245610296726227
37686,1117099,502609,0.3245030343532562
37687,1117099,3273236,0.32446300983428955
37688,1117099,5699286,0.3244483470916748
37689,1117099,2228813,0.32444536685943604
37690,1117099,2607652,0.32435840368270874
37691,1117099,4079379,0.32429829239845276
37692,1117099,5157893,0.324224591255188
37693,1117099,4124558,0.32415634393692017
37694,1117099,1105501,0.3241231143474579
37695,1117099,7258623,0.32409799098968506
37696,1117099,3506173,0.3240736722946167
37697,1117099,8306414,0.32403814792633057
37698,1117099,4602102,0.32401272654533386
37699,1117099,8084280,0.32396042346954346
37700,1117099,8093935,0.32388460636138916
37701,1117099,4199504,0.32388395071029663
37702,1117099,6200966,0.32385164499282837
37703,1117099,1777431,0.3238404095172882
37704,1117099,6543848,0.3238248825073242
37705,1117099,6490228,0.323790967464447
37706,1117099,7021348,0.32371968030929565
37707,1117099,4448806,0.32368722558021545
37708,1117099,5310074,0.32364988327026367
37709,1117099,3604007,0.32362860441207886
37710,1117099,508938,0.32360607385635376
37711,1117099,7495383,0.323590487241745
37712,1117099,1535074,0.32355713844299316
37713,1117099,5699289,0.32349729537963867
37714,1117099,8714085,0.32349708676338196
37715,1117099,6012358,0.3234841823577881
37716,1117099,7663163,0.32346245646476746
37717,1117099,995913,0.32346057891845703
37718,1117099,3921953,0.32345813512802124
37719,1117099,1100586,0.3234328627586365
37720,1117099,3851154,0.323419451713562
37721,1117099,701666,0.32333213090896606
37722,1117099,5297708,0.32332828640937805
37723,1117099,8820809,0.32321807742118835
37724,1117099,6463839,0.32321563363075256
37725,1117099,1042606,0.3231428861618042
37726,1117099,2279003,0.3231123089790344
37727,1117099,6464258,0.3230403661727905
37728,1117099,3805577,0.3230299949645996
37729,1117099,7122589,0.3230160176753998
37730,1117099,3544982,0.32299453020095825
37731,1117099,7695621,0.3229454755783081
37732,1117099,5024622,0.3228943347930908
37733,1117099,7211865,0.32271480560302734
37734,1117099,8295466,0.3226914405822754
37735,1117099,7040568,0.32268399000167847
37736,1117099,4001648,0.3226486146450043
37737,1117099,7883315,0.32264062762260437
37738,1117099,2479592,0.32260188460350037
37739,1117099,6464263,0.32255029678344727
37740,1117099,7431533,0.32254505157470703
37741,1117099,3977076,0.32248789072036743
37742,1117099,7616345,0.32247820496559143
37743,1117099,4076042,0.32244613766670227
37744,1117099,1718724,0.3224378228187561
37745,1117099,1702255,0.3224233388900757
37746,1117099,7728396,0.322420597076416
37747,1117099,3568870,0.32234492897987366
37748,1117099,231481,0.32233476638793945
37749,1117099,5846339,0.3221648633480072
37750,1117099,8008962,0.32211992144584656
37751,1117099,3128110,0.32209381461143494
37752,1117099,1267981,0.3220079243183136
37753,1117099,2815125,0.3219909071922302
37754,1117099,4962443,0.3219573497772217
37755,1117099,7053187,0.32186561822891235
37756,1117099,5579066,0.3218259811401367
37757,1117099,7040576,0.3217519521713257
37758,1117099,3978291,0.3217472434043884
37759,1117099,874215,0.3217238187789917
37760,1117099,1941246,0.32160815596580505
37761,1117099,730587,0.3215891718864441
37762,1117099,6985266,0.32156533002853394
37763,1117099,6978633,0.32152602076530457
37764,1117099,1692848,0.32145223021507263
37765,1117099,3522905,0.3214443027973175
37766,1117099,942023,0.3213873505592346
37767,1117099,6789351,0.3213043510913849
37768,1117099,411405,0.32127654552459717
37769,1117099,154003,0.32121509313583374
37770,1117099,2377461,0.32116609811782837
37771,1117099,7237658,0.3210473656654358
37772,1117099,3128114,0.32103806734085083
37773,1117099,7173017,0.32094383239746094
37774,1117099,4775937,0.32087936997413635
37775,1117099,8403599,0.3208615183830261
37776,1117099,309300,0.32084259390830994
37777,1117099,2620709,0.32084161043167114
37778,1117099,8577522,0.3207743763923645
37779,1117099,3973309,0.3206385374069214
37780,1117099,8577517,0.32056093215942383
37781,1117099,5874018,0.3205178380012512
37782,1117099,4528329,0.32051244378089905
37783,1117099,2507473,0.32049092650413513
37784,1117099,8785066,0.3204684257507324
37785,1117099,30494,0.32042962312698364
37786,1117099,3532554,0.3203902244567871
37787,1117099,432771,0.32029885053634644
37788,1117099,5027125,0.32027438282966614
37789,1117099,8766024,0.3201756775379181
37790,1117099,8112542,0.320124089717865
37791,1117099,7849037,0.3201051950454712
37792,1117099,5015623,0.32009753584861755
37793,1117099,1614037,0.32005876302719116
37794,1117099,4111473,0.32004860043525696
37795,1117099,6514020,0.3200477957725525
37796,1117099,265898,0.3200104236602783
37797,1117099,3412239,0.31984254717826843
37798,1117099,2738498,0.31979915499687195
37799,1117099,5536961,0.31976982951164246
37800,1117099,1137632,0.3197152316570282
37801,1117099,1551130,0.3197007179260254
37802,1117099,3370869,0.31954652070999146
37803,1117099,8805370,0.31953608989715576
37804,1117099,5788879,0.3193979561328888
37805,1117099,7534907,0.3193399906158447
37806,1117099,4762811,0.31933146715164185
37807,1117099,5334949,0.3193278908729553
37808,1117099,1915916,0.3193013072013855
37809,1117099,6357410,0.3192257285118103
37810,1117099,1391838,0.3190532922744751
37811,1117099,1988963,0.3190516233444214
37812,1117099,6499335,0.31903764605522156
37813,1117099,3186369,0.3190018832683563
37814,1117099,3035392,0.3189687728881836
37815,1117099,464304,0.3189062476158142
37816,1117099,1258314,0.31890326738357544
37817,1117099,2761059,0.3188973665237427
37818,1117099,308752,0.31888192892074585
37819,1117099,5691408,0.31887251138687134
37820,1117099,4573811,0.3186935484409332
37821,1117099,514314,0.31866687536239624
37822,1117099,114509,0.3186327815055847
37823,1117099,5850367,0.31862974166870117
37824,1117099,4295482,0.3186197578907013
37825,1117099,7950855,0.31855136156082153
37826,1117099,7046907,0.31850212812423706
37827,1117099,6805388,0.3184782862663269
37828,1117099,6397600,0.3184773027896881
37829,1117099,606635,0.3184352219104767
37830,1117099,6940557,0.3184150755405426
37831,1117099,7411670,0.31834831833839417
37832,1117099,5251468,0.31833693385124207
37833,1117099,4333273,0.3181927800178528
37834,1117099,1123494,0.3181915879249573
37835,1117099,120645,0.3181813955307007
37836,1117099,4242043,0.31817561388015747
37837,1117099,589635,0.3181689381599426
37838,1117099,900810,0.3180840015411377
37839,1117099,1692849,0.3180275559425354
37840,1117099,6038302,0.31800827383995056
37841,1117099,6742222,0.31795603036880493
37842,1117099,5859445,0.31795158982276917
37843,1117099,3305876,0.3178991675376892
37844,1117099,5705122,0.31783512234687805
37845,1117099,6912429,0.31782960891723633
37846,1117099,5819129,0.31781941652297974
37847,1117099,8138039,0.3178149461746216
37848,1117099,3311046,0.31781336665153503
37849,1117099,769822,0.31780558824539185
37850,1117099,5585747,0.31776148080825806
37851,1117099,4067955,0.31775736808776855
37852,1117099,5819131,0.3177344799041748
37853,1117099,5258460,0.31771013140678406
37854,1117099,6782960,0.317670077085495
37855,1117099,7610597,0.317611426115036
37856,1117099,1611852,0.3175666332244873
37857,1117099,1299328,0.31754446029663086
37858,1117099,2815130,0.3175221085548401
37859,1117099,1971526,0.31750085949897766
37860,1117099,2761060,0.3174627125263214
37861,1117099,4863296,0.3172745704650879
37862,1117099,6287294,0.3172580897808075
37863,1117099,8214470,0.31725558638572693
37864,1117099,3863574,0.31723982095718384
37865,1117099,2381051,0.31717920303344727
37866,1117099,1192171,0.317155122756958
37867,1117099,4955663,0.3171360492706299
37868,1117099,6305628,0.3171350955963135
37869,1117099,6273080,0.3171311020851135
37870,1117099,697743,0.31713029742240906
37871,1117099,5361178,0.3170894980430603
37872,1117099,5240765,0.3169631361961365
37873,1117099,8546638,0.316904753446579
37874,1117099,1100584,0.316895067691803
37875,1117099,2820157,0.3167707324028015
37876,1117099,7087424,0.3167511224746704
37877,1117099,2509362,0.3167416453361511
37878,1117099,44904,0.31673869490623474
37879,1117099,7161269,0.31670892238616943
37880,1117099,6932995,0.31662094593048096
37881,1117099,3916766,0.3166183531284332
37882,1117099,5942029,0.3165431618690491
37883,1117099,4815813,0.3165202736854553
37884,1117099,835640,0.3164965510368347
37885,1117099,14021,0.3164002597332001
37886,1117099,8767684,0.31639885902404785
37887,1117099,3821776,0.3163694143295288
37888,1117099,710849,0.31630003452301025
37889,1117099,4611278,0.3162953853607178
37890,1117099,8366733,0.31626656651496887
37891,1117099,24577,0.3162609934806824
37892,1117099,7261494,0.31624555587768555
37893,1117099,2315659,0.3161507546901703
37894,1117099,4968960,0.31614652276039124
37895,1117099,2785718,0.3161243796348572
37896,1117099,8775151,0.3161168694496155
37897,1117099,4380000,0.3161163926124573
37898,1117099,5885776,0.3160553574562073
37899,1117099,2936353,0.316047728061676
37900,1117099,920228,0.3160476088523865
37901,1117099,1551136,0.3160226047039032
37902,1117099,1535076,0.3159777820110321
37903,1117099,7313639,0.31595826148986816
37904,1117099,3851273,0.315957635641098
37905,1117099,1373967,0.3159494996070862
37906,1117099,8157862,0.3159341812133789
37907,1117099,3963863,0.31586170196533203
37908,1117099,1346466,0.31585320830345154
37909,1117099,1547606,0.3158183693885803
37910,1117099,6599588,0.3157980442047119
37911,1117099,8227929,0.315785676240921
37912,1117099,1493459,0.31572410464286804
37913,1117099,1181847,0.31570619344711304
37914,1117099,6939899,0.3156742453575134
37915,1117099,5010943,0.31563782691955566
37916,1117099,3704561,0.3156353533267975
37917,1117099,6622942,0.3155727684497833
37918,1117099,7408547,0.3155207633972168
37919,1117099,7272858,0.3155105710029602
37920,1117099,5218760,0.3154597282409668
37921,1117099,3125343,0.3154515326023102
37922,1117099,291206,0.3154280185699463
37923,1117099,7139451,0.3154151439666748
37924,1117099,6522866,0.3153637647628784
37925,1117099,3998264,0.31530648469924927
37926,1117099,8451690,0.3153004050254822
37927,1117099,1966698,0.3152841329574585
37928,1117099,1089118,0.3152785003185272
37929,1117099,3893312,0.3152475357055664
37930,1117099,4739233,0.3152253031730652
37931,1117099,6821934,0.3151590824127197
37932,1117099,1457823,0.3151256740093231
37933,1117099,1187172,0.3150489628314972
37934,1117099,3427784,0.3150487542152405
37935,1117099,6745362,0.3150143623352051
37936,1117099,2793801,0.3149970769882202
37937,1117099,90812,0.314778208732605
37938,1117099,6183079,0.31472286581993103
37939,1117099,8184926,0.3147198557853699
37940,1117099,7431541,0.31470420956611633
37941,1117099,6667996,0.3146962821483612
37942,1117099,5029923,0.3146834969520569
37943,1117099,1940280,0.31463995575904846
37944,1117099,2283709,0.3145771622657776
37945,1117099,6481208,0.3145637512207031
37946,1117099,992030,0.3144780993461609
37947,1117099,5491035,0.31447407603263855
37948,1117099,3340687,0.31444481015205383
37949,1117099,8046554,0.31438565254211426
37950,1117099,6917900,0.3143554925918579
37951,1117099,6014117,0.31427690386772156
37952,1117099,4852064,0.31426897644996643
37953,1117099,7104282,0.3142509162425995
37954,1117099,6076397,0.31421959400177
37955,1117099,6978635,0.3141212463378906
37956,1117099,3997236,0.3141176104545593
37957,1117099,6745357,0.31407472491264343
37958,1117099,8062393,0.3139795958995819
37959,1117099,6463841,0.3139423131942749
37960,1117099,5817328,0.3138909935951233
37961,1117099,8683559,0.31386035680770874
37962,1117099,6767201,0.3137894868850708
37963,1117099,8616791,0.3137786090373993
37964,1117099,6598421,0.31375765800476074
37965,1117099,612445,0.31373775005340576
37966,1117099,2254861,0.3136996924877167
37967,1117099,3375851,0.3136754035949707
37968,1117099,4016466,0.3136017322540283
37969,1117099,1250347,0.3135617971420288
37970,1117099,7086354,0.3134467303752899
37971,1117099,4556465,0.3134410083293915
37972,1117099,4393946,0.31342649459838867
37973,1117099,1602606,0.31340670585632324
37974,1117099,107404,0.3133969306945801
37975,1117099,1445093,0.3133876323699951
37976,1117099,4001644,0.31337034702301025
37977,1117099,5850370,0.3133562207221985
37978,1117099,2620702,0.3133227527141571
37979,1117099,6262467,0.3133099675178528
37980,1117099,4923984,0.3132982850074768
37981,1117099,2148305,0.3132970631122589
37982,1117099,4528334,0.3132774233818054
37983,1117099,7295381,0.31325051188468933
37984,1117099,2173361,0.31324899196624756
37985,1117099,6032091,0.3132392466068268
37986,1117099,1143560,0.31321004033088684
37987,1117099,5866361,0.31320884823799133
37988,1117099,3340496,0.31313496828079224
37989,1117099,8547811,0.31309229135513306
37990,1117099,3633443,0.3130721151828766
37991,1117099,1627132,0.3130547106266022
37992,1117099,908891,0.313053697347641
37993,1117099,8418549,0.3130476474761963
37994,1117099,7815344,0.3130227327346802
37995,1117099,6912428,0.31299132108688354
37996,1117099,8103080,0.3129720687866211
37997,1117099,2803726,0.3127540349960327
37998,1117099,1187167,0.31265056133270264
37999,1117099,5874020,0.3126254379749298
38000,1121402,188213,0.7403444051742554
38001,1121402,8052621,0.7174781560897827
38002,1121402,7125980,0.7017208337783813
38003,1121402,182369,0.6979291439056396
38004,1121402,8052620,0.6954951286315918
38005,1121402,5189913,0.6907812356948853
38006,1121402,7125983,0.6873273253440857
38007,1121402,182372,0.6856136918067932
38008,1121402,8052624,0.6628460884094238
38009,1121402,3785309,0.6513052582740784
38010,1121402,188216,0.6423003077507019
38011,1121402,188217,0.6344073414802551
38012,1121402,8052617,0.6289013028144836
38013,1121402,188215,0.6232081651687622
38014,1121402,3785310,0.6144627928733826
38015,1121402,188209,0.6044695973396301
38016,1121402,182368,0.5979624390602112
38017,1121402,182366,0.5878458023071289
38018,1121402,188218,0.5869870781898499
38019,1121402,7125987,0.5810202360153198
38020,1121402,7125981,0.5803748369216919
38021,1121402,188214,0.5631085634231567
38022,1121402,7125978,0.5623911023139954
38023,1121402,8052622,0.5611696243286133
38024,1121402,7125985,0.5605778694152832
38025,1121402,182370,0.5596785545349121
38026,1121402,8052623,0.557611346244812
38027,1121402,182364,0.5538759231567383
38028,1121402,188210,0.5512729287147522
38029,1121402,3785307,0.5455466508865356
38030,1121402,182367,0.5289325714111328
38031,1121402,188211,0.5285620093345642
38032,1121402,3785308,0.528404176235199
38033,1121402,8052619,0.5239709615707397
38034,1121402,182371,0.5020447969436646
38035,1121402,3511789,0.5000879764556885
38036,1121402,6001847,0.4999712109565735
38037,1121402,1429447,0.4779137670993805
38038,1121402,1902388,0.47409915924072266
38039,1121402,1249687,0.47157812118530273
38040,1121402,2633464,0.46919676661491394
38041,1121402,182373,0.46304669976234436
38042,1121402,7142994,0.4628811478614807
38043,1121402,2681045,0.45841550827026367
38044,1121402,4198999,0.45632466673851013
38045,1121402,2214348,0.45512962341308594
38046,1121402,4449267,0.45466941595077515
38047,1121402,2416433,0.45387953519821167
38048,1121402,7125982,0.4526548385620117
38049,1121402,6392403,0.45167019963264465
38050,1121402,4893520,0.4514321982860565
38051,1121402,8235730,0.44416192173957825
38052,1121402,7172464,0.4425274133682251
38053,1121402,5894958,0.4419315457344055
38054,1121402,43770,0.4406062364578247
38055,1121402,7540351,0.43970340490341187
38056,1121402,8821495,0.4352145493030548
38057,1121402,4140833,0.43385374546051025
38058,1121402,2681041,0.4337942600250244
38059,1121402,2034085,0.4316430687904358
38060,1121402,1623225,0.4305061101913452
38061,1121402,4199002,0.42916685342788696
38062,1121402,4130391,0.4282420873641968
38063,1121402,1623224,0.4281850755214691
38064,1121402,8041517,0.4276421368122101
38065,1121402,5586766,0.42292892932891846
38066,1121402,7572308,0.4227927327156067
38067,1121402,5670213,0.42015305161476135
38068,1121402,922726,0.4200950860977173
38069,1121402,3511795,0.42005622386932373
38070,1121402,2019106,0.418418288230896
38071,1121402,7544632,0.4160005450248718
38072,1121402,465109,0.41513434052467346
38073,1121402,5561849,0.41510719060897827
38074,1121402,1716777,0.4151054322719574
38075,1121402,4893517,0.41470253467559814
38076,1121402,182365,0.4143626093864441
38077,1121402,7489488,0.41326963901519775
38078,1121402,4449258,0.4128268361091614
38079,1121402,2614504,0.41267022490501404
38080,1121402,8524006,0.41193848848342896
38081,1121402,2877176,0.41189706325531006
38082,1121402,4305982,0.41137343645095825
38083,1121402,3412909,0.41086214780807495
38084,1121402,8376430,0.4108547568321228
38085,1121402,5189916,0.4104713797569275
38086,1121402,4198996,0.41044527292251587
38087,1121402,2270230,0.4102983772754669
38088,1121402,7196393,0.41007259488105774
38089,1121402,444408,0.40941768884658813
38090,1121402,5662146,0.40859454870224
38091,1121402,5831807,0.4078105688095093
38092,1121402,18281,0.40711510181427
38093,1121402,1323047,0.40685927867889404
38094,1121402,7533263,0.40505847334861755
38095,1121402,5831811,0.4049716591835022
38096,1121402,2214353,0.40454205870628357
38097,1121402,7453082,0.40441519021987915
38098,1121402,7478093,0.4043477773666382
38099,1121402,1104099,0.40394049882888794
38100,1121402,7134098,0.40329116582870483
38101,1121402,4449577,0.40302056074142456
38102,1121402,3381874,0.40130436420440674
38103,1121402,1817444,0.40113359689712524
38104,1121402,4557071,0.40109139680862427
38105,1121402,7489487,0.4007642865180969
38106,1121402,4620823,0.4005125164985657
38107,1121402,2723563,0.3995935320854187
38108,1121402,5189915,0.3993186354637146
38109,1121402,7477360,0.3989563584327698
38110,1121402,8821496,0.3983660936355591
38111,1121402,7999618,0.3977282643318176
38112,1121402,7611198,0.39770060777664185
38113,1121402,4473627,0.3972854018211365
38114,1121402,1042911,0.39666879177093506
38115,1121402,3855915,0.3963334560394287
38116,1121402,8821497,0.3960314691066742
38117,1121402,182923,0.3956538438796997
38118,1121402,4199004,0.39492762088775635
38119,1121402,39898,0.39362484216690063
38120,1121402,2938358,0.39281538128852844
38121,1121402,1917417,0.392782062292099
38122,1121402,1623222,0.39148280024528503
38123,1121402,950721,0.39145392179489136
38124,1121402,1323048,0.39134323596954346
38125,1121402,3412904,0.39110103249549866
38126,1121402,677030,0.39103150367736816
38127,1121402,53692,0.3909680247306824
38128,1121402,5634060,0.3908119201660156
38129,1121402,4591403,0.3903716802597046
38130,1121402,3851851,0.39036497473716736
38131,1121402,5831814,0.3902784585952759
38132,1121402,7489486,0.3899739384651184
38133,1121402,4145053,0.38980501890182495
38134,1121402,2279035,0.38918399810791016
38135,1121402,3922833,0.38901832699775696
38136,1121402,1402314,0.38858669996261597
38137,1121402,7865379,0.38847649097442627
38138,1121402,7011511,0.3884584307670593
38139,1121402,5921647,0.38821303844451904
38140,1121402,4688449,0.38812458515167236
38141,1121402,2765629,0.387825608253479
38142,1121402,3273925,0.38715940713882446
38143,1121402,6207736,0.3869781494140625
38144,1121402,5894955,0.3868445158004761
38145,1121402,5847005,0.3868328928947449
38146,1121402,7489485,0.3866952061653137
38147,1121402,3685615,0.3857901990413666
38148,1121402,8710746,0.38562116026878357
38149,1121402,2100405,0.3853056728839874
38150,1121402,8599116,0.38506126403808594
38151,1121402,879273,0.38459086418151855
38152,1121402,3937258,0.3845282793045044
38153,1121402,5189909,0.384501188993454
38154,1121402,4430898,0.38414543867111206
38155,1121402,2024097,0.38403546810150146
38156,1121402,6157464,0.3838135004043579
38157,1121402,2552299,0.3838028907775879
38158,1121402,4367122,0.3832131326198578
38159,1121402,4589708,0.383029580116272
38160,1121402,1339968,0.38300007581710815
38161,1121402,2716391,0.38267719745635986
38162,1121402,4811326,0.3824438452720642
38163,1121402,2270229,0.3823825418949127
38164,1121402,4177840,0.38236668705940247
38165,1121402,4240941,0.38236328959465027
38166,1121402,8821499,0.3816762864589691
38167,1121402,3468968,0.38157010078430176
38168,1121402,4198998,0.381422221660614
38169,1121402,4305981,0.3809386193752289
38170,1121402,2681048,0.3806590437889099
38171,1121402,18279,0.3805609345436096
38172,1121402,491328,0.38023456931114197
38173,1121402,3745070,0.38009196519851685
38174,1121402,3950900,0.37959495186805725
38175,1121402,2720457,0.37921255826950073
38176,1121402,3685618,0.37896597385406494
38177,1121402,2996689,0.3788999021053314
38178,1121402,4305978,0.37885886430740356
38179,1121402,6713591,0.37848156690597534
38180,1121402,752297,0.37818974256515503
38181,1121402,8056085,0.37807562947273254
38182,1121402,5803326,0.37784790992736816
38183,1121402,8719488,0.3769933581352234
38184,1121402,6866831,0.37670570611953735
38185,1121402,4538175,0.37562501430511475
38186,1121402,8238984,0.3753722012042999
38187,1121402,7459011,0.3753572702407837
38188,1121402,4434992,0.37533098459243774
38189,1121402,7196397,0.375274658203125
38190,1121402,8474405,0.37474972009658813
38191,1121402,3423876,0.37467658519744873
38192,1121402,6453710,0.37456214427948
38193,1121402,8277161,0.37447667121887207
38194,1121402,5243827,0.3741828203201294
38195,1121402,465100,0.37416625022888184
38196,1121402,4199001,0.3741210401058197
38197,1121402,5498850,0.3739986717700958
38198,1121402,5675689,0.3735840320587158
38199,1121402,8644866,0.37350907921791077
38200,1121402,3368445,0.3731355667114258
38201,1121402,2217799,0.37303557991981506
38202,1121402,1917419,0.37299537658691406
38203,1121402,2765627,0.37243619561195374
38204,1121402,5492165,0.3720417618751526
38205,1121402,7852648,0.3717769980430603
38206,1121402,2270228,0.3717699944972992
38207,1121402,8301689,0.3716222941875458
38208,1121402,3872150,0.3710208535194397
38209,1121402,4620827,0.3702966868877411
38210,1121402,3674187,0.3701971769332886
38211,1121402,609200,0.36987218260765076
38212,1121402,6371843,0.3696795701980591
38213,1121402,5427186,0.36915165185928345
38214,1121402,6001851,0.36903977394104004
38215,1121402,3025352,0.36857643723487854
38216,1121402,350974,0.36851322650909424
38217,1121402,3685617,0.3684666156768799
38218,1121402,5276501,0.3683525323867798
38219,1121402,2849499,0.3680881857872009
38220,1121402,6319745,0.36807501316070557
38221,1121402,2830868,0.36803627014160156
38222,1121402,3511794,0.3680212199687958
38223,1121402,4329513,0.3679853677749634
38224,1121402,993571,0.3679298758506775
38225,1121402,5034218,0.36770591139793396
38226,1121402,6455109,0.36758363246917725
38227,1121402,1050555,0.36742478609085083
38228,1121402,4449262,0.3672959804534912
38229,1121402,5548147,0.3671310544013977
38230,1121402,3195479,0.36701303720474243
38231,1121402,5131879,0.3669428825378418
38232,1121402,2042119,0.36684688925743103
38233,1121402,7999615,0.3667476773262024
38234,1121402,4106395,0.36671483516693115
38235,1121402,839730,0.3665897846221924
38236,1121402,5189911,0.3664737939834595
38237,1121402,6028791,0.3664160966873169
38238,1121402,444411,0.36629900336265564
38239,1121402,6392401,0.36626654863357544
38240,1121402,41513,0.36561208963394165
38241,1121402,6619708,0.3654267191886902
38242,1121402,8710749,0.3653027415275574
38243,1121402,5034222,0.3651084303855896
38244,1121402,75524,0.36485469341278076
38245,1121402,5243826,0.3646262586116791
38246,1121402,6849976,0.3644537031650543
38247,1121402,6596158,0.36410611867904663
38248,1121402,3511788,0.36398202180862427
38249,1121402,1372288,0.3639630377292633
38250,1121402,4430891,0.36391717195510864
38251,1121402,89458,0.3638993203639984
38252,1121402,8520753,0.3637078106403351
38253,1121402,8203319,0.3636832535266876
38254,1121402,3261976,0.36358562111854553
38255,1121402,1870950,0.3634336590766907
38256,1121402,2867290,0.36324337124824524
38257,1121402,3251417,0.3627469539642334
38258,1121402,3674185,0.36267876625061035
38259,1121402,3527945,0.362668514251709
38260,1121402,5976861,0.3626500070095062
38261,1121402,807115,0.3625783920288086
38262,1121402,7591755,0.36253321170806885
38263,1121402,6455110,0.36217546463012695
38264,1121402,2601680,0.36216071248054504
38265,1121402,406670,0.36189740896224976
38266,1121402,2411352,0.36187198758125305
38267,1121402,5645288,0.36178284883499146
38268,1121402,444409,0.3616742491722107
38269,1121402,96461,0.3616583049297333
38270,1121402,5976858,0.36149126291275024
38271,1121402,8252410,0.36147722601890564
38272,1121402,3745601,0.3614085912704468
38273,1121402,5108661,0.3611292243003845
38274,1121402,465103,0.3610547184944153
38275,1121402,3952151,0.3610328435897827
38276,1121402,879432,0.36098578572273254
38277,1121402,8579655,0.36090126633644104
38278,1121402,7637985,0.36078786849975586
38279,1121402,5266351,0.3607873022556305
38280,1121402,3851270,0.36041074991226196
38281,1121402,3994476,0.3603755831718445
38282,1121402,4922111,0.3603140115737915
38283,1121402,7453090,0.36023372411727905
38284,1121402,1902392,0.36012640595436096
38285,1121402,1228975,0.3600728213787079
38286,1121402,8832490,0.35999804735183716
38287,1121402,6392396,0.3599669635295868
38288,1121402,4634967,0.3598262071609497
38289,1121402,7382216,0.3597893714904785
38290,1121402,8469780,0.3596118688583374
38291,1121402,5482286,0.3595942258834839
38292,1121402,7172467,0.3594421446323395
38293,1121402,8199293,0.35931771993637085
38294,1121402,5427190,0.35918062925338745
38295,1121402,5482292,0.35917165875434875
38296,1121402,4538179,0.35906797647476196
38297,1121402,4145051,0.35904330015182495
38298,1121402,3589077,0.35901644825935364
38299,1121402,8622462,0.3589509129524231
38300,1121402,3674181,0.35893353819847107
38301,1121402,3424487,0.3587484359741211
38302,1121402,5737029,0.35870489478111267
38303,1121402,3067058,0.3586897552013397
38304,1121402,4377251,0.35829561948776245
38305,1121402,4106394,0.3582739233970642
38306,1121402,4811325,0.3581238389015198
38307,1121402,7351324,0.3580700159072876
38308,1121402,8821491,0.3578784465789795
38309,1121402,4141720,0.35771444439888
38310,1121402,2512875,0.35771000385284424
38311,1121402,3099073,0.3575935363769531
38312,1121402,5189382,0.35750505328178406
38313,1121402,4811320,0.35734519362449646
38314,1121402,1429448,0.35719460248947144
38315,1121402,2262237,0.3571864664554596
38316,1121402,437856,0.35716813802719116
38317,1121402,1807053,0.3571511507034302
38318,1121402,5546962,0.3569053113460541
38319,1121402,4727086,0.35676926374435425
38320,1121402,4394837,0.35675549507141113
38321,1121402,161476,0.3567492365837097
38322,1121402,2270232,0.35672757029533386
38323,1121402,3217754,0.3567246198654175
38324,1121402,7174648,0.3566772937774658
38325,1121402,993565,0.3566560447216034
38326,1121402,2323322,0.35664403438568115
38327,1121402,4974876,0.35656821727752686
38328,1121402,2103677,0.35645604133605957
38329,1121402,8041190,0.3563057780265808
38330,1121402,1870954,0.35629957914352417
38331,1121402,5189914,0.3562138080596924
38332,1121402,220642,0.35615575313568115
38333,1121402,7906640,0.35602283477783203
38334,1121402,4565780,0.3559265732765198
38335,1121402,3855914,0.3558529019355774
38336,1121402,8821500,0.3558334410190582
38337,1121402,5662150,0.35579073429107666
38338,1121402,6662351,0.3557189106941223
38339,1121402,6319744,0.35550370812416077
38340,1121402,3884251,0.3554690182209015
38341,1121402,1983066,0.3554273247718811
38342,1121402,897107,0.35518878698349
38343,1121402,6884810,0.3551374077796936
38344,1121402,3043906,0.35491830110549927
38345,1121402,405513,0.3547956049442291
38346,1121402,511527,0.35478076338768005
38347,1121402,6734252,0.35462695360183716
38348,1121402,3524723,0.3545895218849182
38349,1121402,5189912,0.35454362630844116
38350,1121402,8516451,0.3544672429561615
38351,1121402,465105,0.3544643521308899
38352,1121402,8747697,0.35443538427352905
38353,1121402,46968,0.3542865514755249
38354,1121402,8328594,0.3542608618736267
38355,1121402,7968128,0.3541277348995209
38356,1121402,8815656,0.35411033034324646
38357,1121402,7356089,0.3540530800819397
38358,1121402,7591754,0.353910356760025
38359,1121402,6157462,0.3538273870944977
38360,1121402,1679030,0.35375624895095825
38361,1121402,4693446,0.35358673334121704
38362,1121402,6120339,0.35349684953689575
38363,1121402,8311491,0.3533629775047302
38364,1121402,2313949,0.35331445932388306
38365,1121402,1902386,0.3532940149307251
38366,1121402,918301,0.3532240688800812
38367,1121402,7898696,0.3532123267650604
38368,1121402,3728571,0.35314619541168213
38369,1121402,7967606,0.3531218469142914
38370,1121402,570603,0.3531140685081482
38371,1121402,465101,0.3530083894729614
38372,1121402,8288701,0.3527066111564636
38373,1121402,1623218,0.3526998460292816
38374,1121402,392725,0.35263821482658386
38375,1121402,1390128,0.35261887311935425
38376,1121402,540413,0.35257425904273987
38377,1121402,3025356,0.3525739908218384
38378,1121402,5960420,0.35255616903305054
38379,1121402,8041193,0.352520614862442
38380,1121402,7572311,0.35249003767967224
38381,1121402,3501313,0.35239946842193604
38382,1121402,6862155,0.352378249168396
38383,1121402,7734512,0.3523726165294647
38384,1121402,8770750,0.3523681163787842
38385,1121402,3685613,0.3522167503833771
38386,1121402,4003831,0.3521285057067871
38387,1121402,4130387,0.351899117231369
38388,1121402,3326323,0.3515545725822449
38389,1121402,3872684,0.35119205713272095
38390,1121402,518555,0.35117214918136597
38391,1121402,7192331,0.35096505284309387
38392,1121402,6853985,0.35084837675094604
38393,1121402,6683282,0.35051798820495605
38394,1121402,752293,0.3503422737121582
38395,1121402,2656350,0.35031601786613464
38396,1121402,2839708,0.35026174783706665
38397,1121402,4130393,0.35020554065704346
38398,1121402,3527943,0.35001271963119507
38399,1121402,946891,0.34993550181388855
38400,1121402,2214347,0.3498653769493103
38401,1121402,607578,0.34964194893836975
38402,1121402,5489078,0.3495580852031708
38403,1121402,8288702,0.3495525121688843
38404,1121402,2830464,0.3493911623954773
38405,1121402,6605391,0.3492233157157898
38406,1121402,2272753,0.34908515214920044
38407,1121402,3201160,0.34903377294540405
38408,1121402,3937255,0.3490091562271118
38409,1121402,4810135,0.3490050435066223
38410,1121402,6717340,0.3489292860031128
38411,1121402,5737026,0.3489123582839966
38412,1121402,908932,0.3488304913043976
38413,1121402,1565920,0.348692923784256
38414,1121402,1234665,0.3485976457595825
38415,1121402,2709508,0.34841567277908325
38416,1121402,4693445,0.3482697606086731
38417,1121402,2372938,0.3482450246810913
38418,1121402,3685616,0.34818747639656067
38419,1121402,5552540,0.348166823387146
38420,1121402,8604295,0.3481634855270386
38421,1121402,5905596,0.34814077615737915
38422,1121402,589868,0.3481338620185852
38423,1121402,6012036,0.34813225269317627
38424,1121402,1127145,0.3481022119522095
38425,1121402,6650738,0.34805187582969666
38426,1121402,5309153,0.3480154275894165
38427,1121402,4779299,0.3479139804840088
38428,1121402,1003826,0.3478137254714966
38429,1121402,7362279,0.3478090465068817
38430,1121402,3797695,0.34778788685798645
38431,1121402,1439456,0.3477395176887512
38432,1121402,7999620,0.34764760732650757
38433,1121402,4477819,0.3476409316062927
38434,1121402,6769017,0.34761083126068115
38435,1121402,5231890,0.34759676456451416
38436,1121402,3884503,0.34752723574638367
38437,1121402,8474409,0.347484827041626
38438,1121402,3653355,0.3474227786064148
38439,1121402,6157463,0.34735116362571716
38440,1121402,8469784,0.34732651710510254
38441,1121402,7505998,0.34721803665161133
38442,1121402,6842486,0.3472113013267517
38443,1121402,8770752,0.3470239043235779
38444,1121402,4727088,0.34699690341949463
38445,1121402,2270227,0.3468562662601471
38446,1121402,6120338,0.3467908799648285
38447,1121402,3375294,0.3466278612613678
38448,1121402,6167912,0.3466244339942932
38449,1121402,3655779,0.3465491533279419
38450,1121402,3008819,0.34647637605667114
38451,1121402,5936552,0.34645265340805054
38452,1121402,3529639,0.34643733501434326
38453,1121402,5538762,0.34627097845077515
38454,1121402,8180921,0.3462236225605011
38455,1121402,5932964,0.34613674879074097
38456,1121402,478111,0.3460753560066223
38457,1121402,2191941,0.34605684876441956
38458,1121402,3543119,0.3459397554397583
38459,1121402,7927316,0.34575796127319336
38460,1121402,3108490,0.3457475006580353
38461,1121402,6360656,0.34562408924102783
38462,1121402,8834566,0.34541064500808716
38463,1121402,3666079,0.3453350067138672
38464,1121402,3892044,0.3453138470649719
38465,1121402,8487133,0.34527862071990967
38466,1121402,4274647,0.3452167510986328
38467,1121402,4727102,0.3450908958911896
38468,1121402,1654139,0.3450614809989929
38469,1121402,6222800,0.345008909702301
38470,1121402,7489170,0.344836950302124
38471,1121402,5382573,0.3445627689361572
38472,1121402,5624956,0.34450632333755493
38473,1121402,3685619,0.34448689222335815
38474,1121402,656555,0.3443096876144409
38475,1121402,5736047,0.34418365359306335
38476,1121402,1969645,0.3440611958503723
38477,1121402,2626433,0.3440403938293457
38478,1121402,2750277,0.3439493775367737
38479,1121402,6935642,0.3439103364944458
38480,1121402,2970145,0.3438701033592224
38481,1121402,7976069,0.3437890112400055
38482,1121402,2070945,0.3436237871646881
38483,1121402,360143,0.3435901999473572
38484,1121402,2323123,0.34333962202072144
38485,1121402,7955712,0.34317195415496826
38486,1121402,2279037,0.3430713415145874
38487,1121402,684125,0.34299302101135254
38488,1121402,7567130,0.34293675422668457
38489,1121402,3917571,0.3429024815559387
38490,1121402,399753,0.3429006040096283
38491,1121402,6367652,0.3428787589073181
38492,1121402,8571735,0.34279295802116394
38493,1121402,5307380,0.34275001287460327
38494,1121402,7922814,0.3426758646965027
38495,1121402,6300656,0.3426620662212372
38496,1121402,2539650,0.34261250495910645
38497,1121402,296662,0.3425765037536621
38498,1121402,1992815,0.34245985746383667
38499,1121402,8336442,0.3424201011657715
38500,1121402,3131655,0.34237349033355713
38501,1121402,7302299,0.34236234426498413
38502,1121402,3805709,0.34226930141448975
38503,1121402,5993277,0.3422691822052002
38504,1121402,4840502,0.3421872854232788
38505,1121402,8259112,0.34216827154159546
38506,1121402,5805474,0.3421677350997925
38507,1121402,2195813,0.3421473205089569
38508,1121402,1870948,0.3421313166618347
38509,1121402,7458224,0.3420700430870056
38510,1121402,8130283,0.34202736616134644
38511,1121402,4893525,0.341813862323761
38512,1121402,5662151,0.3417470455169678
38513,1121402,589853,0.3417412042617798
38514,1121402,8509096,0.3416965901851654
38515,1121402,1514019,0.3416602909564972
38516,1121402,3615164,0.34164533019065857
38517,1121402,6699253,0.3415875732898712
38518,1121402,7077163,0.34140852093696594
38519,1121402,7109066,0.3414032459259033
38520,1121402,6225028,0.3413636088371277
38521,1121402,7014727,0.3413022756576538
38522,1121402,1139091,0.3412902057170868
38523,1121402,5388138,0.3412693738937378
38524,1121402,625224,0.34126317501068115
38525,1121402,8565142,0.3411739766597748
38526,1121402,2815754,0.34116697311401367
38527,1121402,193694,0.3411570191383362
38528,1121402,4199000,0.3411487936973572
38529,1121402,7133049,0.34114235639572144
38530,1121402,8237515,0.3410930335521698
38531,1121402,6683280,0.3410799503326416
38532,1121402,7709275,0.3410634398460388
38533,1121402,8396048,0.34084802865982056
38534,1121402,1249993,0.3407810926437378
38535,1121402,3745074,0.3407731354236603
38536,1121402,6593808,0.34074270725250244
38537,1121402,8243173,0.3406751751899719
38538,1121402,1610575,0.34067511558532715
38539,1121402,8311494,0.34058743715286255
38540,1121402,3182107,0.3405858874320984
38541,1121402,6324938,0.3405706286430359
38542,1121402,5008933,0.3405413329601288
38543,1121402,840121,0.3403857946395874
38544,1121402,7136367,0.34038445353507996
38545,1121402,3994795,0.3403397798538208
38546,1121402,4093207,0.34033364057540894
38547,1121402,5831809,0.34031206369400024
38548,1121402,6249355,0.34022367000579834
38549,1121402,6619704,0.3401471972465515
38550,1121402,2460586,0.34003549814224243
38551,1121402,1870952,0.33991825580596924
38552,1121402,5357428,0.3397444486618042
38553,1121402,8519298,0.3397211730480194
38554,1121402,2699105,0.3396782875061035
38555,1121402,8573283,0.33949482440948486
38556,1121402,3609602,0.33944931626319885
38557,1121402,27805,0.33935803174972534
38558,1121402,1649732,0.33933284878730774
38559,1121402,3264438,0.3392084836959839
38560,1121402,4305986,0.33920395374298096
38561,1121402,5044846,0.33913129568099976
38562,1121402,6605388,0.33901941776275635
38563,1121402,4170112,0.3388475775718689
38564,1121402,6873412,0.33870038390159607
38565,1121402,8328592,0.3386422395706177
38566,1121402,4140829,0.3386208415031433
38567,1121402,7011506,0.3385831117630005
38568,1121402,5008927,0.3385333716869354
38569,1121402,4958665,0.3383314609527588
38570,1121402,4421501,0.3383193612098694
38571,1121402,4297487,0.3382624387741089
38572,1121402,6339967,0.3382309079170227
38573,1121402,7453084,0.3382282257080078
38574,1121402,3025351,0.3381727635860443
38575,1121402,4461685,0.3381596505641937
38576,1121402,2279040,0.33814290165901184
38577,1121402,6592644,0.33808910846710205
38578,1121402,898920,0.33805790543556213
38579,1121402,1126758,0.33803093433380127
38580,1121402,8523111,0.33798420429229736
38581,1121402,4486893,0.3377811908721924
38582,1121402,609203,0.33772945404052734
38583,1121402,7567139,0.3377090096473694
38584,1121402,3483748,0.3377019762992859
38585,1121402,7244820,0.3376932740211487
38586,1121402,7191226,0.3376926779747009
38587,1121402,5603369,0.33756810426712036
38588,1121402,3594750,0.33753231167793274
38589,1121402,7633699,0.33742213249206543
38590,1121402,2601685,0.33738866448402405
38591,1121402,1902387,0.3373737633228302
38592,1121402,5750183,0.33731916546821594
38593,1121402,3172928,0.33724385499954224
38594,1121402,6145072,0.3371514678001404
38595,1121402,1610576,0.33710843324661255
38596,1121402,4305857,0.33704495429992676
38597,1121402,1010847,0.33699488639831543
38598,1121402,5469788,0.3367663621902466
38599,1121402,3251422,0.3367614150047302
38600,1121402,879275,0.33668121695518494
38601,1121402,4236185,0.33662670850753784
38602,1121402,4958663,0.33647382259368896
38603,1121402,2003469,0.33628547191619873
38604,1121402,1282802,0.3361475467681885
38605,1121402,210811,0.33614009618759155
38606,1121402,3799687,0.3361106812953949
38607,1121402,8196745,0.3360963463783264
38608,1121402,4620824,0.3360942006111145
38609,1121402,3626903,0.33609241247177124
38610,1121402,2486926,0.33608385920524597
38611,1121402,2304540,0.3360668420791626
38612,1121402,5115174,0.3359091877937317
38613,1121402,6364243,0.33582016825675964
38614,1121402,1575695,0.3357999324798584
38615,1121402,6579823,0.3357858657836914
38616,1121402,7733092,0.3357458710670471
38617,1121402,2313952,0.33573824167251587
38618,1121402,6935643,0.3356296122074127
38619,1121402,3273928,0.33559975028038025
38620,1121402,6370286,0.33556461334228516
38621,1121402,1104095,0.33548301458358765
38622,1121402,7381613,0.33548182249069214
38623,1121402,4145047,0.3354591727256775
38624,1121402,7598510,0.3354046642780304
38625,1121402,689458,0.33540111780166626
38626,1121402,4095838,0.3353009521961212
38627,1121402,2003468,0.33527159690856934
38628,1121402,1474631,0.335188627243042
38629,1121402,8722400,0.3351883888244629
38630,1121402,4389663,0.33515986800193787
38631,1121402,6320474,0.33503109216690063
38632,1121402,3986363,0.3350053131580353
38633,1121402,7064819,0.33500218391418457
38634,1121402,3134322,0.33496132493019104
38635,1121402,7770798,0.33493465185165405
38636,1121402,7848119,0.33487173914909363
38637,1121402,6968079,0.33484965562820435
38638,1121402,5473592,0.3347577452659607
38639,1121402,1530986,0.3346807360649109
38640,1121402,4924846,0.33467623591423035
38641,1121402,6481982,0.33448541164398193
38642,1121402,8313972,0.3344727158546448
38643,1121402,455871,0.3344232141971588
38644,1121402,7196391,0.33436816930770874
38645,1121402,5785766,0.3343679904937744
38646,1121402,1990434,0.33435600996017456
38647,1121402,6392400,0.3342694640159607
38648,1121402,6796593,0.3342682123184204
38649,1121402,5603370,0.3341512084007263
38650,1121402,4454775,0.3340681195259094
38651,1121402,901309,0.3340473473072052
38652,1121402,8628617,0.3340443968772888
38653,1121402,1679025,0.33399438858032227
38654,1121402,8641097,0.33395740389823914
38655,1121402,6115220,0.3338208794593811
38656,1121402,6650737,0.33379700779914856
38657,1121402,1623220,0.3337557911872864
38658,1121402,7642235,0.333744615316391
38659,1121402,7077164,0.3337095081806183
38660,1121402,255096,0.33365845680236816
38661,1121402,2568402,0.3335958421230316
38662,1121402,2766631,0.3335321545600891
38663,1121402,5825202,0.33343422412872314
38664,1121402,4940941,0.3334333598613739
38665,1121402,5662153,0.3334313929080963
38666,1121402,3269902,0.3333856463432312
38667,1121402,2867287,0.3333128094673157
38668,1121402,4150338,0.3332868218421936
38669,1121402,1153863,0.3332449197769165
38670,1121402,96452,0.3331589698791504
38671,1121402,8574825,0.33315664529800415
38672,1121402,8254618,0.33308809995651245
38673,1121402,4339122,0.33308470249176025
38674,1121402,1947018,0.3330302834510803
38675,1121402,1099217,0.33301761746406555
38676,1121402,4868370,0.33300286531448364
38677,1121402,6631464,0.33298712968826294
38678,1121402,205797,0.33295753598213196
38679,1121402,2792563,0.3329385817050934
38680,1121402,8199289,0.33291029930114746
38681,1121402,7613926,0.33286404609680176
38682,1121402,2423321,0.33284270763397217
38683,1121402,8792644,0.33281993865966797
38684,1121402,4174527,0.332727313041687
38685,1121402,331282,0.33270859718322754
38686,1121402,181756,0.3326547145843506
38687,1121402,4556605,0.33261311054229736
38688,1121402,4013131,0.33259886503219604
38689,1121402,879274,0.33250653743743896
38690,1121402,6703509,0.33244583010673523
38691,1121402,2727731,0.33241650462150574
38692,1121402,3439889,0.33239418268203735
38693,1121402,5039988,0.33236193656921387
38694,1121402,1902389,0.33229342103004456
38695,1121402,6052813,0.332270085811615
38696,1121402,2079803,0.3322104811668396
38697,1121402,4305980,0.3321380019187927
38698,1121402,2285505,0.33205747604370117
38699,1121402,4797021,0.33205103874206543
38700,1121402,3609603,0.3320411741733551
38701,1121402,1600065,0.3320404291152954
38702,1121402,6899773,0.33203768730163574
38703,1121402,2103672,0.3320123553276062
38704,1121402,2123019,0.3320102393627167
38705,1121402,8323089,0.33200764656066895
38706,1121402,3223441,0.3319721817970276
38707,1121402,8424497,0.33192846179008484
38708,1121402,4532862,0.33192265033721924
38709,1121402,2943990,0.33190590143203735
38710,1121402,5168123,0.3318963646888733
38711,1121402,5308689,0.3318755626678467
38712,1121402,1702461,0.33187323808670044
38713,1121402,7244819,0.33179187774658203
38714,1121402,5261559,0.33177098631858826
38715,1121402,3989229,0.33176255226135254
38716,1121402,3332322,0.3317621350288391
38717,1121402,2387251,0.33174651861190796
38718,1121402,8325083,0.33172717690467834
38719,1121402,255095,0.3316742181777954
38720,1121402,725732,0.33165204524993896
38721,1121402,2100370,0.33156728744506836
38722,1121402,5702898,0.3315442204475403
38723,1121402,1974636,0.3315317928791046
38724,1121402,5413893,0.3315262794494629
38725,1121402,6782309,0.3315165638923645
38726,1121402,1106948,0.3314971625804901
38727,1121402,4525544,0.3314874768257141
38728,1121402,7169330,0.3314666152000427
38729,1121402,3147682,0.3314598798751831
38730,1121402,592521,0.33137670159339905
38731,1121402,4215886,0.33131134510040283
38732,1121402,5784974,0.33125102519989014
38733,1121402,2516723,0.3312057554721832
38734,1121402,2985015,0.33120158314704895
38735,1121402,2931601,0.3311387002468109
38736,1121402,2110985,0.3311287760734558
38737,1121402,1017208,0.3311057984828949
38738,1121402,3025355,0.3310776650905609
38739,1121402,7999624,0.33105704188346863
38740,1121402,167782,0.3310413062572479
38741,1121402,481571,0.33103761076927185
38742,1121402,6789166,0.3310049772262573
38743,1121402,7633367,0.3309818208217621
38744,1121402,8130279,0.3309633731842041
38745,1121402,7898693,0.3309321403503418
38746,1121402,1548709,0.33081769943237305
38747,1121402,913200,0.33076637983322144
38748,1121402,8524003,0.33075180649757385
38749,1121402,16397,0.3307289481163025
38750,1121402,3893072,0.3307071626186371
38751,1121402,409431,0.33068135380744934
38752,1121402,7473643,0.33065804839134216
38753,1121402,8469725,0.3305172920227051
38754,1121402,7705257,0.33051222562789917
38755,1121402,222362,0.33050617575645447
38756,1121402,2953674,0.3304893970489502
38757,1121402,3368452,0.33047884702682495
38758,1121402,5504420,0.3304619789123535
38759,1121402,2943985,0.3304275572299957
38760,1121402,3812195,0.3304160237312317
38761,1121402,6654409,0.3303646445274353
38762,1121402,7029291,0.33032286167144775
38763,1121402,1141478,0.33025825023651123
38764,1121402,1613138,0.330256849527359
38765,1121402,4329515,0.3302461504936218
38766,1121402,8509093,0.3302411139011383
38767,1121402,1105927,0.33023399114608765
38768,1121402,7728057,0.3302114009857178
38769,1121402,683908,0.3302050828933716
38770,1121402,8487134,0.3301984667778015
38771,1121402,5348471,0.3301946520805359
38772,1121402,4569834,0.33015283942222595
38773,1121402,4929066,0.3301156759262085
38774,1121402,2248096,0.33010876178741455
38775,1121402,2603888,0.3300474286079407
38776,1121402,7064821,0.3300401568412781
38777,1121402,4380847,0.33003032207489014
38778,1121402,8219897,0.3300255835056305
38779,1121402,2903151,0.3300125002861023
38780,1121402,5892999,0.3299787640571594
38781,1121402,205798,0.3299477696418762
38782,1121402,3025358,0.3299242854118347
38783,1121402,7276889,0.32987356185913086
38784,1121402,8178220,0.3298048973083496
38785,1121402,7780001,0.329751193523407
38786,1121402,6824075,0.32970380783081055
38787,1121402,2085561,0.32969605922698975
38788,1121402,2516421,0.3296906650066376
38789,1121402,4764169,0.3296431303024292
38790,1121402,3468963,0.329592764377594
38791,1121402,4465115,0.3295879364013672
38792,1121402,2943989,0.32958486676216125
38793,1121402,7957909,0.32958292961120605
38794,1121402,4024129,0.3295798897743225
38795,1121402,8618061,0.32957327365875244
38796,1121402,4716600,0.3294677734375
38797,1121402,1228981,0.32935214042663574
38798,1121402,2614898,0.3293321132659912
38799,1121402,2412486,0.32933199405670166
38800,1121402,6525643,0.3293115496635437
38801,1121402,345882,0.32930415868759155
38802,1121402,1521522,0.32908129692077637
38803,1121402,3365707,0.329078733921051
38804,1121402,4119042,0.3290437161922455
38805,1121402,7336896,0.32898446917533875
38806,1121402,908930,0.32894667983055115
38807,1121402,688223,0.32893142104148865
38808,1121402,7728056,0.32891353964805603
38809,1121402,6616261,0.3288891315460205
38810,1121402,405520,0.32884249091148376
38811,1121402,1868772,0.3287695646286011
38812,1121402,8307228,0.3287685513496399
38813,1121402,4177842,0.32866138219833374
38814,1121402,7172968,0.32861870527267456
38815,1121402,4061859,0.3285965621471405
38816,1121402,7449835,0.3285822570323944
38817,1121402,1623219,0.3285306692123413
38818,1121402,728278,0.32851651310920715
38819,1121402,7084218,0.32848024368286133
38820,1121402,3745069,0.3284778892993927
38821,1121402,5388134,0.3284723162651062
38822,1121402,5413895,0.3284362554550171
38823,1121402,7855088,0.3284231722354889
38824,1121402,7453083,0.32841598987579346
38825,1121402,1294310,0.328400194644928
38826,1121402,8257037,0.32828935980796814
38827,1121402,7500548,0.32828888297080994
38828,1121402,3902564,0.32827913761138916
38829,1121402,8469731,0.3282307982444763
38830,1121402,4755556,0.3282298445701599
38831,1121402,8626421,0.32822707295417786
38832,1121402,6957844,0.32821589708328247
38833,1121402,3539866,0.32816654443740845
38834,1121402,8368659,0.3281540870666504
38835,1121402,6384038,0.3280438184738159
38836,1121402,4359550,0.3280302584171295
38837,1121402,5372031,0.3279680907726288
38838,1121402,5651730,0.3279491662979126
38839,1121402,7572072,0.32794612646102905
38840,1121402,4199003,0.3279235363006592
38841,1121402,3558065,0.32781982421875
38842,1121402,776133,0.3278096616268158
38843,1121402,4716597,0.32780295610427856
38844,1121402,8158917,0.32776328921318054
38845,1121402,4808635,0.3277113437652588
38846,1121402,689457,0.3276546001434326
38847,1121402,7553670,0.32759594917297363
38848,1121402,1880830,0.32758376002311707
38849,1121402,3273927,0.3275768458843231
38850,1121402,2681044,0.32755187153816223
38851,1121402,3002418,0.32754895091056824
38852,1121402,7774690,0.32752472162246704
38853,1121402,5060999,0.32749658823013306
38854,1121402,944378,0.3274567723274231
38855,1121402,1232250,0.3274487853050232
38856,1121402,1400514,0.32743802666664124
38857,1121402,826788,0.3274238109588623
38858,1121402,8195944,0.3274047076702118
38859,1121402,5711848,0.32738882303237915
38860,1121402,6842487,0.3273772597312927
38861,1121402,8286134,0.3273269534111023
38862,1121402,348716,0.3272687792778015
38863,1121402,3631103,0.3271755576133728
38864,1121402,904954,0.32716846466064453
38865,1121402,3094890,0.32704007625579834
38866,1121402,2889404,0.32703813910484314
38867,1121402,1320508,0.3270264267921448
38868,1121402,6884812,0.32696759700775146
38869,1121402,6207732,0.3269675374031067
38870,1121402,8814056,0.32693910598754883
38871,1121402,118439,0.32693344354629517
38872,1121402,4216908,0.32688283920288086
38873,1121402,1412390,0.3268781304359436
38874,1121402,456254,0.32687729597091675
38875,1121402,8550331,0.32686591148376465
38876,1121402,4127865,0.32680612802505493
38877,1121402,6524137,0.32679060101509094
38878,1121402,716169,0.32678288221359253
38879,1121402,4454772,0.32673996686935425
38880,1121402,6606176,0.32672804594039917
38881,1121402,7144887,0.326694130897522
38882,1121402,1919436,0.326675683259964
38883,1121402,3925134,0.3266710638999939
38884,1121402,1685441,0.3266705274581909
38885,1121402,91224,0.32662370800971985
38886,1121402,1821202,0.32661598920822144
38887,1121402,3957918,0.3266138434410095
38888,1121402,6401841,0.32659244537353516
38889,1121402,8116281,0.32658058404922485
38890,1121402,5718834,0.32657212018966675
38891,1121402,4837262,0.32655614614486694
38892,1121402,6594075,0.32654115557670593
38893,1121402,7196016,0.3265024423599243
38894,1121402,6792694,0.32649606466293335
38895,1121402,3885134,0.32645338773727417
38896,1121402,2866985,0.3263758718967438
38897,1121402,4057851,0.3263636529445648
38898,1121402,3397669,0.3262592554092407
38899,1121402,4509094,0.3261544704437256
38900,1121402,8243174,0.32613810896873474
38901,1121402,6696574,0.326046884059906
38902,1121402,5976857,0.32602447271347046
38903,1121402,6887989,0.3259075880050659
38904,1121402,4360001,0.32587334513664246
38905,1121402,1279297,0.3256802558898926
38906,1121402,7192547,0.3256727457046509
38907,1121402,776132,0.32564347982406616
38908,1121402,2108356,0.32562071084976196
38909,1121402,7647903,0.3256194591522217
38910,1121402,2802357,0.32561591267585754
38911,1121402,863391,0.3256097435951233
38912,1121402,4224552,0.32555267214775085
38913,1121402,4761559,0.3255455195903778
38914,1121402,1949707,0.3255176842212677
38915,1121402,1226552,0.3254660367965698
38916,1121402,6028891,0.3254379630088806
38917,1121402,1389245,0.3254193961620331
38918,1121402,6926970,0.32540246844291687
38919,1121402,4690139,0.3253687024116516
38920,1121402,2849500,0.32535886764526367
38921,1121402,4803122,0.3253300189971924
38922,1121402,8247655,0.32532480359077454
38923,1121402,5483868,0.3252621293067932
38924,1121402,5552539,0.3252585232257843
38925,1121402,8591971,0.3252187967300415
38926,1121402,4692429,0.32521677017211914
38927,1121402,310789,0.3251703977584839
38928,1121402,4366291,0.3251461982727051
38929,1121402,8469783,0.32505136728286743
38930,1121402,2681046,0.3250313997268677
38931,1121402,2279036,0.32498225569725037
38932,1121402,5913593,0.3249592185020447
38933,1121402,8289241,0.32493844628334045
38934,1121402,3785168,0.3248979449272156
38935,1121402,8650097,0.3248639702796936
38936,1121402,5504896,0.3248361349105835
38937,1121402,7572309,0.3247886896133423
38938,1121402,7059621,0.3247758150100708
38939,1121402,8134957,0.3247751295566559
38940,1121402,8044249,0.3246675729751587
38941,1121402,1491159,0.3246285319328308
38942,1121402,5785767,0.32459327578544617
38943,1121402,7842589,0.32458725571632385
38944,1121402,331274,0.3245868980884552
38945,1121402,2747207,0.32457712292671204
38946,1121402,3674183,0.3245644271373749
38947,1121402,8321213,0.3245563209056854
38948,1121402,8156157,0.32453280687332153
38949,1121402,2493928,0.32453155517578125
38950,1121402,5538759,0.3244718313217163
38951,1121402,2830862,0.32444289326667786
38952,1121402,3543559,0.3244239091873169
38953,1121402,1843599,0.3243447542190552
38954,1121402,736195,0.32426926493644714
38955,1121402,6134054,0.32417815923690796
38956,1121402,5722507,0.32417625188827515
38957,1121402,6570951,0.3241318166255951
38958,1121402,8250994,0.3241095542907715
38959,1121402,3919672,0.32409071922302246
38960,1121402,1926046,0.3240523338317871
38961,1121402,904956,0.32404857873916626
38962,1121402,1702368,0.3240468502044678
38963,1121402,1989444,0.32400232553482056
38964,1121402,8252414,0.32398322224617004
38965,1121402,6836464,0.323967307806015
38966,1121402,1231734,0.32392507791519165
38967,1121402,3598071,0.32390087842941284
38968,1121402,2426837,0.3238585889339447
38969,1121402,955856,0.32384198904037476
38970,1121402,3685620,0.3238148093223572
38971,1121402,6710885,0.32381027936935425
38972,1121402,840115,0.3238077759742737
38973,1121402,4833260,0.3237873613834381
38974,1121402,7072141,0.32371923327445984
38975,1121402,6512713,0.32361066341400146
38976,1121402,6166901,0.32358312606811523
38977,1121402,409423,0.32347822189331055
38978,1121402,8325082,0.32346999645233154
38979,1121402,5645291,0.3234657645225525
38980,1121402,2565836,0.3234606981277466
38981,1121402,8622458,0.32344159483909607
38982,1121402,1702465,0.3234320878982544
38983,1121402,6446205,0.3234143853187561
38984,1121402,5604428,0.32340216636657715
38985,1121402,4351046,0.3234010338783264
38986,1121402,6598010,0.3233965039253235
38987,1121402,473843,0.323364794254303
38988,1121402,8298380,0.3233645260334015
38989,1121402,669011,0.3233475685119629
38990,1121402,5817132,0.323285847902298
38991,1121402,2906387,0.32327207922935486
38992,1121402,3829794,0.3232329487800598
38993,1121402,8015204,0.3231881558895111
38994,1121402,4416008,0.3231697082519531
38995,1121402,2867289,0.3231682777404785
38996,1121402,7416068,0.32311320304870605
38997,1121402,5548143,0.32308974862098694
38998,1121402,2663818,0.32307228446006775
38999,1121402,1402437,0.32299959659576416
39000,1121709,8049583,0.6174634695053101
39001,1121709,3423059,0.5143083333969116
39002,1121709,8049578,0.4650087356567383
39003,1121709,3423067,0.45947372913360596
39004,1121709,3423062,0.44691789150238037
39005,1121709,8049585,0.44159290194511414
39006,1121709,1752809,0.4239259660243988
39007,1121709,486391,0.42163872718811035
39008,1121709,2046431,0.4089943766593933
39009,1121709,8049579,0.40769511461257935
39010,1121709,8049580,0.4060238003730774
39011,1121709,4566164,0.4037491977214813
39012,1121709,8049577,0.40266647934913635
39013,1121709,8164921,0.39824074506759644
39014,1121709,1740485,0.39158356189727783
39015,1121709,8041417,0.39060670137405396
39016,1121709,6547121,0.37586718797683716
39017,1121709,4832967,0.3756434917449951
39018,1121709,8654834,0.3742610216140747
39019,1121709,4323916,0.3724547028541565
39020,1121709,8066174,0.3718459904193878
39021,1121709,3371933,0.3715234696865082
39022,1121709,8049584,0.37045931816101074
39023,1121709,7013157,0.36972635984420776
39024,1121709,1752813,0.36939096450805664
39025,1121709,4948789,0.3678882122039795
39026,1121709,5967149,0.36712026596069336
39027,1121709,7357003,0.36628979444503784
39028,1121709,491558,0.36511367559432983
39029,1121709,3020150,0.36499959230422974
39030,1121709,6057055,0.3645920753479004
39031,1121709,486396,0.36406293511390686
39032,1121709,3915576,0.36390239000320435
39033,1121709,5155779,0.3611189126968384
39034,1121709,8205647,0.3608471751213074
39035,1121709,8024819,0.36009669303894043
39036,1121709,4415159,0.3593423366546631
39037,1121709,8323626,0.35860419273376465
39038,1121709,1490183,0.3581409752368927
39039,1121709,1812787,0.35795170068740845
39040,1121709,4502692,0.35766714811325073
39041,1121709,3423063,0.3567150831222534
39042,1121709,3016281,0.35614490509033203
39043,1121709,6777202,0.35512658953666687
39044,1121709,7267375,0.3531515300273895
39045,1121709,428444,0.35210174322128296
39046,1121709,356326,0.3511696457862854
39047,1121709,8744425,0.35111168026924133
39048,1121709,2393156,0.3509671092033386
39049,1121709,4852859,0.34877777099609375
39050,1121709,1429043,0.34799885749816895
39051,1121709,5196723,0.34667789936065674
39052,1121709,7606271,0.3466673493385315
39053,1121709,2051808,0.34579312801361084
39054,1121709,6547118,0.3455096185207367
39055,1121709,8024389,0.3453286290168762
39056,1121709,8297863,0.3448224663734436
39057,1121709,8066168,0.3448200225830078
39058,1121709,7201783,0.3447393774986267
39059,1121709,1580444,0.34459421038627625
39060,1121709,5155776,0.3444581627845764
39061,1121709,2008271,0.34422072768211365
39062,1121709,3277996,0.34361737966537476
39063,1121709,1995813,0.34355902671813965
39064,1121709,3299706,0.34311968088150024
39065,1121709,7127856,0.34311631321907043
39066,1121709,7596712,0.34247055649757385
39067,1121709,5155782,0.3422285318374634
39068,1121709,3165925,0.3421745300292969
39069,1121709,7127860,0.3419535160064697
39070,1121709,4502697,0.34179508686065674
39071,1121709,7505546,0.3416883051395416
39072,1121709,1906555,0.3415845036506653
39073,1121709,1816528,0.34153318405151367
39074,1121709,4158268,0.3404063582420349
39075,1121709,2438568,0.34013569355010986
39076,1121709,788055,0.3396931290626526
39077,1121709,6673220,0.33926212787628174
39078,1121709,3632519,0.33901235461235046
39079,1121709,8337154,0.3387027680873871
39080,1121709,6054041,0.33848947286605835
39081,1121709,3363901,0.33839669823646545
39082,1121709,7201940,0.3377419114112854
39083,1121709,5410530,0.3374100923538208
39084,1121709,5893570,0.3370833396911621
39085,1121709,5610088,0.33682820200920105
39086,1121709,2772027,0.3366692066192627
39087,1121709,5352110,0.3362157344818115
39088,1121709,3844706,0.3359890282154083
39089,1121709,4634728,0.33543646335601807
39090,1121709,2051809,0.33534955978393555
39091,1121709,428448,0.3351796865463257
39092,1121709,1820886,0.33438974618911743
39093,1121709,1415663,0.33426761627197266
39094,1121709,1738712,0.3341626524925232
39095,1121709,5186245,0.3341518044471741
39096,1121709,3895412,0.33332014083862305
39097,1121709,2153287,0.33270063996315
39098,1121709,7616882,0.33258867263793945
39099,1121709,4821869,0.3323611915111542
39100,1121709,6026905,0.3322155475616455
39101,1121709,3844709,0.3314913511276245
39102,1121709,487598,0.3312232792377472
39103,1121709,7201780,0.33115971088409424
39104,1121709,5306564,0.33108431100845337
39105,1121709,5653035,0.331010103225708
39106,1121709,5035650,0.3305227756500244
39107,1121709,4463685,0.330430805683136
39108,1121709,318071,0.3302934169769287
39109,1121709,7465195,0.33029109239578247
39110,1121709,394828,0.330211341381073
39111,1121709,8348247,0.33011674880981445
39112,1121709,7107889,0.329994261264801
39113,1121709,3844704,0.3298320770263672
39114,1121709,8151648,0.3297264575958252
39115,1121709,8815684,0.3295589089393616
39116,1121709,4536154,0.32920581102371216
39117,1121709,4504918,0.3290638327598572
39118,1121709,2048974,0.32897841930389404
39119,1121709,2577577,0.3289151191711426
39120,1121709,1434068,0.3288457989692688
39121,1121709,8348244,0.3287305235862732
39122,1121709,7201786,0.3284889757633209
39123,1121709,5370944,0.3282027244567871
39124,1121709,5047102,0.32808029651641846
39125,1121709,258085,0.3280508816242218
39126,1121709,508476,0.3279205560684204
39127,1121709,8414808,0.3277544677257538
39128,1121709,5152140,0.32771962881088257
39129,1121709,394832,0.327688604593277
39130,1121709,2133181,0.3271222710609436
39131,1121709,2902681,0.3267093300819397
39132,1121709,657832,0.32646363973617554
39133,1121709,4599541,0.3262428641319275
39134,1121709,7231754,0.32621967792510986
39135,1121709,1374637,0.32610636949539185
39136,1121709,1484319,0.32603704929351807
39137,1121709,3806974,0.32595181465148926
39138,1121709,7651440,0.32541874051094055
39139,1121709,7863700,0.3253576159477234
39140,1121709,5306557,0.32535260915756226
39141,1121709,1739314,0.3252768814563751
39142,1121709,4723508,0.32516413927078247
39143,1121709,2051813,0.32495972514152527
39144,1121709,6026339,0.3248786926269531
39145,1121709,1739313,0.3248700499534607
39146,1121709,428449,0.3247669041156769
39147,1121709,486393,0.3246387839317322
39148,1121709,1403996,0.32437655329704285
39149,1121709,8610864,0.3243201971054077
39150,1121709,3879484,0.3241923451423645
39151,1121709,6794432,0.3241286873817444
39152,1121709,402051,0.3240302801132202
39153,1121709,3386261,0.32401788234710693
39154,1121709,5653032,0.3238041400909424
39155,1121709,1775835,0.3236692249774933
39156,1121709,5610087,0.32364511489868164
39157,1121709,6951034,0.3236120343208313
39158,1121709,1739308,0.32306337356567383
39159,1121709,8505958,0.322709321975708
39160,1121709,4294659,0.3226996064186096
39161,1121709,5189685,0.32255807518959045
39162,1121709,5445634,0.32254543900489807
39163,1121709,7105260,0.32254353165626526
39164,1121709,6161504,0.3225402534008026
39165,1121709,4183841,0.3223573565483093
39166,1121709,4072217,0.32197678089141846
39167,1121709,696351,0.32183724641799927
39168,1121709,4220215,0.321783185005188
39169,1121709,500882,0.3217005133628845
39170,1121709,7490276,0.32163527607917786
39171,1121709,8072544,0.3215588927268982
39172,1121709,1434069,0.3214123249053955
39173,1121709,3266446,0.3213975429534912
39174,1121709,2133183,0.3213472068309784
39175,1121709,5266658,0.32101818919181824
39176,1121709,4804827,0.3208896517753601
39177,1121709,8440303,0.32088738679885864
39178,1121709,5306562,0.3208504021167755
39179,1121709,5193874,0.3205990195274353
39180,1121709,4037747,0.3205569088459015
39181,1121709,5890834,0.32048359513282776
39182,1121709,8661381,0.3204585909843445
39183,1121709,867203,0.3204473853111267
39184,1121709,4852860,0.3201235830783844
39185,1121709,7490274,0.3199538588523865
39186,1121709,3020157,0.3197339177131653
39187,1121709,7160879,0.3196360766887665
39188,1121709,2577580,0.3194924294948578
39189,1121709,4104161,0.3193603754043579
39190,1121709,3847812,0.3191659450531006
39191,1121709,1547255,0.3191494047641754
39192,1121709,5967154,0.31896817684173584
39193,1121709,7808035,0.3189429044723511
39194,1121709,6915567,0.31875452399253845
39195,1121709,7606273,0.31869596242904663
39196,1121709,1895990,0.3186621367931366
39197,1121709,3423066,0.3186066448688507
39198,1121709,5889628,0.31849411129951477
39199,1121709,4081300,0.3183358609676361
39200,1121709,4502690,0.31816530227661133
39201,1121709,5691286,0.31805554032325745
39202,1121709,7422245,0.31799402832984924
39203,1121709,2180800,0.3179696202278137
39204,1121709,6794429,0.3177512586116791
39205,1121709,4921604,0.3177429437637329
39206,1121709,4097535,0.31745874881744385
39207,1121709,7824903,0.31743311882019043
39208,1121709,6649878,0.3173123002052307
39209,1121709,5155777,0.31714946031570435
39210,1121709,8141708,0.3169083595275879
39211,1121709,3151648,0.31689733266830444
39212,1121709,486395,0.31689053773880005
39213,1121709,6173326,0.3168470859527588
39214,1121709,2448855,0.3167405426502228
39215,1121709,7162408,0.3167129456996918
39216,1121709,7204758,0.3166947662830353
39217,1121709,1866859,0.3165489733219147
39218,1121709,3371046,0.3165339231491089
39219,1121709,1323860,0.31646984815597534
39220,1121709,1739311,0.31629377603530884
39221,1121709,5037231,0.31616008281707764
39222,1121709,1278800,0.31610429286956787
39223,1121709,4898679,0.31600701808929443
39224,1121709,6129508,0.31600019335746765
39225,1121709,2191471,0.31598028540611267
39226,1121709,3823017,0.31596654653549194
39227,1121709,5653034,0.3158484697341919
39228,1121709,3859139,0.31581392884254456
39229,1121709,1906668,0.31567317247390747
39230,1121709,4646336,0.3154887557029724
39231,1121709,5784029,0.31547850370407104
39232,1121709,1794158,0.31541913747787476
39233,1121709,6876182,0.3153327405452728
39234,1121709,5178566,0.3153141736984253
39235,1121709,1928123,0.315036416053772
39236,1121709,3531699,0.3149701654911041
39237,1121709,3378018,0.31496602296829224
39238,1121709,1684756,0.3147861957550049
39239,1121709,2455883,0.3147411346435547
39240,1121709,7859495,0.3147324323654175
39241,1121709,7492865,0.3146671652793884
39242,1121709,1158305,0.31466665863990784
39243,1121709,193417,0.314521849155426
39244,1121709,3289460,0.31446248292922974
39245,1121709,3887507,0.314319908618927
39246,1121709,736611,0.31415054202079773
39247,1121709,8142477,0.3141390383243561
39248,1121709,6216040,0.314062237739563
39249,1121709,8110119,0.31389838457107544
39250,1121709,4763223,0.3138446807861328
39251,1121709,618192,0.3138080835342407
39252,1121709,4509455,0.3137132525444031
39253,1121709,3400645,0.31357550621032715
39254,1121709,1468820,0.31356221437454224
39255,1121709,8661236,0.31352484226226807
39256,1121709,3102261,0.31347453594207764
39257,1121709,7106588,0.31324535608291626
39258,1121709,7572828,0.3130914568901062
39259,1121709,7033165,0.3130197525024414
39260,1121709,3844668,0.31298699975013733
39261,1121709,7867571,0.31293296813964844
39262,1121709,580672,0.31259027123451233
39263,1121709,2065612,0.3123266100883484
39264,1121709,2577576,0.3121849000453949
39265,1121709,4883837,0.3121252655982971
39266,1121709,715760,0.31204912066459656
39267,1121709,933240,0.3119997978210449
39268,1121709,6729419,0.311859130859375
39269,1121709,3847813,0.3118009567260742
39270,1121709,8066175,0.31156885623931885
39271,1121709,4504921,0.3114663362503052
39272,1121709,7038576,0.3114054501056671
39273,1121709,2065515,0.3113552927970886
39274,1121709,5056349,0.3110005557537079
39275,1121709,1405434,0.3109930157661438
39276,1121709,4763219,0.3109765350818634
39277,1121709,7321672,0.3108821511268616
39278,1121709,410278,0.3107554316520691
39279,1121709,1812791,0.3106078505516052
39280,1121709,258707,0.3105657398700714
39281,1121709,8065063,0.3105616271495819
39282,1121709,2048972,0.31056076288223267
39283,1121709,7425152,0.31054437160491943
39284,1121709,4821872,0.3103010058403015
39285,1121709,3847814,0.3102605938911438
39286,1121709,7651441,0.3101602792739868
39287,1121709,879583,0.3100980222225189
39288,1121709,3847808,0.31002795696258545
39289,1121709,4402173,0.3099951148033142
39290,1121709,325383,0.3099406361579895
39291,1121709,5037235,0.309935599565506
39292,1121709,493583,0.3098708391189575
39293,1121709,6566465,0.30969709157943726
39294,1121709,7147819,0.30968213081359863
39295,1121709,394829,0.30967453122138977
39296,1121709,7991459,0.3096159100532532
39297,1121709,4345895,0.30956780910491943
39298,1121709,3531040,0.3094443380832672
39299,1121709,5521433,0.3094240725040436
39300,1121709,3762342,0.3093578517436981
39301,1121709,5306563,0.30935555696487427
39302,1121709,4662763,0.3093387484550476
39303,1121709,185446,0.30927732586860657
39304,1121709,7577183,0.309270977973938
39305,1121709,737377,0.3092043399810791
39306,1121709,1189082,0.3091602921485901
39307,1121709,2819836,0.3090304136276245
39308,1121709,2046429,0.30900317430496216
39309,1121709,6695203,0.3089674413204193
39310,1121709,1614119,0.3089246451854706
39311,1121709,4271366,0.3086743950843811
39312,1121709,8644966,0.30860236287117004
39313,1121709,5255964,0.30858176946640015
39314,1121709,6550083,0.3085559010505676
39315,1121709,3844672,0.30851954221725464
39316,1121709,445066,0.3084542751312256
39317,1121709,5305017,0.30833426117897034
39318,1121709,8049586,0.3081895112991333
39319,1121709,6090514,0.3081880211830139
39320,1121709,842310,0.3079022169113159
39321,1121709,3353372,0.30779534578323364
39322,1121709,3501740,0.30775952339172363
39323,1121709,5776489,0.30768612027168274
39324,1121709,632870,0.307672917842865
39325,1121709,6139832,0.3076627254486084
39326,1121709,3274086,0.3076440095901489
39327,1121709,191887,0.3074283003807068
39328,1121709,2104357,0.30740320682525635
39329,1121709,2706639,0.3073151111602783
39330,1121709,7313132,0.30729976296424866
39331,1121709,6158888,0.3072662949562073
39332,1121709,7859500,0.30722230672836304
39333,1121709,3072767,0.3069669008255005
39334,1121709,419161,0.3068762421607971
39335,1121709,455943,0.3067959249019623
39336,1121709,7035952,0.306747704744339
39337,1121709,8147153,0.3065328598022461
39338,1121709,5776493,0.3064767122268677
39339,1121709,8830458,0.30640122294425964
39340,1121709,5193135,0.30634668469429016
39341,1121709,1484315,0.30631497502326965
39342,1121709,4104164,0.3062853515148163
39343,1121709,4765555,0.3060843050479889
39344,1121709,6129516,0.30607765913009644
39345,1121709,2046433,0.30599695444107056
39346,1121709,6547119,0.3059775233268738
39347,1121709,2114044,0.3058967888355255
39348,1121709,7455850,0.3058590292930603
39349,1121709,1312375,0.30584919452667236
39350,1121709,7421874,0.3058178424835205
39351,1121709,6863777,0.3057505488395691
39352,1121709,863620,0.3056950271129608
39353,1121709,4841935,0.3056163787841797
39354,1121709,2866523,0.30548176169395447
39355,1121709,6734899,0.30541902780532837
39356,1121709,177541,0.3052731156349182
39357,1121709,6198876,0.30525827407836914
39358,1121709,8744422,0.30518046021461487
39359,1121709,3205053,0.305178165435791
39360,1121709,6935936,0.3048512637615204
39361,1121709,2116153,0.3048499524593353
39362,1121709,8114448,0.3048444390296936
39363,1121709,8693353,0.30483630299568176
39364,1121709,5173557,0.30478018522262573
39365,1121709,8754210,0.30468234419822693
39366,1121709,3553623,0.30464276671409607
39367,1121709,5000541,0.3046215772628784
39368,1121709,1928117,0.30456656217575073
39369,1121709,6885479,0.3044314384460449
39370,1121709,6877100,0.3044002652168274
39371,1121709,1671217,0.3041544556617737
39372,1121709,4763220,0.30408284068107605
39373,1121709,7314037,0.3040311634540558
39374,1121709,1923118,0.30399367213249207
39375,1121709,4502693,0.3038870096206665
39376,1121709,2267488,0.30381059646606445
39377,1121709,1671215,0.30375880002975464
39378,1121709,647212,0.30366331338882446
39379,1121709,6459871,0.30342960357666016
39380,1121709,6093391,0.3033156394958496
39381,1121709,3403861,0.3032003939151764
39382,1121709,3911020,0.3031967878341675
39383,1121709,6673217,0.30304551124572754
39384,1121709,846438,0.3030036687850952
39385,1121709,4906020,0.3029733896255493
39386,1121709,4406128,0.30273693799972534
39387,1121709,2703197,0.3026922941207886
39388,1121709,1631869,0.30268386006355286
39389,1121709,6558901,0.3026542663574219
39390,1121709,689074,0.30242452025413513
39391,1121709,6092046,0.3024148643016815
39392,1121709,3628794,0.30237388610839844
39393,1121709,1069203,0.3023499548435211
39394,1121709,8041409,0.3022696375846863
39395,1121709,3110665,0.30219024419784546
39396,1121709,1739307,0.30214419960975647
39397,1121709,813015,0.30211684107780457
39398,1121709,6176923,0.3020516633987427
39399,1121709,6794425,0.30199965834617615
39400,1121709,6097596,0.3019919693470001
39401,1121709,2010313,0.3019410967826843
39402,1121709,6098579,0.3019409775733948
39403,1121709,7859494,0.30191880464553833
39404,1121709,8458022,0.30190855264663696
39405,1121709,3823021,0.30179938673973083
39406,1121709,2382671,0.30179521441459656
39407,1121709,4293905,0.3017781972885132
39408,1121709,6386253,0.3017727732658386
39409,1121709,6014233,0.3017513155937195
39410,1121709,3847807,0.30174368619918823
39411,1121709,6809266,0.3017004132270813
39412,1121709,2196114,0.3015904724597931
39413,1121709,2897273,0.30155128240585327
39414,1121709,7107617,0.3015342950820923
39415,1121709,8041401,0.3014918565750122
39416,1121709,6856422,0.3014281988143921
39417,1121709,8066415,0.30137911438941956
39418,1121709,3762335,0.3012230396270752
39419,1121709,3353376,0.30122148990631104
39420,1121709,2646551,0.30121487379074097
39421,1121709,4509456,0.3011399507522583
39422,1121709,3681103,0.3010087311267853
39423,1121709,4133376,0.30098485946655273
39424,1121709,158626,0.3008372187614441
39425,1121709,7005049,0.30076903104782104
39426,1121709,802234,0.3007005453109741
39427,1121709,3158259,0.30064454674720764
39428,1121709,856022,0.3006137013435364
39429,1121709,1305325,0.30061355233192444
39430,1121709,500881,0.30048540234565735
39431,1121709,5287647,0.3004690408706665
39432,1121709,3129241,0.30041617155075073
39433,1121709,6686782,0.300373911857605
39434,1121709,4504919,0.3003484904766083
39435,1121709,4406132,0.30023497343063354
39436,1121709,7262513,0.30021992325782776
39437,1121709,2706676,0.30015385150909424
39438,1121709,2373533,0.3001163601875305
39439,1121709,4063800,0.3000098466873169
39440,1121709,7389566,0.2999379634857178
39441,1121709,5654730,0.2998751699924469
39442,1121709,7920910,0.2998540997505188
39443,1121709,6996782,0.29973748326301575
39444,1121709,775548,0.29973626136779785
39445,1121709,7755321,0.2996993660926819
39446,1121709,6163476,0.29968589544296265
39447,1121709,1131096,0.29964137077331543
39448,1121709,5115584,0.2994643449783325
39449,1121709,2083444,0.29938051104545593
39450,1121709,1635022,0.29922792315483093
39451,1121709,1407647,0.2992004156112671
39452,1121709,1520459,0.2991504967212677
39453,1121709,5573733,0.2991475462913513
39454,1121709,7706811,0.2990819811820984
39455,1121709,6726889,0.29900890588760376
39456,1121709,4957303,0.29894518852233887
39457,1121709,5963679,0.29887163639068604
39458,1121709,5818263,0.29879432916641235
39459,1121709,6962386,0.29876405000686646
39460,1121709,5155783,0.29864758253097534
39461,1121709,2653463,0.29863065481185913
39462,1121709,3602195,0.29860639572143555
39463,1121709,8414209,0.29859280586242676
39464,1121709,4662758,0.29854148626327515
39465,1121709,6932375,0.29847949743270874
39466,1121709,6048328,0.29846495389938354
39467,1121709,4502696,0.2984309196472168
39468,1121709,3775139,0.2983351945877075
39469,1121709,6047699,0.29820263385772705
39470,1121709,781280,0.29812943935394287
39471,1121709,2741208,0.2980685234069824
39472,1121709,7473075,0.2980465292930603
39473,1121709,2986521,0.29802078008651733
39474,1121709,7504006,0.29800674319267273
39475,1121709,4555760,0.2979568541049957
39476,1121709,429848,0.29784083366394043
39477,1121709,3425156,0.29770010709762573
39478,1121709,2902922,0.2976866662502289
39479,1121709,6729415,0.29757773876190186
39480,1121709,3859135,0.2974596619606018
39481,1121709,2496004,0.297355592250824
39482,1121709,7568679,0.2973451614379883
39483,1121709,496194,0.29734480381011963
39484,1121709,4239351,0.29732346534729004
39485,1121709,2065511,0.29724767804145813
39486,1121709,6093386,0.2971828579902649
39487,1121709,6252884,0.29712265729904175
39488,1121709,4949201,0.29711514711380005
39489,1121709,976437,0.29711514711380005
39490,1121709,6729414,0.29710978269577026
39491,1121709,8024811,0.2970353960990906
39492,1121709,3358889,0.29697227478027344
39493,1121709,493576,0.2969689667224884
39494,1121709,5352291,0.2969594895839691
39495,1121709,4974672,0.29686665534973145
39496,1121709,8136409,0.2968578338623047
39497,1121709,1188875,0.2968272268772125
39498,1121709,6731457,0.2967442274093628
39499,1121709,7871339,0.29669761657714844
39500,1121709,4268471,0.2966158986091614
39501,1121709,7883541,0.2965710759162903
39502,1121709,2547803,0.29650598764419556
39503,1121709,6037069,0.29646793007850647
39504,1121709,400671,0.2964417636394501
39505,1121709,8631844,0.29638832807540894
39506,1121709,8465841,0.296385258436203
39507,1121709,6495249,0.29638129472732544
39508,1121709,7701705,0.29628968238830566
39509,1121709,1047906,0.2962286174297333
39510,1121709,8096298,0.2961607575416565
39511,1121709,5521428,0.2961416244506836
39512,1121709,5653036,0.2961176037788391
39513,1121709,4574379,0.29609212279319763
39514,1121709,1614120,0.29608359932899475
39515,1121709,2994761,0.29602301120758057
39516,1121709,4265613,0.29595983028411865
39517,1121709,7496970,0.2959512174129486
39518,1121709,8068369,0.2959345877170563
39519,1121709,1684111,0.2958696782588959
39520,1121709,6941066,0.2958587408065796
39521,1121709,5963612,0.2958446145057678
39522,1121709,1149051,0.29583093523979187
39523,1121709,6012180,0.29580843448638916
39524,1121709,3344685,0.29573845863342285
39525,1121709,4270517,0.2957279086112976
39526,1121709,6101851,0.2956329584121704
39527,1121709,437697,0.2956075370311737
39528,1121709,1738715,0.2955670952796936
39529,1121709,5246917,0.2955554127693176
39530,1121709,2612546,0.29551729559898376
39531,1121709,8530708,0.2955027222633362
39532,1121709,1239173,0.295335590839386
39533,1121709,3823020,0.2953062355518341
39534,1121709,1082304,0.29528146982192993
39535,1121709,2267491,0.2952170968055725
39536,1121709,2100098,0.295185387134552
39537,1121709,5936770,0.2951432466506958
39538,1121709,7425685,0.29510247707366943
39539,1121709,7773536,0.29504770040512085
39540,1121709,4920700,0.29484447836875916
39541,1121709,3795463,0.29483211040496826
39542,1121709,5617221,0.2947852909564972
39543,1121709,6183666,0.29476553201675415
39544,1121709,7592667,0.2947465181350708
39545,1121709,2302433,0.29473695158958435
39546,1121709,6443358,0.29464441537857056
39547,1121709,8302838,0.2945972681045532
39548,1121709,3513105,0.2944701611995697
39549,1121709,4290748,0.29441261291503906
39550,1121709,2696640,0.294386625289917
39551,1121709,6225521,0.29433172941207886
39552,1121709,2301085,0.29430341720581055
39553,1121709,3005044,0.29422640800476074
39554,1121709,2628649,0.29414305090904236
39555,1121709,5263901,0.2940663695335388
39556,1121709,3061569,0.2939712405204773
39557,1121709,486394,0.29395514726638794
39558,1121709,3168375,0.29392439126968384
39559,1121709,3491379,0.2938612401485443
39560,1121709,6834942,0.29374924302101135
39561,1121709,8114446,0.29374635219573975
39562,1121709,6828012,0.29373177886009216
39563,1121709,7999117,0.2937237024307251
39564,1121709,7902003,0.2937082052230835
39565,1121709,387397,0.29368358850479126
39566,1121709,4575097,0.2936801016330719
39567,1121709,6487031,0.29365572333335876
39568,1121709,6136101,0.29361534118652344
39569,1121709,3894749,0.2935989797115326
39570,1121709,6486885,0.29356253147125244
39571,1121709,6741132,0.29348325729370117
39572,1121709,5063215,0.2934138774871826
39573,1121709,3020155,0.2933844327926636
39574,1121709,1913178,0.2932874858379364
39575,1121709,6416409,0.2932436168193817
39576,1121709,1338494,0.2931971549987793
39577,1121709,2396506,0.29316186904907227
39578,1121709,669061,0.29313474893569946
39579,1121709,8257235,0.2929745614528656
39580,1121709,5208032,0.29297447204589844
39581,1121709,8537277,0.2929442524909973
39582,1121709,3531700,0.292927622795105
39583,1121709,402054,0.2928880453109741
39584,1121709,2364282,0.2928829789161682
39585,1121709,8326063,0.2928551137447357
39586,1121709,1457899,0.29284781217575073
39587,1121709,1180864,0.29277193546295166
39588,1121709,5721902,0.2927418053150177
39589,1121709,5523512,0.29271697998046875
39590,1121709,802238,0.292680025100708
39591,1121709,1820882,0.29264581203460693
39592,1121709,7160880,0.29263803362846375
39593,1121709,7787412,0.29257673025131226
39594,1121709,8445960,0.29254505038261414
39595,1121709,688872,0.29247695207595825
39596,1121709,9349,0.29247379302978516
39597,1121709,7314038,0.2924516201019287
39598,1121709,5888318,0.2924199104309082
39599,1121709,2301087,0.2923855781555176
39600,1121709,2842307,0.29234883189201355
39601,1121709,4422589,0.29225683212280273
39602,1121709,5847225,0.29217344522476196
39603,1121709,5984402,0.2921104431152344
39604,1121709,3049120,0.2920612096786499
39605,1121709,4264468,0.2920559048652649
39606,1121709,2958514,0.2920415997505188
39607,1121709,5721829,0.2920360565185547
39608,1121709,2206672,0.29202771186828613
39609,1121709,3582947,0.29202771186828613
39610,1121709,4763226,0.2919914126396179
39611,1121709,6650173,0.2919578552246094
39612,1121709,6158893,0.2919553220272064
39613,1121709,1800302,0.29193055629730225
39614,1121709,428442,0.29192793369293213
39615,1121709,4948793,0.29189619421958923
39616,1121709,986332,0.2918702960014343
39617,1121709,2753676,0.2918567657470703
39618,1121709,616896,0.29180222749710083
39619,1121709,3619917,0.2917497456073761
39620,1121709,7577179,0.2917393147945404
39621,1121709,5960234,0.29168301820755005
39622,1121709,3046851,0.29160791635513306
39623,1121709,1389171,0.29160308837890625
39624,1121709,229773,0.2915875315666199
39625,1121709,6083478,0.2915509343147278
39626,1121709,6158887,0.29154106974601746
39627,1121709,6073392,0.29150038957595825
39628,1121709,1272928,0.29144206643104553
39629,1121709,7225397,0.29141807556152344
39630,1121709,905051,0.29138898849487305
39631,1121709,8704694,0.2912328541278839
39632,1121709,222596,0.29120761156082153
39633,1121709,5969787,0.29120129346847534
39634,1121709,7357950,0.2911682426929474
39635,1121709,6960770,0.2911531627178192
39636,1121709,6352335,0.29113608598709106
39637,1121709,8064892,0.29113274812698364
39638,1121709,6582185,0.2911148965358734
39639,1121709,4889200,0.29106536507606506
39640,1121709,6720212,0.2909565269947052
39641,1121709,3577387,0.29092833399772644
39642,1121709,3698556,0.29090458154678345
39643,1121709,2488213,0.29087549448013306
39644,1121709,7231759,0.2908516526222229
39645,1121709,7130680,0.2907886505126953
39646,1121709,6014231,0.2907868027687073
39647,1121709,1195440,0.2907625436782837
39648,1121709,493577,0.2907625436782837
39649,1121709,825026,0.2907561957836151
39650,1121709,6014232,0.2907523512840271
39651,1121709,5148249,0.2907325029373169
39652,1121709,6536833,0.29073137044906616
39653,1121709,1820883,0.2906808853149414
39654,1121709,6063470,0.29066598415374756
39655,1121709,7566064,0.2906407117843628
39656,1121709,43965,0.2906273901462555
39657,1121709,3185092,0.290545791387558
39658,1121709,2595594,0.29050302505493164
39659,1121709,1792377,0.2904967665672302
39660,1121709,5305021,0.29046472907066345
39661,1121709,8173280,0.29037970304489136
39662,1121709,4555769,0.29030516743659973
39663,1121709,8458023,0.2903047502040863
39664,1121709,128719,0.2902708947658539
39665,1121709,6938432,0.290269672870636
39666,1121709,5910063,0.29026472568511963
39667,1121709,7781926,0.29025137424468994
39668,1121709,3488272,0.290143221616745
39669,1121709,6053457,0.2900947630405426
39670,1121709,6667017,0.29006296396255493
39671,1121709,7709439,0.28997159004211426
39672,1121709,3221474,0.28995516896247864
39673,1121709,3108468,0.2898784875869751
39674,1121709,1278794,0.2898423969745636
39675,1121709,3059199,0.2898295521736145
39676,1121709,8414206,0.28977206349372864
39677,1121709,8024808,0.28974229097366333
39678,1121709,1332523,0.2897131145000458
39679,1121709,2990100,0.28969451785087585
39680,1121709,1591404,0.289644718170166
39681,1121709,902763,0.2895694971084595
39682,1121709,6604408,0.2895685136318207
39683,1121709,544486,0.28953713178634644
39684,1121709,3823018,0.28952455520629883
39685,1121709,3905498,0.2894975543022156
39686,1121709,1866242,0.2894136905670166
39687,1121709,6001529,0.2894006073474884
39688,1121709,3862190,0.28939568996429443
39689,1121709,475758,0.28935521841049194
39690,1121709,3847811,0.289268434047699
39691,1121709,5600040,0.28918349742889404
39692,1121709,5311760,0.28918004035949707
39693,1121709,4542442,0.28916871547698975
39694,1121709,8041407,0.2891678214073181
39695,1121709,7572829,0.2891022861003876
39696,1121709,1883710,0.289034366607666
39697,1121709,1401719,0.288989782333374
39698,1121709,2083436,0.2889788746833801
39699,1121709,1432666,0.28897711634635925
39700,1121709,7192622,0.28895002603530884
39701,1121709,1006019,0.2889227867126465
39702,1121709,1792380,0.2888748347759247
39703,1121709,8024810,0.2888248562812805
39704,1121709,5031242,0.2887992560863495
39705,1121709,5281481,0.2887730598449707
39706,1121709,475760,0.2887725234031677
39707,1121709,7046873,0.28872767090797424
39708,1121709,2736650,0.28859108686447144
39709,1121709,6309888,0.2885778248310089
39710,1121709,8768768,0.2885224223136902
39711,1121709,1305319,0.28852182626724243
39712,1121709,4042620,0.28844138979911804
39713,1121709,3379012,0.2884248197078705
39714,1121709,6987760,0.2884138226509094
39715,1121709,3823019,0.2884078323841095
39716,1121709,1502270,0.28840556740760803
39717,1121709,4509457,0.28840434551239014
39718,1121709,1083330,0.2883831262588501
39719,1121709,8534155,0.28835904598236084
39720,1121709,3423061,0.2883298993110657
39721,1121709,5676484,0.28823238611221313
39722,1121709,6976601,0.2882137894630432
39723,1121709,491555,0.28820300102233887
39724,1121709,2652320,0.2881908416748047
39725,1121709,500878,0.28815996646881104
39726,1121709,4710168,0.28813138604164124
39727,1121709,1828901,0.2881086468696594
39728,1121709,901261,0.288106769323349
39729,1121709,1336596,0.28810325264930725
39730,1121709,4415161,0.2880862355232239
39731,1121709,1012088,0.2880847454071045
39732,1121709,5263894,0.2880825400352478
39733,1121709,8699532,0.28805404901504517
39734,1121709,4648027,0.2880406677722931
39735,1121709,3050462,0.2879645526409149
39736,1121709,1355129,0.2879638373851776
39737,1121709,6195979,0.28795695304870605
39738,1121709,5256134,0.28792130947113037
39739,1121709,4639499,0.2878812551498413
39740,1121709,7214176,0.287870854139328
39741,1121709,6814969,0.28784894943237305
39742,1121709,2137040,0.28784018754959106
39743,1121709,8692725,0.2878401279449463
39744,1121709,1374646,0.28783613443374634
39745,1121709,1860159,0.2878333330154419
39746,1121709,231185,0.28781843185424805
39747,1121709,4502699,0.2878124415874481
39748,1121709,340096,0.2877695560455322
39749,1121709,8688562,0.2877233624458313
39750,1121709,2706641,0.2876069247722626
39751,1121709,4639501,0.28758469223976135
39752,1121709,3128471,0.2875237762928009
39753,1121709,3690992,0.2874714136123657
39754,1121709,6589681,0.2874706983566284
39755,1121709,5166751,0.28739625215530396
39756,1121709,4924174,0.28736674785614014
39757,1121709,343944,0.2873459458351135
39758,1121709,2048976,0.2873150706291199
39759,1121709,8049505,0.28730568289756775
39760,1121709,6605354,0.2872656583786011
39761,1121709,8668847,0.287209689617157
39762,1121709,5930223,0.2872082591056824
39763,1121709,3168371,0.2871095538139343
39764,1121709,4415163,0.28707993030548096
39765,1121709,8025256,0.2870174050331116
39766,1121709,4605293,0.2869226634502411
39767,1121709,7968502,0.28692197799682617
39768,1121709,965596,0.28688687086105347
39769,1121709,1316508,0.28683847188949585
39770,1121709,4974675,0.2868158221244812
39771,1121709,3158258,0.2867734432220459
39772,1121709,5469111,0.2867729961872101
39773,1121709,6331223,0.28672152757644653
39774,1121709,7450253,0.28671902418136597
39775,1121709,3770117,0.2867029011249542
39776,1121709,7397528,0.2866949737071991
39777,1121709,6866064,0.2866818308830261
39778,1121709,8750581,0.28666526079177856
39779,1121709,1870521,0.28665468096733093
39780,1121709,4852857,0.28659775853157043
39781,1121709,8483355,0.28654468059539795
39782,1121709,7852630,0.28650128841400146
39783,1121709,1570144,0.28649479150772095
39784,1121709,8773827,0.286479651927948
39785,1121709,6797755,0.28645238280296326
39786,1121709,1152011,0.2864486575126648
39787,1121709,1189223,0.2864452004432678
39788,1121709,3553629,0.2864319682121277
39789,1121709,930897,0.286416232585907
39790,1121709,6093390,0.2864116132259369
39791,1121709,6741139,0.28640085458755493
39792,1121709,1820884,0.2863613963127136
39793,1121709,6513460,0.28632187843322754
39794,1121709,3728276,0.28628793358802795
39795,1121709,4555765,0.2862852215766907
39796,1121709,6028734,0.28625035285949707
39797,1121709,4063794,0.2861481308937073
39798,1121709,8115978,0.2861344516277313
39799,1121709,500877,0.28612029552459717
39800,1121709,3812780,0.2861178517341614
39801,1121709,7130686,0.28603047132492065
39802,1121709,2146464,0.2860199213027954
39803,1121709,1997943,0.28595665097236633
39804,1121709,7861669,0.28592321276664734
39805,1121709,7832193,0.285859078168869
39806,1121709,4182951,0.2858450412750244
39807,1121709,1724313,0.28583455085754395
39808,1121709,5967150,0.2857747972011566
39809,1121709,7831208,0.2857291102409363
39810,1121709,868985,0.28572067618370056
39811,1121709,987356,0.28571784496307373
39812,1121709,8018317,0.28564754128456116
39813,1121709,2514941,0.285624235868454
39814,1121709,3059198,0.28561627864837646
39815,1121709,3479534,0.2855547070503235
39816,1121709,898741,0.2855457663536072
39817,1121709,1008306,0.2855316996574402
39818,1121709,7104827,0.28546833992004395
39819,1121709,4415160,0.28539809584617615
39820,1121709,2474472,0.28536245226860046
39821,1121709,6318306,0.2853442132472992
39822,1121709,6443214,0.2853171229362488
39823,1121709,4118251,0.2852659821510315
39824,1121709,2007580,0.28526368737220764
39825,1121709,359177,0.28521960973739624
39826,1121709,5206619,0.2851891815662384
39827,1121709,1484318,0.28514134883880615
39828,1121709,5523313,0.285134494304657
39829,1121709,462883,0.2850764989852905
39830,1121709,6073393,0.2850727438926697
39831,1121709,7107620,0.28501662611961365
39832,1121709,5282644,0.2850126624107361
39833,1121709,2171557,0.28500545024871826
39834,1121709,4678274,0.2849910259246826
39835,1121709,2396503,0.2849868834018707
39836,1121709,7127849,0.28493547439575195
39837,1121709,2237677,0.2848736047744751
39838,1121709,5199726,0.2848644554615021
39839,1121709,3469590,0.28482112288475037
39840,1121709,8038601,0.2847973704338074
39841,1121709,5029914,0.28479140996932983
39842,1121709,766040,0.2847466468811035
39843,1121709,2587289,0.28472650051116943
39844,1121709,1567177,0.2846943736076355
39845,1121709,7357903,0.28466716408729553
39846,1121709,8668848,0.284626305103302
39847,1121709,1878111,0.2845754623413086
39848,1121709,8510782,0.2845662832260132
39849,1121709,4711330,0.2845603823661804
39850,1121709,6815678,0.2845262587070465
39851,1121709,1866365,0.28451773524284363
39852,1121709,8831731,0.2845153212547302
39853,1121709,1883709,0.2844676375389099
39854,1121709,7656417,0.2844519019126892
39855,1121709,5098163,0.2844400107860565
39856,1121709,8216515,0.2843373417854309
39857,1121709,7374313,0.28430140018463135
39858,1121709,8440529,0.28418025374412537
39859,1121709,2065362,0.2841032147407532
39860,1121709,486387,0.2840832769870758
39861,1121709,1338499,0.2839953899383545
39862,1121709,4502698,0.28395771980285645
39863,1121709,6933739,0.283951997756958
39864,1121709,3926625,0.2839290499687195
39865,1121709,7160882,0.2839168608188629
39866,1121709,2416546,0.28391021490097046
39867,1121709,2596838,0.2838557958602905
39868,1121709,2986518,0.28383731842041016
39869,1121709,7677093,0.28383001685142517
39870,1121709,4807197,0.28381097316741943
39871,1121709,4265612,0.28362587094306946
39872,1121709,8463488,0.2836079001426697
39873,1121709,2547894,0.28360438346862793
39874,1121709,5857598,0.28341877460479736
39875,1121709,4519720,0.28339698910713196
39876,1121709,5066962,0.2833908498287201
39877,1121709,8175792,0.2833547592163086
39878,1121709,1580446,0.28333568572998047
39879,1121709,156547,0.2833247184753418
39880,1121709,4483697,0.2833205759525299
39881,1121709,2557470,0.2832907438278198
39882,1121709,555964,0.2832750678062439
39883,1121709,2123763,0.2832677960395813
39884,1121709,1338501,0.2832490801811218
39885,1121709,8776534,0.2831789255142212
39886,1121709,6079802,0.28315481543540955
39887,1121709,6815682,0.283128559589386
39888,1121709,2430214,0.28305649757385254
39889,1121709,530854,0.2830456793308258
39890,1121709,3232751,0.2830272912979126
39891,1121709,3423068,0.2830185890197754
39892,1121709,5648494,0.2829837203025818
39893,1121709,6938117,0.2829703092575073
39894,1121709,8086376,0.28295761346817017
39895,1121709,8132739,0.28293555974960327
39896,1121709,7612061,0.2829192280769348
39897,1121709,6901375,0.2828806936740875
39898,1121709,608742,0.282734751701355
39899,1121709,2238873,0.28272226452827454
39900,1121709,7534861,0.2827073335647583
39901,1121709,5350554,0.28268536925315857
39902,1121709,8617662,0.2826097011566162
39903,1121709,3908038,0.2826041877269745
39904,1121709,1080873,0.2825932800769806
39905,1121709,359181,0.28258997201919556
39906,1121709,4665412,0.282565176486969
39907,1121709,1738716,0.28250113129615784
39908,1121709,8414805,0.28248560428619385
39909,1121709,1593588,0.2824755907058716
39910,1121709,1896212,0.28246816992759705
39911,1121709,6331124,0.2823772430419922
39912,1121709,6771939,0.28233832120895386
39913,1121709,7754363,0.2822348475456238
39914,1121709,7330956,0.28220322728157043
39915,1121709,6737484,0.28218311071395874
39916,1121709,6891110,0.28217899799346924
39917,1121709,8452862,0.28217804431915283
39918,1121709,3649930,0.2821468114852905
39919,1121709,7106592,0.28213152289390564
39920,1121709,3880885,0.2820991575717926
39921,1121709,1095782,0.2820069193840027
39922,1121709,6938114,0.2819678783416748
39923,1121709,7242729,0.28193199634552
39924,1121709,921730,0.2819005250930786
39925,1121709,7330953,0.2818838357925415
39926,1121709,4762485,0.2818737030029297
39927,1121709,5635500,0.2818474769592285
39928,1121709,2516438,0.28176814317703247
39929,1121709,6875434,0.2817612290382385
39930,1121709,3690999,0.2817407250404358
39931,1121709,8095812,0.28163039684295654
39932,1121709,2011677,0.2815627157688141
39933,1121709,1077464,0.2815398573875427
39934,1121709,8837220,0.28153613209724426
39935,1121709,8519456,0.28151100873947144
39936,1121709,7680507,0.2814830541610718
39937,1121709,6209693,0.28142017126083374
39938,1121709,341634,0.28140318393707275
39939,1121709,1820881,0.28136733174324036
39940,1121709,1051591,0.28135186433792114
39941,1121709,2420526,0.28128892183303833
39942,1121709,1416403,0.2812783718109131
39943,1121709,1969145,0.2812681794166565
39944,1121709,2730275,0.28122904896736145
39945,1121709,3324135,0.2812095880508423
39946,1121709,6359259,0.28119462728500366
39947,1121709,8109604,0.28118616342544556
39948,1121709,4328468,0.281161367893219
39949,1121709,8811744,0.2811501622200012
39950,1121709,8139302,0.28107261657714844
39951,1121709,5114467,0.2810477316379547
39952,1121709,1913174,0.28104251623153687
39953,1121709,5299615,0.28101813793182373
39954,1121709,6883995,0.2809775471687317
39955,1121709,6464945,0.2808258533477783
39956,1121709,4027953,0.28080958127975464
39957,1121709,3745801,0.28079694509506226
39958,1121709,3817883,0.2807595133781433
39959,1121709,6448177,0.28070151805877686
39960,1121709,1969140,0.2806776463985443
39961,1121709,8126276,0.28066664934158325
39962,1121709,7395499,0.2806013822555542
39963,1121709,7100318,0.2805977761745453
39964,1121709,1643582,0.2805795669555664
39965,1121709,5963606,0.2805659770965576
39966,1121709,4281627,0.28051793575286865
39967,1121709,7213535,0.2805026173591614
39968,1121709,6981840,0.2804673910140991
39969,1121709,858585,0.280461847782135
39970,1121709,969589,0.28045040369033813
39971,1121709,2363313,0.28039222955703735
39972,1121709,8563798,0.28031978011131287
39973,1121709,7087034,0.28027665615081787
39974,1121709,88768,0.28026923537254333
39975,1121709,8713373,0.2802613377571106
39976,1121709,3128473,0.2802044749259949
39977,1121709,3290926,0.2801463305950165
39978,1121709,3698895,0.2801416516304016
39979,1121709,5885270,0.2800745964050293
39980,1121709,7746086,0.2800491452217102
39981,1121709,5400996,0.28004661202430725
39982,1121709,3649935,0.2800179123878479
39983,1121709,4996286,0.2800152599811554
39984,1121709,4705365,0.27997440099716187
39985,1121709,277215,0.27993541955947876
39986,1121709,5271547,0.27992916107177734
39987,1121709,111056,0.279926598072052
39988,1121709,2893286,0.27982062101364136
39989,1121709,462887,0.2797847092151642
39990,1121709,7715470,0.2797701060771942
39991,1121709,7320256,0.2797469198703766
39992,1121709,1409270,0.2797386944293976
39993,1121709,2467967,0.2797386050224304
39994,1121709,3915578,0.27973759174346924
39995,1121709,2902686,0.2797330617904663
39996,1121709,6198875,0.27970510721206665
39997,1121709,953471,0.2796684503555298
39998,1121709,7438190,0.2796647846698761
39999,1121709,2104359,0.27961912751197815
40000,1124210,4958358,0.5309348106384277
40001,1124210,2258591,0.5277988910675049
40002,1124210,2258592,0.5192071199417114
40003,1124210,4794729,0.513254702091217
40004,1124210,4840515,0.5065829753875732
40005,1124210,2728448,0.5062435865402222
40006,1124210,546158,0.503367006778717
40007,1124210,8026737,0.5003960132598877
40008,1124210,3520550,0.49370163679122925
40009,1124210,1383624,0.49363142251968384
40010,1124210,7443586,0.49322739243507385
40011,1124210,7278463,0.49311548471450806
40012,1124210,4074149,0.4922317862510681
40013,1124210,5645045,0.4911794662475586
40014,1124210,3446170,0.4909427762031555
40015,1124210,5366912,0.4893706440925598
40016,1124210,7566674,0.48800283670425415
40017,1124210,3057008,0.48537400364875793
40018,1124210,4241350,0.4844231605529785
40019,1124210,5284591,0.4835476279258728
40020,1124210,2258595,0.48320233821868896
40021,1124210,4794725,0.48284655809402466
40022,1124210,6896372,0.4814375638961792
40023,1124210,3546600,0.48087063431739807
40024,1124210,3206859,0.48075610399246216
40025,1124210,4232139,0.48050057888031006
40026,1124210,3725763,0.48016202449798584
40027,1124210,5303910,0.47827377915382385
40028,1124210,4958356,0.47757312655448914
40029,1124210,1702010,0.47734588384628296
40030,1124210,1702004,0.47722136974334717
40031,1124210,5125015,0.4769621193408966
40032,1124210,3944481,0.47628501057624817
40033,1124210,6704887,0.4762730598449707
40034,1124210,729893,0.47597724199295044
40035,1124210,1512503,0.4756462574005127
40036,1124210,1251133,0.47562146186828613
40037,1124210,5940130,0.47561049461364746
40038,1124210,5056100,0.4736308455467224
40039,1124210,2338695,0.47351986169815063
40040,1124210,3446166,0.47243109345436096
40041,1124210,833417,0.4713556170463562
40042,1124210,6263920,0.47125983238220215
40043,1124210,2754117,0.47111406922340393
40044,1124210,5281846,0.47019636631011963
40045,1124210,7234570,0.46950244903564453
40046,1124210,2605474,0.4692951440811157
40047,1124210,3680805,0.46862345933914185
40048,1124210,7746535,0.4681434631347656
40049,1124210,7756784,0.46785810589790344
40050,1124210,2089544,0.46766793727874756
40051,1124210,7851118,0.4675660729408264
40052,1124210,5681258,0.4668327569961548
40053,1124210,7205586,0.46657946705818176
40054,1124210,7566672,0.4664877653121948
40055,1124210,1383615,0.4661226272583008
40056,1124210,4958359,0.4660038948059082
40057,1124210,2303834,0.46514618396759033
40058,1124210,2258596,0.46497657895088196
40059,1124210,6263923,0.4648282527923584
40060,1124210,6363262,0.4646427631378174
40061,1124210,2200000,0.46353602409362793
40062,1124210,4074146,0.4629839062690735
40063,1124210,3750819,0.4628071188926697
40064,1124210,3937735,0.46154314279556274
40065,1124210,502337,0.46137508749961853
40066,1124210,4074148,0.4607507586479187
40067,1124210,5938406,0.46048206090927124
40068,1124210,3057000,0.4599936306476593
40069,1124210,7832730,0.45998185873031616
40070,1124210,546155,0.4595372676849365
40071,1124210,6661564,0.45940762758255005
40072,1124210,6213215,0.4592650532722473
40073,1124210,7756781,0.45921725034713745
40074,1124210,3520551,0.4589340090751648
40075,1124210,7835796,0.45868998765945435
40076,1124210,2895509,0.4584085941314697
40077,1124210,7208694,0.4579729735851288
40078,1124210,273568,0.4578980505466461
40079,1124210,1702008,0.4575854539871216
40080,1124210,5366909,0.45692896842956543
40081,1124210,1383618,0.4555376172065735
40082,1124210,3928436,0.45553451776504517
40083,1124210,1383617,0.4555058479309082
40084,1124210,7027697,0.45530667901039124
40085,1124210,1362721,0.45494160056114197
40086,1124210,546154,0.45483124256134033
40087,1124210,3750818,0.45373106002807617
40088,1124210,2906255,0.4536876380443573
40089,1124210,2605473,0.4528934955596924
40090,1124210,5366913,0.45256564021110535
40091,1124210,4242595,0.4522884786128998
40092,1124210,7404631,0.4513714909553528
40093,1124210,7205917,0.4512726366519928
40094,1124210,7566675,0.45089441537857056
40095,1124210,1251135,0.45066192746162415
40096,1124210,4168940,0.4504726827144623
40097,1124210,5011612,0.45029932260513306
40098,1124210,3607859,0.4500769376754761
40099,1124210,371352,0.44990140199661255
40100,1124210,3680802,0.44989508390426636
40101,1124210,2541690,0.4495773911476135
40102,1124210,4232137,0.4488562345504761
40103,1124210,4191083,0.4482576251029968
40104,1124210,1897052,0.44798630475997925
40105,1124210,1027213,0.4479224383831024
40106,1124210,580882,0.4474108815193176
40107,1124210,2220482,0.4474061131477356
40108,1124210,6293322,0.44732576608657837
40109,1124210,3724405,0.445365309715271
40110,1124210,7756780,0.44522327184677124
40111,1124210,7278460,0.44499319791793823
40112,1124210,7278459,0.444799542427063
40113,1124210,443349,0.44458404183387756
40114,1124210,555792,0.4439311921596527
40115,1124210,4425464,0.443914532661438
40116,1124210,187294,0.4434819221496582
40117,1124210,3750824,0.44308236241340637
40118,1124210,3520553,0.4429558515548706
40119,1124210,5938410,0.4425618648529053
40120,1124210,2303835,0.44249117374420166
40121,1124210,6992535,0.44241052865982056
40122,1124210,475041,0.44170379638671875
40123,1124210,5512676,0.4414962828159332
40124,1124210,3031380,0.44124770164489746
40125,1124210,6263926,0.44032716751098633
40126,1124210,6992537,0.4402766525745392
40127,1124210,2084091,0.43990281224250793
40128,1124210,5056098,0.4395274519920349
40129,1124210,4957842,0.4394932985305786
40130,1124210,6541864,0.43940243124961853
40131,1124210,546156,0.43915507197380066
40132,1124210,7526587,0.4391137957572937
40133,1124210,273573,0.4390466809272766
40134,1124210,4706417,0.43884187936782837
40135,1124210,4706424,0.4386063516139984
40136,1124210,2632283,0.43833833932876587
40137,1124210,4074147,0.43833833932876587
40138,1124210,3750823,0.4382517337799072
40139,1124210,1512495,0.4381628632545471
40140,1124210,1966735,0.4381154775619507
40141,1124210,1701426,0.4379517436027527
40142,1124210,475038,0.43767738342285156
40143,1124210,4232140,0.4374144971370697
40144,1124210,2303836,0.4370080530643463
40145,1124210,218679,0.4366389214992523
40146,1124210,795660,0.4365369975566864
40147,1124210,1689639,0.43651893734931946
40148,1124210,2632281,0.4360997974872589
40149,1124210,3426723,0.43536126613616943
40150,1124210,7756778,0.4353192448616028
40151,1124210,3056248,0.4345361888408661
40152,1124210,1701417,0.4344956874847412
40153,1124210,7756779,0.43419939279556274
40154,1124210,1194682,0.43410488963127136
40155,1124210,3152177,0.43398767709732056
40156,1124210,3680799,0.433779776096344
40157,1124210,786828,0.4335302412509918
40158,1124210,8435959,0.4335302412509918
40159,1124210,6213217,0.4333697259426117
40160,1124210,5938409,0.43257272243499756
40161,1124210,2605479,0.43185555934906006
40162,1124210,3680801,0.43182820081710815
40163,1124210,7832726,0.43157970905303955
40164,1124210,546157,0.4310794472694397
40165,1124210,4232134,0.43097275495529175
40166,1124210,4168937,0.43089038133621216
40167,1124210,5366914,0.4307982325553894
40168,1124210,7746536,0.43012475967407227
40169,1124210,3725757,0.42972898483276367
40170,1124210,7566676,0.4295179545879364
40171,1124210,4840522,0.4294450283050537
40172,1124210,5281852,0.4294341504573822
40173,1124210,3859923,0.42935600876808167
40174,1124210,841739,0.42919832468032837
40175,1124210,3046380,0.4290394186973572
40176,1124210,4955072,0.42887967824935913
40177,1124210,3046385,0.42884284257888794
40178,1124210,7278464,0.4281042814254761
40179,1124210,5401025,0.42746466398239136
40180,1124210,841738,0.42745018005371094
40181,1124210,5712132,0.42738693952560425
40182,1124210,4241348,0.42736494541168213
40183,1124210,6814012,0.4272383749485016
40184,1124210,5940136,0.426872193813324
40185,1124210,4023900,0.426646888256073
40186,1124210,2892621,0.4263148009777069
40187,1124210,7581155,0.4261760711669922
40188,1124210,555785,0.4260476231575012
40189,1124210,5281849,0.4255143404006958
40190,1124210,6992534,0.4254128634929657
40191,1124210,4361438,0.42504703998565674
40192,1124210,181177,0.42471742630004883
40193,1124210,2199998,0.42450714111328125
40194,1124210,7851120,0.4243836998939514
40195,1124210,4232141,0.424367219209671
40196,1124210,2755041,0.4239182472229004
40197,1124210,7208696,0.42371222376823425
40198,1124210,3722759,0.42365890741348267
40199,1124210,5993283,0.42340087890625
40200,1124210,4057442,0.4226011335849762
40201,1124210,3680798,0.4222118854522705
40202,1124210,4648414,0.422080934047699
40203,1124210,371357,0.4219300448894501
40204,1124210,4425462,0.42177706956863403
40205,1124210,5401023,0.42172861099243164
40206,1124210,3031382,0.42138880491256714
40207,1124210,1251136,0.419913113117218
40208,1124210,5645043,0.4196323752403259
40209,1124210,1972856,0.4185292720794678
40210,1124210,4595314,0.4182282090187073
40211,1124210,6206778,0.418190598487854
40212,1124210,2632288,0.41816556453704834
40213,1124210,4074152,0.4179919958114624
40214,1124210,1831412,0.4176054000854492
40215,1124210,5512675,0.41736888885498047
40216,1124210,3775277,0.41733068227767944
40217,1124210,681465,0.41709959506988525
40218,1124210,4372916,0.4170852601528168
40219,1124210,8180027,0.41682302951812744
40220,1124210,6292076,0.41661766171455383
40221,1124210,2200002,0.41654086112976074
40222,1124210,7695217,0.41651928424835205
40223,1124210,380688,0.41643285751342773
40224,1124210,4958354,0.41641491651535034
40225,1124210,6992540,0.4163917303085327
40226,1124210,1897050,0.4163045883178711
40227,1124210,5990447,0.4162984788417816
40228,1124210,131190,0.41541367769241333
40229,1124210,8643064,0.41540199518203735
40230,1124210,6263921,0.4153718054294586
40231,1124210,3426722,0.4153290390968323
40232,1124210,4425463,0.41477692127227783
40233,1124210,305995,0.41467025876045227
40234,1124210,3280798,0.4145989418029785
40235,1124210,4899803,0.41453027725219727
40236,1124210,5056103,0.41435056924819946
40237,1124210,7407149,0.4143431484699249
40238,1124210,6296240,0.4141817092895508
40239,1124210,6056216,0.4139041006565094
40240,1124210,920033,0.4138558804988861
40241,1124210,1027217,0.4135645031929016
40242,1124210,8395606,0.4135282039642334
40243,1124210,5645044,0.41313889622688293
40244,1124210,6278958,0.41306954622268677
40245,1124210,4772891,0.41286081075668335
40246,1124210,2338694,0.41271069645881653
40247,1124210,8026743,0.41266411542892456
40248,1124210,3528112,0.41247665882110596
40249,1124210,2906254,0.41242462396621704
40250,1124210,2070279,0.41231781244277954
40251,1124210,1194689,0.4122909903526306
40252,1124210,3016378,0.41225501894950867
40253,1124210,2494577,0.41190680861473083
40254,1124210,7443694,0.4118996262550354
40255,1124210,3557938,0.4118672013282776
40256,1124210,7492991,0.4117770195007324
40257,1124210,371351,0.4116348624229431
40258,1124210,7381537,0.4112003743648529
40259,1124210,4002456,0.41116514801979065
40260,1124210,833424,0.4110994040966034
40261,1124210,43272,0.4107808470726013
40262,1124210,5368171,0.41056644916534424
40263,1124210,5512672,0.41051164269447327
40264,1124210,4808236,0.41049686074256897
40265,1124210,6541866,0.41028350591659546
40266,1124210,2724347,0.4098510146141052
40267,1124210,2127331,0.4098225235939026
40268,1124210,2693770,0.40972575545310974
40269,1124210,8649222,0.40969860553741455
40270,1124210,7492988,0.40947479009628296
40271,1124210,2798436,0.40933001041412354
40272,1124210,2786113,0.40932947397232056
40273,1124210,6116763,0.40932005643844604
40274,1124210,2632284,0.409307599067688
40275,1124210,218681,0.40908315777778625
40276,1124210,5363821,0.4090666174888611
40277,1124210,352993,0.4090080261230469
40278,1124210,8167958,0.40873223543167114
40279,1124210,1756564,0.40872907638549805
40280,1124210,6992541,0.4086706340312958
40281,1124210,8167957,0.4085204601287842
40282,1124210,3031379,0.4080955684185028
40283,1124210,191102,0.4079570770263672
40284,1124210,29426,0.40785032510757446
40285,1124210,5053212,0.4078024625778198
40286,1124210,607910,0.4075589179992676
40287,1124210,6171531,0.40749403834342957
40288,1124210,2131825,0.4074088931083679
40289,1124210,7526585,0.40724748373031616
40290,1124210,305997,0.40721553564071655
40291,1124210,1831413,0.40700453519821167
40292,1124210,3557934,0.4069581627845764
40293,1124210,4706423,0.4066648781299591
40294,1124210,6188652,0.40664780139923096
40295,1124210,6215751,0.40664780139923096
40296,1124210,2258593,0.40651458501815796
40297,1124210,4616435,0.4063882529735565
40298,1124210,187299,0.4060870409011841
40299,1124210,8512684,0.40602174401283264
40300,1124210,1702007,0.4059832990169525
40301,1124210,2303839,0.40566113591194153
40302,1124210,3745219,0.40563297271728516
40303,1124210,4231668,0.40551090240478516
40304,1124210,4957843,0.40538933873176575
40305,1124210,1383616,0.4051069915294647
40306,1124210,3441694,0.40498676896095276
40307,1124210,7448451,0.4048216938972473
40308,1124210,2907416,0.40480369329452515
40309,1124210,4867657,0.4046846330165863
40310,1124210,3060541,0.40456801652908325
40311,1124210,2989241,0.40451979637145996
40312,1124210,3057002,0.4045150876045227
40313,1124210,4232136,0.40422695875167847
40314,1124210,371354,0.40418532490730286
40315,1124210,7832731,0.40391916036605835
40316,1124210,7441578,0.4037400484085083
40317,1124210,2303838,0.4036455750465393
40318,1124210,7698250,0.4033231735229492
40319,1124210,3031377,0.403266966342926
40320,1124210,1532281,0.4031223952770233
40321,1124210,7890581,0.402912974357605
40322,1124210,6171103,0.40284407138824463
40323,1124210,5011609,0.40278929471969604
40324,1124210,4817187,0.4027107059955597
40325,1124210,3375842,0.4023796021938324
40326,1124210,7205923,0.40233680605888367
40327,1124210,8818060,0.4022814929485321
40328,1124210,1788130,0.40219977498054504
40329,1124210,3680800,0.4019678831100464
40330,1124210,6985738,0.40181171894073486
40331,1124210,847212,0.4017674922943115
40332,1124210,2463790,0.40170153975486755
40333,1124210,6257501,0.4013369679450989
40334,1124210,2632285,0.4013369679450989
40335,1124210,1120858,0.40129879117012024
40336,1124210,2423022,0.40112704038619995
40337,1124210,6213221,0.40112587809562683
40338,1124210,7081903,0.40107306838035583
40339,1124210,1296795,0.40071502327919006
40340,1124210,2541684,0.4004504680633545
40341,1124210,6185157,0.4002191424369812
40342,1124210,1398228,0.4001152515411377
40343,1124210,954981,0.40008455514907837
40344,1124210,555787,0.3999977111816406
40345,1124210,4425457,0.39994966983795166
40346,1124210,2632287,0.3999459743499756
40347,1124210,5366910,0.399846613407135
40348,1124210,273565,0.3996269702911377
40349,1124210,3446172,0.39958223700523376
40350,1124210,273571,0.3995784521102905
40351,1124210,7527211,0.3995351493358612
40352,1124210,3557935,0.3994540274143219
40353,1124210,7205919,0.39938801527023315
40354,1124210,1639129,0.39916303753852844
40355,1124210,4266454,0.39881259202957153
40356,1124210,3544643,0.3987405300140381
40357,1124210,3871209,0.3987279236316681
40358,1124210,6116765,0.39869552850723267
40359,1124210,2786115,0.39856505393981934
40360,1124210,1135570,0.3985618054866791
40361,1124210,3907023,0.39848703145980835
40362,1124210,702619,0.3983861804008484
40363,1124210,7566677,0.3983757495880127
40364,1124210,7748122,0.3983197808265686
40365,1124210,5363820,0.3982984721660614
40366,1124210,7443583,0.39828258752822876
40367,1124210,1702009,0.39824628829956055
40368,1124210,2950686,0.39804691076278687
40369,1124210,2511020,0.3979640603065491
40370,1124210,5303914,0.3979634940624237
40371,1124210,7026371,0.3977031707763672
40372,1124210,5423853,0.39769065380096436
40373,1124210,4191080,0.3976343274116516
40374,1124210,4832122,0.3975871205329895
40375,1124210,3046384,0.3973107933998108
40376,1124210,2277920,0.39719539880752563
40377,1124210,5936535,0.39663130044937134
40378,1124210,4867656,0.39656299352645874
40379,1124210,7206255,0.39645713567733765
40380,1124210,8164645,0.3963484466075897
40381,1124210,191096,0.3963072896003723
40382,1124210,1517168,0.3962761461734772
40383,1124210,1612620,0.3962641656398773
40384,1124210,2796551,0.39620745182037354
40385,1124210,3335156,0.3961601257324219
40386,1124210,7738978,0.3959606885910034
40387,1124210,8512685,0.39578723907470703
40388,1124210,3046379,0.39571070671081543
40389,1124210,292650,0.3957020044326782
40390,1124210,7748120,0.3956204652786255
40391,1124210,6058281,0.3956146836280823
40392,1124210,8471099,0.3955674469470978
40393,1124210,5325752,0.39554840326309204
40394,1124210,352987,0.39547884464263916
40395,1124210,546162,0.39547550678253174
40396,1124210,2199999,0.3950865864753723
40397,1124210,6188658,0.3949615955352783
40398,1124210,7208699,0.3949388265609741
40399,1124210,535206,0.3948761224746704
40400,1124210,3157882,0.39485102891921997
40401,1124210,2199997,0.39469313621520996
40402,1124210,1831411,0.39466360211372375
40403,1124210,2480922,0.39430946111679077
40404,1124210,702622,0.3943083882331848
40405,1124210,5446065,0.39425474405288696
40406,1124210,5681257,0.3942260146141052
40407,1124210,4958352,0.3942165672779083
40408,1124210,181175,0.39350956678390503
40409,1124210,1831420,0.39346766471862793
40410,1124210,7493428,0.393446147441864
40411,1124210,4232138,0.39330345392227173
40412,1124210,4433574,0.3932446241378784
40413,1124210,443350,0.39310771226882935
40414,1124210,1692482,0.3930428624153137
40415,1124210,7229020,0.3929865062236786
40416,1124210,6814015,0.3929070830345154
40417,1124210,6992538,0.39282143115997314
40418,1124210,8689501,0.39277350902557373
40419,1124210,3721923,0.3927695155143738
40420,1124210,2732202,0.3927406072616577
40421,1124210,1512496,0.39258551597595215
40422,1124210,2131829,0.39237940311431885
40423,1124210,724550,0.39211079478263855
40424,1124210,8208913,0.3920910358428955
40425,1124210,3556831,0.39188718795776367
40426,1124210,5645042,0.39186105132102966
40427,1124210,1517171,0.3917997479438782
40428,1124210,3790382,0.3917853832244873
40429,1124210,5380649,0.3916105628013611
40430,1124210,8492305,0.3915238380432129
40431,1124210,4840518,0.3914153575897217
40432,1124210,7851121,0.3914037048816681
40433,1124210,5067275,0.39139795303344727
40434,1124210,4317905,0.3912176489830017
40435,1124210,2605476,0.391060471534729
40436,1124210,8452650,0.39068403840065
40437,1124210,7404637,0.39018571376800537
40438,1124210,4840519,0.3901645541191101
40439,1124210,6683735,0.39002475142478943
40440,1124210,7760476,0.3899010419845581
40441,1124210,2145891,0.38985148072242737
40442,1124210,1270494,0.3897137939929962
40443,1124210,5281847,0.3896940350532532
40444,1124210,8130938,0.3896406888961792
40445,1124210,8731576,0.3895827531814575
40446,1124210,6685727,0.38952913880348206
40447,1124210,3721922,0.3895111083984375
40448,1124210,2632289,0.3895077109336853
40449,1124210,6516254,0.389335572719574
40450,1124210,8481895,0.38904714584350586
40451,1124210,5871698,0.3890356123447418
40452,1124210,8651449,0.38903170824050903
40453,1124210,7746537,0.3890300393104553
40454,1124210,7208695,0.38884687423706055
40455,1124210,3192764,0.3887729048728943
40456,1124210,4468556,0.38861942291259766
40457,1124210,1756572,0.38860023021698
40458,1124210,2872103,0.3885214924812317
40459,1124210,4078595,0.38842523097991943
40460,1124210,1692486,0.38838353753089905
40461,1124210,6172881,0.3883326053619385
40462,1124210,83427,0.3882561922073364
40463,1124210,6552718,0.3882253170013428
40464,1124210,3162331,0.38819611072540283
40465,1124210,2538746,0.38814711570739746
40466,1124210,7748123,0.3879660964012146
40467,1124210,2754116,0.38794922828674316
40468,1124210,7491130,0.3879486322402954
40469,1124210,8208917,0.38762539625167847
40470,1124210,7912783,0.38757044076919556
40471,1124210,1918903,0.38746845722198486
40472,1124210,4933771,0.38745906949043274
40473,1124210,3475202,0.3874059319496155
40474,1124210,3464907,0.38718748092651367
40475,1124210,8813920,0.38714146614074707
40476,1124210,2307124,0.3870776295661926
40477,1124210,682166,0.38706523180007935
40478,1124210,1095455,0.3870002031326294
40479,1124210,5940135,0.38686051964759827
40480,1124210,6263922,0.3867223262786865
40481,1124210,6814017,0.38668179512023926
40482,1124210,4516703,0.3866322338581085
40483,1124210,7077002,0.3865569233894348
40484,1124210,7581154,0.38641589879989624
40485,1124210,3056247,0.3861822783946991
40486,1124210,1296793,0.38579899072647095
40487,1124210,6292075,0.3857700526714325
40488,1124210,593530,0.38575470447540283
40489,1124210,4256277,0.385750949382782
40490,1124210,77732,0.3856690526008606
40491,1124210,371355,0.38558530807495117
40492,1124210,148961,0.38555729389190674
40493,1124210,6661565,0.38546645641326904
40494,1124210,8689500,0.3853200078010559
40495,1124210,466519,0.38525837659835815
40496,1124210,1362725,0.38522619009017944
40497,1124210,7271771,0.38522177934646606
40498,1124210,5162697,0.38516342639923096
40499,1124210,2796546,0.38508906960487366
40500,1124210,2307132,0.3848439157009125
40501,1124210,7205585,0.3847893476486206
40502,1124210,7203367,0.3847191333770752
40503,1124210,6882263,0.38462182879447937
40504,1124210,8049202,0.3845941424369812
40505,1124210,795663,0.3844009041786194
40506,1124210,841745,0.3842938244342804
40507,1124210,6215754,0.3842755854129791
40508,1124210,5032131,0.3842235803604126
40509,1124210,3725761,0.3842132091522217
40510,1124210,3928439,0.3842085003852844
40511,1124210,3297473,0.3841902017593384
40512,1124210,6186850,0.3840353488922119
40513,1124210,473763,0.38396766781806946
40514,1124210,5500812,0.38396579027175903
40515,1124210,6552719,0.3839574456214905
40516,1124210,7205920,0.3838774561882019
40517,1124210,399841,0.3838772773742676
40518,1124210,6186810,0.38380634784698486
40519,1124210,5956339,0.3836427628993988
40520,1124210,6748036,0.3836261034011841
40521,1124210,6635925,0.38356471061706543
40522,1124210,3759378,0.3834921717643738
40523,1124210,2231587,0.38340485095977783
40524,1124210,1362719,0.383392333984375
40525,1124210,2169810,0.38337695598602295
40526,1124210,305994,0.3831935524940491
40527,1124210,2307129,0.3831902742385864
40528,1124210,2965050,0.3830960988998413
40529,1124210,7899266,0.3830326199531555
40530,1124210,7794956,0.3829849064350128
40531,1124210,3520552,0.38295474648475647
40532,1124210,2287055,0.38267356157302856
40533,1124210,2262004,0.3826710283756256
40534,1124210,5281850,0.3826047480106354
40535,1124210,835938,0.3825821578502655
40536,1124210,4794723,0.3822895586490631
40537,1124210,1752783,0.3820004165172577
40538,1124210,1181595,0.3819691240787506
40539,1124210,2693769,0.38181358575820923
40540,1124210,1398227,0.3817782402038574
40541,1124210,2303840,0.3816615343093872
40542,1124210,6237742,0.38165587186813354
40543,1124210,5787366,0.38163653016090393
40544,1124210,3313094,0.3816160559654236
40545,1124210,6744135,0.38161271810531616
40546,1124210,2750404,0.38157808780670166
40547,1124210,4380149,0.3815757632255554
40548,1124210,1194684,0.38144421577453613
40549,1124210,8208910,0.3814410865306854
40550,1124210,6226143,0.3814346492290497
40551,1124210,3061156,0.38142573833465576
40552,1124210,5125019,0.3811032176017761
40553,1124210,3446165,0.38107919692993164
40554,1124210,4482578,0.3810366988182068
40555,1124210,2279888,0.380900114774704
40556,1124210,6188653,0.3808722496032715
40557,1124210,1478384,0.380847692489624
40558,1124210,6935494,0.3807201385498047
40559,1124210,3543060,0.38069361448287964
40560,1124210,7929349,0.3806731104850769
40561,1124210,6853400,0.38060981035232544
40562,1124210,4074151,0.38043326139450073
40563,1124210,7208697,0.3803505003452301
40564,1124210,4315614,0.3803282082080841
40565,1124210,8435961,0.3803062438964844
40566,1124210,6992536,0.38025185465812683
40567,1124210,3031376,0.3802453875541687
40568,1124210,4262367,0.38020676374435425
40569,1124210,648874,0.38015156984329224
40570,1124210,2109586,0.38007402420043945
40571,1124210,3184548,0.38007181882858276
40572,1124210,8435963,0.37996309995651245
40573,1124210,5787367,0.37995296716690063
40574,1124210,847216,0.3797837495803833
40575,1124210,3313088,0.3797600269317627
40576,1124210,618460,0.3797164261341095
40577,1124210,4426198,0.37965893745422363
40578,1124210,7747314,0.3796128034591675
40579,1124210,7710810,0.3796098232269287
40580,1124210,5439623,0.3795800805091858
40581,1124210,5622677,0.3794245421886444
40582,1124210,4936310,0.3794245421886444
40583,1124210,6293035,0.3792998194694519
40584,1124210,3056999,0.3790961503982544
40585,1124210,3552382,0.3790295720100403
40586,1124210,847218,0.3789842426776886
40587,1124210,2985501,0.37893980741500854
40588,1124210,2762392,0.3788392245769501
40589,1124210,5940132,0.3787466883659363
40590,1124210,360499,0.3786930739879608
40591,1124210,7775824,0.37868666648864746
40592,1124210,6762779,0.378610223531723
40593,1124210,1265758,0.3785291612148285
40594,1124210,6291965,0.3784361779689789
40595,1124210,2319295,0.378352552652359
40596,1124210,3466956,0.3783235549926758
40597,1124210,7696432,0.37816259264945984
40598,1124210,51005,0.37811166048049927
40599,1124210,6010193,0.37801724672317505
40600,1124210,5098941,0.3780074417591095
40601,1124210,4346681,0.37798088788986206
40602,1124210,8204962,0.37794774770736694
40603,1124210,7788936,0.37778472900390625
40604,1124210,5061652,0.3776162266731262
40605,1124210,6410392,0.37760114669799805
40606,1124210,6121207,0.37759971618652344
40607,1124210,4348095,0.3774237632751465
40608,1124210,7630997,0.3773786425590515
40609,1124210,5730354,0.37737399339675903
40610,1124210,1702003,0.3773561120033264
40611,1124210,4204387,0.3772617280483246
40612,1124210,4526485,0.3772372603416443
40613,1124210,475035,0.3771349787712097
40614,1124210,7633411,0.37703314423561096
40615,1124210,3715295,0.376980185508728
40616,1124210,7832727,0.37697911262512207
40617,1124210,1517173,0.3769463896751404
40618,1124210,6774115,0.37691187858581543
40619,1124210,5787365,0.3768797814846039
40620,1124210,1898503,0.3768036961555481
40621,1124210,4191086,0.3766772747039795
40622,1124210,3214849,0.3766694664955139
40623,1124210,1362722,0.37650805711746216
40624,1124210,3880119,0.3763916790485382
40625,1124210,2303841,0.3763185739517212
40626,1124210,4298186,0.3762827217578888
40627,1124210,1646197,0.3762587010860443
40628,1124210,8026735,0.3761133551597595
40629,1124210,4658303,0.37611037492752075
40630,1124210,1775741,0.37609636783599854
40631,1124210,3573857,0.3760482668876648
40632,1124210,5011611,0.37599602341651917
40633,1124210,3442612,0.3759581744670868
40634,1124210,2785601,0.37594419717788696
40635,1124210,6848239,0.37592172622680664
40636,1124210,344454,0.37583839893341064
40637,1124210,3630724,0.3758172392845154
40638,1124210,7164983,0.37578004598617554
40639,1124210,7427726,0.37573957443237305
40640,1124210,8470686,0.37561649084091187
40641,1124210,4480336,0.3756113648414612
40642,1124210,3255218,0.3755781054496765
40643,1124210,5281851,0.37543541193008423
40644,1124210,7276355,0.37538957595825195
40645,1124210,405798,0.3753877878189087
40646,1124210,4957841,0.3753461241722107
40647,1124210,4550999,0.37528520822525024
40648,1124210,601504,0.3752613663673401
40649,1124210,555791,0.3748946785926819
40650,1124210,7566679,0.3748287260532379
40651,1124210,5940134,0.3748248219490051
40652,1124210,5039696,0.37469905614852905
40653,1124210,2258594,0.3746962547302246
40654,1124210,6993165,0.37455064058303833
40655,1124210,6853402,0.37453949451446533
40656,1124210,358462,0.37443265318870544
40657,1124210,3552384,0.3742396831512451
40658,1124210,6534096,0.37404122948646545
40659,1124210,3573854,0.3739892244338989
40660,1124210,4466451,0.37394917011260986
40661,1124210,3250949,0.37390491366386414
40662,1124210,1704258,0.3738759458065033
40663,1124210,2798441,0.3738033175468445
40664,1124210,1692485,0.373722642660141
40665,1124210,3285927,0.37370893359184265
40666,1124210,5721684,0.3736681342124939
40667,1124210,3928435,0.3736499547958374
40668,1124210,5784910,0.37357720732688904
40669,1124210,4726785,0.37355026602745056
40670,1124210,833421,0.37350913882255554
40671,1124210,2291023,0.37345582246780396
40672,1124210,7483517,0.37322375178337097
40673,1124210,935297,0.3732069730758667
40674,1124210,6253808,0.37310993671417236
40675,1124210,5432057,0.3730464577674866
40676,1124210,3520556,0.372958779335022
40677,1124210,195462,0.3728393018245697
40678,1124210,4801857,0.3727415204048157
40679,1124210,4573651,0.3727402091026306
40680,1124210,6736217,0.37268534302711487
40681,1124210,1362723,0.3726523518562317
40682,1124210,7034730,0.37264686822891235
40683,1124210,3245133,0.3726440370082855
40684,1124210,3182307,0.37262552976608276
40685,1124210,4346682,0.37260234355926514
40686,1124210,5279369,0.37260234355926514
40687,1124210,4191085,0.3725660443305969
40688,1124210,5993282,0.37254995107650757
40689,1124210,1798431,0.37254035472869873
40690,1124210,1822899,0.3724578320980072
40691,1124210,3980135,0.3724488615989685
40692,1124210,2605480,0.3724425435066223
40693,1124210,2568334,0.3724156618118286
40694,1124210,8731571,0.37239760160446167
40695,1124210,3253494,0.3722960352897644
40696,1124210,2096039,0.37228038907051086
40697,1124210,2662192,0.3722498416900635
40698,1124210,7229021,0.37222927808761597
40699,1124210,2096041,0.3722001910209656
40700,1124210,1722551,0.37219202518463135
40701,1124210,3520555,0.37218213081359863
40702,1124210,6765539,0.37212634086608887
40703,1124210,2583803,0.3720622658729553
40704,1124210,5241636,0.3720090389251709
40705,1124210,6263924,0.37199437618255615
40706,1124210,4914868,0.3719840347766876
40707,1124210,4695589,0.37196797132492065
40708,1124210,4772896,0.37195876240730286
40709,1124210,8512682,0.37188905477523804
40710,1124210,8168164,0.3718792796134949
40711,1124210,305991,0.37181222438812256
40712,1124210,3475197,0.3718043565750122
40713,1124210,546160,0.3718043565750122
40714,1124210,6293032,0.37175193428993225
40715,1124210,6218222,0.3715689182281494
40716,1124210,1263048,0.37152189016342163
40717,1124210,6277809,0.37148112058639526
40718,1124210,7756783,0.3714696168899536
40719,1124210,8692074,0.3714137077331543
40720,1124210,6575937,0.371387779712677
40721,1124210,754974,0.3713867962360382
40722,1124210,61131,0.37132528424263
40723,1124210,6915412,0.37125158309936523
40724,1124210,3722760,0.3712311387062073
40725,1124210,4772889,0.3710910677909851
40726,1124210,8596881,0.3710821270942688
40727,1124210,6363759,0.3710166811943054
40728,1124210,737625,0.3709205389022827
40729,1124210,7829151,0.3708820939064026
40730,1124210,8736349,0.3708347976207733
40731,1124210,7278511,0.3706977069377899
40732,1124210,1375876,0.3706932067871094
40733,1124210,4899804,0.37063491344451904
40734,1124210,6165648,0.37063154578208923
40735,1124210,2646271,0.3706163167953491
40736,1124210,4519583,0.3706058859825134
40737,1124210,4980247,0.37060388922691345
40738,1124210,1833526,0.37054210901260376
40739,1124210,2200003,0.37031084299087524
40740,1124210,5279230,0.3702802062034607
40741,1124210,6648442,0.37026864290237427
40742,1124210,1646205,0.37020498514175415
40743,1124210,1756567,0.3701934814453125
40744,1124210,8813921,0.37013381719589233
40745,1124210,5067272,0.37011438608169556
40746,1124210,7080833,0.3700893223285675
40747,1124210,5320777,0.370008647441864
40748,1124210,6722599,0.36995089054107666
40749,1124210,8172943,0.3698800206184387
40750,1124210,5358659,0.3697272539138794
40751,1124210,389377,0.36970430612564087
40752,1124210,171172,0.36970311403274536
40753,1124210,3475195,0.36969801783561707
40754,1124210,3214852,0.3695226013660431
40755,1124210,5928119,0.36946672201156616
40756,1124210,5693722,0.3694615960121155
40757,1124210,3313089,0.36946016550064087
40758,1124210,3060536,0.36946016550064087
40759,1124210,3056246,0.3693843483924866
40760,1124210,2019787,0.3693753480911255
40761,1124210,4468564,0.36931490898132324
40762,1124210,7568974,0.3693033754825592
40763,1124210,3926931,0.36929237842559814
40764,1124210,4057441,0.3690805435180664
40765,1124210,3034155,0.36903417110443115
40766,1124210,3401092,0.36900991201400757
40767,1124210,2872109,0.3689515292644501
40768,1124210,1935514,0.36892688274383545
40769,1124210,7817453,0.36890909075737
40770,1124210,6363265,0.36890357732772827
40771,1124210,4468254,0.36889004707336426
40772,1124210,4062231,0.3688632547855377
40773,1124210,729900,0.3687506318092346
40774,1124210,4752294,0.3687465190887451
40775,1124210,6225167,0.3687041997909546
40776,1124210,6171525,0.3686533570289612
40777,1124210,1966739,0.36856764554977417
40778,1124210,8404318,0.3685474395751953
40779,1124210,5737504,0.3685358762741089
40780,1124210,2498348,0.3685142695903778
40781,1124210,7729464,0.36848971247673035
40782,1124210,4821275,0.36847612261772156
40783,1124210,2338315,0.3684666156768799
40784,1124210,2231594,0.3684315085411072
40785,1124210,3300052,0.3684173822402954
40786,1124210,7566673,0.3684149384498596
40787,1124210,8692709,0.3683127760887146
40788,1124210,7124908,0.36829426884651184
40789,1124210,3182311,0.36828240752220154
40790,1124210,3110824,0.3682439625263214
40791,1124210,2121434,0.36813151836395264
40792,1124210,8478418,0.3680855333805084
40793,1124210,786829,0.368027925491333
40794,1124210,3900678,0.3679615259170532
40795,1124210,4565512,0.3679584860801697
40796,1124210,2127327,0.36794906854629517
40797,1124210,624340,0.36794766783714294
40798,1124210,220658,0.36794766783714294
40799,1124210,1356201,0.3679463267326355
40800,1124210,7729465,0.3679065704345703
40801,1124210,7109335,0.36789068579673767
40802,1124210,5032711,0.3678830564022064
40803,1124210,7566678,0.3678508698940277
40804,1124210,4329802,0.36776790022850037
40805,1124210,8166775,0.36775827407836914
40806,1124210,8758132,0.3677419424057007
40807,1124210,902220,0.36773207783699036
40808,1124210,4453990,0.36771315336227417
40809,1124210,2115086,0.36769595742225647
40810,1124210,4204393,0.3676937222480774
40811,1124210,3546598,0.36760592460632324
40812,1124210,1635416,0.36759305000305176
40813,1124210,7568978,0.3675829768180847
40814,1124210,294023,0.3675828278064728
40815,1124210,5936855,0.36756014823913574
40816,1124210,3152169,0.3674640953540802
40817,1124210,2258597,0.3673788905143738
40818,1124210,6500225,0.3673781156539917
40819,1124210,2297453,0.36719805002212524
40820,1124210,3745218,0.3671785593032837
40821,1124210,3702001,0.36716288328170776
40822,1124210,239224,0.36716195940971375
40823,1124210,4372913,0.36713701486587524
40824,1124210,5279374,0.36710014939308167
40825,1124210,1375879,0.36707133054733276
40826,1124210,3907021,0.3670453429222107
40827,1124210,1251140,0.3669895529747009
40828,1124210,273564,0.3669692277908325
40829,1124210,4186285,0.3669477701187134
40830,1124210,2395825,0.366926908493042
40831,1124210,5045704,0.36688292026519775
40832,1124210,2043172,0.36687564849853516
40833,1124210,8493701,0.36680012941360474
40834,1124210,3852513,0.36678346991539
40835,1124210,2307126,0.36675524711608887
40836,1124210,5241632,0.36670607328414917
40837,1124210,4970876,0.3666965365409851
40838,1124210,2199995,0.36666804552078247
40839,1124210,7597732,0.3665277361869812
40840,1124210,6748033,0.36649733781814575
40841,1124210,548381,0.36644378304481506
40842,1124210,4030353,0.3663972318172455
40843,1124210,5645047,0.36626100540161133
40844,1124210,1356207,0.36621496081352234
40845,1124210,148314,0.36619704961776733
40846,1124210,358463,0.36613139510154724
40847,1124210,8750143,0.3660648763179779
40848,1124210,3468973,0.3659905195236206
40849,1124210,4039978,0.3659037947654724
40850,1124210,7205583,0.3658939599990845
40851,1124210,2933812,0.36587363481521606
40852,1124210,6979375,0.3658576011657715
40853,1124210,3781323,0.3658246397972107
40854,1124210,3313090,0.36579638719558716
40855,1124210,3176363,0.36571741104125977
40856,1124210,3043793,0.36549800634384155
40857,1124210,2817180,0.3654900789260864
40858,1124210,2483375,0.3654775619506836
40859,1124210,1834049,0.36546337604522705
40860,1124210,1972855,0.3654572665691376
40861,1124210,2966931,0.3654407262802124
40862,1124210,6206775,0.3654155731201172
40863,1124210,4453988,0.3653116226196289
40864,1124210,3292216,0.36529627442359924
40865,1124210,4615549,0.36526086926460266
40866,1124210,1669323,0.3652490973472595
40867,1124210,1194683,0.3651413321495056
40868,1124210,3852510,0.36513450741767883
40869,1124210,5372811,0.36510810256004333
40870,1124210,1487841,0.3650735318660736
40871,1124210,7406189,0.365048348903656
40872,1124210,7443688,0.36500459909439087
40873,1124210,2662188,0.364998996257782
40874,1124210,1140413,0.364945650100708
40875,1124210,1897053,0.3648639917373657
40876,1124210,1198570,0.36484354734420776
40877,1124210,4904949,0.3648114800453186
40878,1124210,1628262,0.3647991716861725
40879,1124210,8686707,0.3647787868976593
40880,1124210,148318,0.36469876766204834
40881,1124210,7079839,0.364684522151947
40882,1124210,2152530,0.36465954780578613
40883,1124210,7216462,0.3646314740180969
40884,1124210,2532560,0.36456575989723206
40885,1124210,5875668,0.3645476698875427
40886,1124210,3187964,0.3645322322845459
40887,1124210,5938407,0.36447596549987793
40888,1124210,4526484,0.3644651770591736
40889,1124210,7205584,0.3643445670604706
40890,1124210,3110826,0.36433345079421997
40891,1124210,6628459,0.36433112621307373
40892,1124210,2632290,0.36431995034217834
40893,1124210,5505529,0.3642563223838806
40894,1124210,5414165,0.36423781514167786
40895,1124210,3313091,0.3641846776008606
40896,1124210,3944483,0.36417287588119507
40897,1124210,8509834,0.36413031816482544
40898,1124210,3254307,0.3641234040260315
40899,1124210,8810085,0.3640527129173279
40900,1124210,8018482,0.36402860283851624
40901,1124210,1417888,0.36396360397338867
40902,1124210,8471094,0.3639466166496277
40903,1124210,2775653,0.3639044165611267
40904,1124210,6270084,0.363821804523468
40905,1124210,7829155,0.36380767822265625
40906,1124210,6978402,0.3637046813964844
40907,1124210,1798435,0.3636687397956848
40908,1124210,7580717,0.3636370897293091
40909,1124210,6336250,0.3634815514087677
40910,1124210,3263934,0.3634607493877411
40911,1124210,4671322,0.3634423017501831
40912,1124210,2359661,0.3634292483329773
40913,1124210,5041883,0.3633193373680115
40914,1124210,3937730,0.36326831579208374
40915,1124210,8560937,0.36320433020591736
40916,1124210,794470,0.36317139863967896
40917,1124210,3621352,0.3630703389644623
40918,1124210,4191082,0.36304599046707153
40919,1124210,1831414,0.36303988099098206
40920,1124210,7124903,0.36303791403770447
40921,1124210,4622440,0.3630315959453583
40922,1124210,3484974,0.3628355860710144
40923,1124210,7789264,0.36283397674560547
40924,1124210,5446063,0.36281317472457886
40925,1124210,7079836,0.3627743124961853
40926,1124210,1517172,0.36276695132255554
40927,1124210,3027283,0.3627631366252899
40928,1124210,4768597,0.36275073885917664
40929,1124210,6165652,0.3627334535121918
40930,1124210,4945635,0.3627118468284607
40931,1124210,3292223,0.3626970648765564
40932,1124210,7786593,0.3626939654350281
40933,1124210,3031383,0.3626762926578522
40934,1124210,2166436,0.3625261187553406
40935,1124210,2127329,0.36251547932624817
40936,1124210,4227960,0.36249905824661255
40937,1124210,1646196,0.36246275901794434
40938,1124210,729891,0.3624284863471985
40939,1124210,6671055,0.36239874362945557
40940,1124210,2287062,0.36235687136650085
40941,1124210,1583071,0.36233264207839966
40942,1124210,786836,0.36228740215301514
40943,1124210,500705,0.36225008964538574
40944,1124210,5938412,0.3621741533279419
40945,1124210,4186280,0.3621484935283661
40946,1124210,3724402,0.3621116876602173
40947,1124210,3573849,0.3619645833969116
40948,1124210,29401,0.3619260787963867
40949,1124210,6765542,0.361922025680542
40950,1124210,6684855,0.361913800239563
40951,1124210,7788935,0.3619016408920288
40952,1124210,7920666,0.3618769645690918
40953,1124210,8756362,0.3618447780609131
40954,1124210,5915193,0.36184197664260864
40955,1124210,4801853,0.36177846789360046
40956,1124210,439688,0.36177510023117065
40957,1124210,358242,0.3617442846298218
40958,1124210,1362724,0.36166703701019287
40959,1124210,7875278,0.36162883043289185
40960,1124210,2541687,0.3615927994251251
40961,1124210,4535555,0.3615766763687134
40962,1124210,3211525,0.36150872707366943
40963,1124210,3680803,0.36138665676116943
40964,1124210,1812400,0.36135968565940857
40965,1124210,3250951,0.3612397015094757
40966,1124210,8244808,0.3612348139286041
40967,1124210,2616387,0.36110925674438477
40968,1124210,3874016,0.3610779047012329
40969,1124210,1191306,0.3610544800758362
40970,1124210,4347361,0.3609941303730011
40971,1124210,4361432,0.3609580099582672
40972,1124210,4361435,0.36091092228889465
40973,1124210,4142389,0.3608715534210205
40974,1124210,6669440,0.36085033416748047
40975,1124210,492227,0.3608270287513733
40976,1124210,3670024,0.3608057498931885
40977,1124210,3361014,0.3607773780822754
40978,1124210,6031331,0.3607591688632965
40979,1124210,7905003,0.36066901683807373
40980,1124210,2266845,0.360623300075531
40981,1124210,7080837,0.36060258746147156
40982,1124210,8168092,0.3605400323867798
40983,1124210,1775740,0.36051779985427856
40984,1124210,2889107,0.3605037331581116
40985,1124210,926565,0.360432505607605
40986,1124210,795662,0.3603862226009369
40987,1124210,2565427,0.36034834384918213
40988,1124210,3138676,0.3603207468986511
40989,1124210,3289568,0.36029475927352905
40990,1124210,4794727,0.3602582812309265
40991,1124210,482615,0.3602207899093628
40992,1124210,2353957,0.36021706461906433
40993,1124210,4026628,0.360209584236145
40994,1124210,8643069,0.36015060544013977
40995,1124210,2609258,0.3600882589817047
40996,1124210,3086642,0.3600553274154663
40997,1124210,4389519,0.3600550591945648
40998,1124210,4772890,0.36002683639526367
40999,1124210,6774114,0.3600136637687683
41000,1129237,8588219,0.7802090048789978
41001,1129237,8588226,0.7729535102844238
41002,1129237,128984,0.7417916059494019
41003,1129237,8588222,0.6790742874145508
41004,1129237,4254811,0.678935706615448
41005,1129237,128989,0.6774413585662842
41006,1129237,4915547,0.6535098552703857
41007,1129237,5906130,0.6526268124580383
41008,1129237,3905057,0.6523644328117371
41009,1129237,2697752,0.6514308452606201
41010,1129237,4254816,0.6513220071792603
41011,1129237,998748,0.6253894567489624
41012,1129237,1770027,0.622876763343811
41013,1129237,7911557,0.6211115717887878
41014,1129237,8253513,0.620582103729248
41015,1129237,461837,0.6180981397628784
41016,1129237,998751,0.6120328903198242
41017,1129237,6080460,0.6104345917701721
41018,1129237,3905802,0.6075158715248108
41019,1129237,6994894,0.6062331199645996
41020,1129237,7350325,0.5996577739715576
41021,1129237,2015112,0.5995492935180664
41022,1129237,7812954,0.5976905822753906
41023,1129237,4003051,0.594186544418335
41024,1129237,1160807,0.5915539860725403
41025,1129237,7860569,0.5890064239501953
41026,1129237,5619502,0.5885056257247925
41027,1129237,3641168,0.5882688760757446
41028,1129237,8647741,0.5878984332084656
41029,1129237,3683096,0.5876019597053528
41030,1129237,2522500,0.587579607963562
41031,1129237,8378636,0.5865488648414612
41032,1129237,6324738,0.5855274200439453
41033,1129237,4254815,0.5846960544586182
41034,1129237,6063089,0.5836572647094727
41035,1129237,1904270,0.5770425200462341
41036,1129237,6994891,0.5762901306152344
41037,1129237,6337006,0.5729727745056152
41038,1129237,4621198,0.5729095339775085
41039,1129237,493608,0.5725951790809631
41040,1129237,1857133,0.5720629096031189
41041,1129237,2697746,0.5715552568435669
41042,1129237,1373688,0.5711924433708191
41043,1129237,1974178,0.5703920125961304
41044,1129237,806653,0.570176362991333
41045,1129237,2500885,0.5682056546211243
41046,1129237,5805082,0.5666418671607971
41047,1129237,4787274,0.5645122528076172
41048,1129237,6813657,0.5637600421905518
41049,1129237,6063090,0.5626837611198425
41050,1129237,6287382,0.5613006949424744
41051,1129237,1296731,0.561044454574585
41052,1129237,824966,0.5607321262359619
41053,1129237,3054739,0.5597763657569885
41054,1129237,7248784,0.5584108829498291
41055,1129237,5072731,0.558059811592102
41056,1129237,7377297,0.5571398735046387
41057,1129237,3792420,0.5566242933273315
41058,1129237,5127617,0.5562858581542969
41059,1129237,8450766,0.5562068223953247
41060,1129237,3352746,0.5554614663124084
41061,1129237,8596875,0.5551705360412598
41062,1129237,7371126,0.5545791387557983
41063,1129237,729545,0.5543715953826904
41064,1129237,2155917,0.554272472858429
41065,1129237,1959030,0.5521469116210938
41066,1129237,1049122,0.5520197749137878
41067,1129237,5805083,0.5509297251701355
41068,1129237,5187915,0.5507417321205139
41069,1129237,8142912,0.5506900548934937
41070,1129237,2015109,0.548940122127533
41071,1129237,5511826,0.5488661527633667
41072,1129237,5127616,0.5486069917678833
41073,1129237,2335406,0.5484392642974854
41074,1129237,7903450,0.5482799410820007
41075,1129237,3016191,0.5481589436531067
41076,1129237,4699810,0.5479973554611206
41077,1129237,2015110,0.547987699508667
41078,1129237,191258,0.5469317436218262
41079,1129237,3491395,0.545372486114502
41080,1129237,1987142,0.5451398491859436
41081,1129237,6969789,0.5447112321853638
41082,1129237,2161219,0.5445916056632996
41083,1129237,1904271,0.5444953441619873
41084,1129237,5779465,0.5444635152816772
41085,1129237,6591945,0.5438288450241089
41086,1129237,128982,0.5426089763641357
41087,1129237,262483,0.5422251224517822
41088,1129237,5805087,0.5421285629272461
41089,1129237,8588223,0.5417230129241943
41090,1129237,931707,0.5404384136199951
41091,1129237,396191,0.5394858121871948
41092,1129237,7901543,0.5391427874565125
41093,1129237,4254813,0.5381332039833069
41094,1129237,3905799,0.53769850730896
41095,1129237,2269064,0.5373104810714722
41096,1129237,2972725,0.5368596315383911
41097,1129237,3905804,0.5366840958595276
41098,1129237,2015115,0.5366342067718506
41099,1129237,2218291,0.5365826487541199
41100,1129237,729547,0.5358870625495911
41101,1129237,120308,0.5358149409294128
41102,1129237,3305863,0.5354942679405212
41103,1129237,1987143,0.5354711413383484
41104,1129237,2015117,0.5353266596794128
41105,1129237,5906135,0.5345581769943237
41106,1129237,2696926,0.5343332886695862
41107,1129237,4723973,0.5337634682655334
41108,1129237,6994893,0.5332900285720825
41109,1129237,6601990,0.5328922271728516
41110,1129237,2871773,0.5328680872917175
41111,1129237,6172874,0.5315005779266357
41112,1129237,3808540,0.531376838684082
41113,1129237,2013822,0.5310776233673096
41114,1129237,128990,0.5308916568756104
41115,1129237,4058112,0.5308650135993958
41116,1129237,992749,0.5307157039642334
41117,1129237,3575885,0.5303667783737183
41118,1129237,3905051,0.5302202701568604
41119,1129237,31425,0.5301046371459961
41120,1129237,8544441,0.5300441384315491
41121,1129237,3709425,0.5296194553375244
41122,1129237,3384334,0.5296158194541931
41123,1129237,4075171,0.5292922258377075
41124,1129237,1020793,0.5291503667831421
41125,1129237,4003056,0.5288444757461548
41126,1129237,6027052,0.5284037590026855
41127,1129237,2385230,0.5276262164115906
41128,1129237,1130213,0.5275774002075195
41129,1129237,6343521,0.5272250175476074
41130,1129237,5831784,0.5269306302070618
41131,1129237,5831781,0.5266289710998535
41132,1129237,1460921,0.5261766910552979
41133,1129237,6377246,0.5261633396148682
41134,1129237,1397394,0.5256391167640686
41135,1129237,3238465,0.5253617763519287
41136,1129237,618981,0.5251932740211487
41137,1129237,2188742,0.5251504778862
41138,1129237,4172174,0.5249232649803162
41139,1129237,8588224,0.5248031616210938
41140,1129237,6882285,0.5234677791595459
41141,1129237,6649534,0.5233640074729919
41142,1129237,1092187,0.523337721824646
41143,1129237,4003055,0.5231878757476807
41144,1129237,3787653,0.5227710008621216
41145,1129237,302210,0.5227442383766174
41146,1129237,7788682,0.5224463939666748
41147,1129237,6640165,0.5223649144172668
41148,1129237,3913821,0.5223265290260315
41149,1129237,1078475,0.5222447514533997
41150,1129237,5222444,0.5222157835960388
41151,1129237,5805086,0.5221598148345947
41152,1129237,7720449,0.5215787887573242
41153,1129237,2955243,0.5214410424232483
41154,1129237,1313224,0.5213775634765625
41155,1129237,7305137,0.5210018754005432
41156,1129237,3384332,0.5209915041923523
41157,1129237,7397082,0.5207223296165466
41158,1129237,2453794,0.5207123756408691
41159,1129237,262491,0.5204948782920837
41160,1129237,3064666,0.5198904275894165
41161,1129237,1720894,0.5198314189910889
41162,1129237,1889766,0.5198285579681396
41163,1129237,1432669,0.5197482705116272
41164,1129237,461835,0.5195904970169067
41165,1129237,2801279,0.5193396806716919
41166,1129237,8431281,0.5190569162368774
41167,1129237,4141009,0.5188854932785034
41168,1129237,8449112,0.5185540914535522
41169,1129237,8471171,0.5185407400131226
41170,1129237,2015118,0.5182436108589172
41171,1129237,4101353,0.5182300209999084
41172,1129237,6147919,0.517479658126831
41173,1129237,8750095,0.5169447660446167
41174,1129237,2801281,0.5167233347892761
41175,1129237,5299122,0.5163508057594299
41176,1129237,262487,0.5161207318305969
41177,1129237,2801277,0.5158289670944214
41178,1129237,5072725,0.5158021450042725
41179,1129237,1930036,0.5157735347747803
41180,1129237,5831788,0.5156436562538147
41181,1129237,5222445,0.5155074596405029
41182,1129237,3649330,0.5154242515563965
41183,1129237,2109711,0.5152802467346191
41184,1129237,3767237,0.5151053667068481
41185,1129237,4974610,0.5149939060211182
41186,1129237,6994898,0.5149818658828735
41187,1129237,5310848,0.5147650837898254
41188,1129237,1486730,0.5146886110305786
41189,1129237,6994892,0.514177680015564
41190,1129237,6618548,0.5140088200569153
41191,1129237,3028649,0.5139590501785278
41192,1129237,2275890,0.5138055682182312
41193,1129237,6903787,0.5138009190559387
41194,1129237,6363865,0.5132761001586914
41195,1129237,6669162,0.513244092464447
41196,1129237,3195739,0.5131210684776306
41197,1129237,933855,0.5131187438964844
41198,1129237,5644809,0.5130830407142639
41199,1129237,7091273,0.5129691362380981
41200,1129237,6601985,0.5126784443855286
41201,1129237,5906134,0.5125048160552979
41202,1129237,5916672,0.5120715498924255
41203,1129237,2154872,0.5119365453720093
41204,1129237,2913079,0.511931836605072
41205,1129237,1664863,0.5118790864944458
41206,1129237,6081082,0.5117813348770142
41207,1129237,2270037,0.5117311477661133
41208,1129237,4769972,0.5117077827453613
41209,1129237,6956014,0.5115278959274292
41210,1129237,4141012,0.5114819407463074
41211,1129237,6366866,0.511224091053009
41212,1129237,806651,0.5111746191978455
41213,1129237,4283932,0.5111579895019531
41214,1129237,7713162,0.51082444190979
41215,1129237,3831593,0.5101292133331299
41216,1129237,1904265,0.5101233720779419
41217,1129237,6771711,0.5100998878479004
41218,1129237,5906132,0.5100524425506592
41219,1129237,5891505,0.5098556280136108
41220,1129237,128988,0.5097299814224243
41221,1129237,8682824,0.5096830129623413
41222,1129237,4699813,0.5094814300537109
41223,1129237,5947261,0.5094543099403381
41224,1129237,1049898,0.5093522071838379
41225,1129237,2871772,0.5092838406562805
41226,1129237,2013864,0.5092247128486633
41227,1129237,2856200,0.509192705154419
41228,1129237,4185647,0.5091155767440796
41229,1129237,1313747,0.5090159177780151
41230,1129237,2152821,0.5087976455688477
41231,1129237,7812950,0.5086249113082886
41232,1129237,3352740,0.5084131956100464
41233,1129237,6287377,0.5082705020904541
41234,1129237,3016192,0.5079649686813354
41235,1129237,6674207,0.5077825784683228
41236,1129237,401112,0.5077773332595825
41237,1129237,4486837,0.5075536966323853
41238,1129237,350,0.5072716474533081
41239,1129237,806652,0.5072697997093201
41240,1129237,3361427,0.5072659850120544
41241,1129237,1793268,0.507264256477356
41242,1129237,7482392,0.5072485208511353
41243,1129237,6257776,0.5072318315505981
41244,1129237,2883170,0.5071300268173218
41245,1129237,1078472,0.5070114135742188
41246,1129237,5174951,0.5066421031951904
41247,1129237,6994895,0.5060785412788391
41248,1129237,3905800,0.5059452056884766
41249,1129237,1466380,0.5059415698051453
41250,1129237,1959032,0.5059163570404053
41251,1129237,2920177,0.5058186054229736
41252,1129237,4550375,0.5056787729263306
41253,1129237,2511837,0.5055192708969116
41254,1129237,5072726,0.5051643252372742
41255,1129237,1335585,0.5051532983779907
41256,1129237,607347,0.5042092204093933
41257,1129237,2964517,0.5041381120681763
41258,1129237,1313752,0.5040184259414673
41259,1129237,4746789,0.5039088129997253
41260,1129237,1916607,0.5037750601768494
41261,1129237,1451188,0.5037458539009094
41262,1129237,6337007,0.5037257671356201
41263,1129237,2522496,0.5035749673843384
41264,1129237,3705876,0.5031582117080688
41265,1129237,3517922,0.5029549598693848
41266,1129237,7903455,0.5029498338699341
41267,1129237,1644415,0.5029058456420898
41268,1129237,5644811,0.5028043985366821
41269,1129237,7688471,0.5027205944061279
41270,1129237,8680477,0.502710223197937
41271,1129237,6751154,0.5026525855064392
41272,1129237,3979164,0.5024628043174744
41273,1129237,4486834,0.5024209022521973
41274,1129237,2768069,0.5022678375244141
41275,1129237,3750134,0.5022245645523071
41276,1129237,7812951,0.5020296573638916
41277,1129237,2983615,0.5018578171730042
41278,1129237,3737013,0.5018247961997986
41279,1129237,2955239,0.5016114115715027
41280,1129237,5187914,0.5013700127601624
41281,1129237,8431277,0.5013418197631836
41282,1129237,467006,0.5011669397354126
41283,1129237,6590757,0.5011669397354126
41284,1129237,3279719,0.5010524988174438
41285,1129237,4172176,0.500970721244812
41286,1129237,8033081,0.5008901357650757
41287,1129237,1883298,0.5008441209793091
41288,1129237,1313751,0.5008395910263062
41289,1129237,6257779,0.5007476210594177
41290,1129237,2218288,0.5004961490631104
41291,1129237,1049126,0.5003161430358887
41292,1129237,8304063,0.5000482797622681
41293,1129237,8415462,0.49999043345451355
41294,1129237,2156403,0.4998815357685089
41295,1129237,1286640,0.499661922454834
41296,1129237,4079214,0.49958810210227966
41297,1129237,230643,0.4995260238647461
41298,1129237,5275055,0.4994302988052368
41299,1129237,3439881,0.49923986196517944
41300,1129237,8757397,0.4991859495639801
41301,1129237,7860571,0.49917373061180115
41302,1129237,2275895,0.49908187985420227
41303,1129237,3905052,0.4990486800670624
41304,1129237,6257778,0.498859167098999
41305,1129237,2275892,0.4988402724266052
41306,1129237,1341624,0.4987800717353821
41307,1129237,6649540,0.49868765473365784
41308,1129237,4489892,0.4986630082130432
41309,1129237,3858673,0.49861711263656616
41310,1129237,3078132,0.49847760796546936
41311,1129237,2132640,0.4983188211917877
41312,1129237,3484291,0.49821293354034424
41313,1129237,4067534,0.4980012774467468
41314,1129237,7377300,0.4979061484336853
41315,1129237,8406181,0.4977726936340332
41316,1129237,4982587,0.49770188331604004
41317,1129237,1451192,0.4976799786090851
41318,1129237,1307805,0.49741894006729126
41319,1129237,3979165,0.4973379373550415
41320,1129237,6981247,0.4972614049911499
41321,1129237,3905055,0.4972449541091919
41322,1129237,7526850,0.4971361458301544
41323,1129237,4185027,0.4971291422843933
41324,1129237,5944077,0.49703359603881836
41325,1129237,6877540,0.49696600437164307
41326,1129237,4492860,0.49696600437164307
41327,1129237,262486,0.4966433644294739
41328,1129237,3484289,0.4964744448661804
41329,1129237,1850247,0.49634701013565063
41330,1129237,5222449,0.4963088035583496
41331,1129237,5222442,0.4960499405860901
41332,1129237,3517923,0.4959360361099243
41333,1129237,6007786,0.4959273040294647
41334,1129237,767822,0.49592307209968567
41335,1129237,2188741,0.49576351046562195
41336,1129237,6060690,0.49523186683654785
41337,1129237,2964514,0.4948022663593292
41338,1129237,44635,0.4947642982006073
41339,1129237,5101293,0.4943896234035492
41340,1129237,2395869,0.4942535161972046
41341,1129237,1218693,0.4940056800842285
41342,1129237,4982588,0.49392372369766235
41343,1129237,3281193,0.49385374784469604
41344,1129237,4120950,0.493823766708374
41345,1129237,3705879,0.49375396966934204
41346,1129237,1749696,0.49369317293167114
41347,1129237,8784523,0.49333828687667847
41348,1129237,2098377,0.4933333992958069
41349,1129237,2561046,0.4930937886238098
41350,1129237,3705875,0.4930664002895355
41351,1129237,1734789,0.4928213953971863
41352,1129237,7646760,0.4926704466342926
41353,1129237,3054738,0.4924561083316803
41354,1129237,1239887,0.49225929379463196
41355,1129237,4648165,0.4921354651451111
41356,1129237,8346809,0.49210503697395325
41357,1129237,6326800,0.49188143014907837
41358,1129237,6366865,0.49184757471084595
41359,1129237,120314,0.49178531765937805
41360,1129237,3084535,0.49171218276023865
41361,1129237,8612867,0.49165433645248413
41362,1129237,2344372,0.49150556325912476
41363,1129237,5836184,0.4914461076259613
41364,1129237,2964518,0.4913937747478485
41365,1129237,7297086,0.4912738800048828
41366,1129237,7543904,0.49120354652404785
41367,1129237,1080294,0.4911215603351593
41368,1129237,5917116,0.49101677536964417
41369,1129237,4261970,0.49097639322280884
41370,1129237,1987141,0.4909206032752991
41371,1129237,4486841,0.4908751845359802
41372,1129237,263491,0.4906189739704132
41373,1129237,7911556,0.4905319809913635
41374,1129237,6911734,0.49034202098846436
41375,1129237,482790,0.4902644157409668
41376,1129237,2275891,0.4898158013820648
41377,1129237,659727,0.4895840287208557
41378,1129237,5217543,0.4894915819168091
41379,1129237,3648225,0.48939329385757446
41380,1129237,7350959,0.4893529713153839
41381,1129237,3247727,0.4890957474708557
41382,1129237,710733,0.4889456033706665
41383,1129237,3905056,0.4889138340950012
41384,1129237,4315655,0.4888724088668823
41385,1129237,1220765,0.48867499828338623
41386,1129237,5732376,0.48855793476104736
41387,1129237,2249652,0.4884350895881653
41388,1129237,4486835,0.4883970320224762
41389,1129237,5374043,0.4882003962993622
41390,1129237,165341,0.4879986047744751
41391,1129237,4347914,0.4877671003341675
41392,1129237,6214931,0.48746830224990845
41393,1129237,1027130,0.48739323019981384
41394,1129237,5402073,0.4872075915336609
41395,1129237,3014891,0.4871824383735657
41396,1129237,6719666,0.487146258354187
41397,1129237,2878256,0.48709455132484436
41398,1129237,4520249,0.4868984520435333
41399,1129237,2249650,0.4867008626461029
41400,1129237,6081391,0.4866686463356018
41401,1129237,5265132,0.48650962114334106
41402,1129237,3430003,0.48648330569267273
41403,1129237,2152828,0.48646271228790283
41404,1129237,7132886,0.48636698722839355
41405,1129237,3072439,0.4862564206123352
41406,1129237,1317201,0.4862208962440491
41407,1129237,2408023,0.48559072613716125
41408,1129237,607343,0.48543667793273926
41409,1129237,8180273,0.48519760370254517
41410,1129237,147722,0.48472946882247925
41411,1129237,8695284,0.48471981287002563
41412,1129237,1770020,0.48468726873397827
41413,1129237,3683093,0.4845239818096161
41414,1129237,3871076,0.4844214916229248
41415,1129237,1396157,0.4843516945838928
41416,1129237,2283271,0.4842589497566223
41417,1129237,3399227,0.48415762186050415
41418,1129237,7860572,0.4841141700744629
41419,1129237,8449111,0.4840468764305115
41420,1129237,6667977,0.4839329719543457
41421,1129237,1252265,0.4838453531265259
41422,1129237,4648167,0.4838445782661438
41423,1129237,6585183,0.4838445782661438
41424,1129237,7197442,0.48383018374443054
41425,1129237,8391277,0.48347944021224976
41426,1129237,3872311,0.48346439003944397
41427,1129237,2015113,0.4834350645542145
41428,1129237,5343386,0.48331770300865173
41429,1129237,6555640,0.4833117723464966
41430,1129237,8529705,0.48324912786483765
41431,1129237,1451191,0.4831840991973877
41432,1129237,7754445,0.4831196069717407
41433,1129237,4812345,0.48282694816589355
41434,1129237,2328124,0.482740581035614
41435,1129237,3998470,0.4827272593975067
41436,1129237,6626062,0.4827001690864563
41437,1129237,4367170,0.48256582021713257
41438,1129237,6626061,0.4825255870819092
41439,1129237,2089688,0.4823896586894989
41440,1129237,2364443,0.48238739371299744
41441,1129237,860004,0.4823850989341736
41442,1129237,1904268,0.4823806583881378
41443,1129237,1606076,0.4823538362979889
41444,1129237,1397396,0.48219549655914307
41445,1129237,4974615,0.4821186661720276
41446,1129237,6060688,0.48200342059135437
41447,1129237,5072728,0.48196449875831604
41448,1129237,1218688,0.48187732696533203
41449,1129237,2335411,0.4818635582923889
41450,1129237,940005,0.4816702902317047
41451,1129237,2188739,0.4816121757030487
41452,1129237,333302,0.48156675696372986
41453,1129237,7770519,0.48143696784973145
41454,1129237,3361425,0.4813947081565857
41455,1129237,2344376,0.48136454820632935
41456,1129237,5548167,0.48131534457206726
41457,1129237,573275,0.4811400771141052
41458,1129237,4700375,0.4811066687107086
41459,1129237,3118496,0.4810032248497009
41460,1129237,1757011,0.48099619150161743
41461,1129237,8274910,0.48078954219818115
41462,1129237,7770526,0.48072564601898193
41463,1129237,3979163,0.48070386052131653
41464,1129237,7812953,0.48065099120140076
41465,1129237,7220289,0.4805751442909241
41466,1129237,5571269,0.48053160309791565
41467,1129237,3409660,0.48046791553497314
41468,1129237,5240533,0.4804443418979645
41469,1129237,2098374,0.48044270277023315
41470,1129237,8673133,0.4804244041442871
41471,1129237,4364375,0.48038914799690247
41472,1129237,4762928,0.48020216822624207
41473,1129237,2079668,0.4801945686340332
41474,1129237,3067684,0.48019057512283325
41475,1129237,7857420,0.48016196489334106
41476,1129237,41488,0.48015958070755005
41477,1129237,238368,0.48012956976890564
41478,1129237,325173,0.479867160320282
41479,1129237,1490308,0.47980669140815735
41480,1129237,3181948,0.4796396493911743
41481,1129237,5917109,0.47963452339172363
41482,1129237,8705592,0.4795907139778137
41483,1129237,7860575,0.4795878529548645
41484,1129237,1849519,0.4794396758079529
41485,1129237,4752298,0.47943392395973206
41486,1129237,2879201,0.47925567626953125
41487,1129237,1849518,0.4792343080043793
41488,1129237,424345,0.47922635078430176
41489,1129237,6719667,0.47920799255371094
41490,1129237,2370022,0.47898808121681213
41491,1129237,4801130,0.4789361357688904
41492,1129237,8750091,0.4789090156555176
41493,1129237,5210776,0.47887730598449707
41494,1129237,897069,0.47877585887908936
41495,1129237,6214924,0.47876301407814026
41496,1129237,8449106,0.4786912202835083
41497,1129237,4782580,0.4784625768661499
41498,1129237,3458696,0.4784597158432007
41499,1129237,1444887,0.4784080982208252
41500,1129237,5127618,0.478403240442276
41501,1129237,6718101,0.47837311029434204
41502,1129237,5402075,0.47829705476760864
41503,1129237,31416,0.47810664772987366
41504,1129237,7983681,0.4780080318450928
41505,1129237,191261,0.47791603207588196
41506,1129237,5401741,0.47789159417152405
41507,1129237,7530677,0.4778798520565033
41508,1129237,6147917,0.4778549373149872
41509,1129237,7860576,0.4778529703617096
41510,1129237,3757192,0.47783640027046204
41511,1129237,6674208,0.4778265953063965
41512,1129237,2190019,0.4778149724006653
41513,1129237,1386398,0.4777202010154724
41514,1129237,3530438,0.4775962829589844
41515,1129237,7618712,0.47738534212112427
41516,1129237,1087034,0.47735804319381714
41517,1129237,6080452,0.47732263803482056
41518,1129237,1495211,0.4772459864616394
41519,1129237,4535952,0.47714176774024963
41520,1129237,4447413,0.4770351052284241
41521,1129237,3064661,0.47697967290878296
41522,1129237,8705124,0.47693073749542236
41523,1129237,4331390,0.47690582275390625
41524,1129237,4584262,0.4768882691860199
41525,1129237,6471876,0.47687023878097534
41526,1129237,482793,0.47685715556144714
41527,1129237,120311,0.4767829477787018
41528,1129237,369949,0.4766799807548523
41529,1129237,6868878,0.4765404462814331
41530,1129237,7049951,0.4764794707298279
41531,1129237,2161221,0.476391077041626
41532,1129237,8370081,0.47636863589286804
41533,1129237,5627214,0.47629764676094055
41534,1129237,8446716,0.4762409031391144
41535,1129237,5990225,0.4762108027935028
41536,1129237,3420727,0.476195752620697
41537,1129237,5101286,0.4760347902774811
41538,1129237,7543898,0.47573205828666687
41539,1129237,4047130,0.4757258892059326
41540,1129237,2189983,0.4753354787826538
41541,1129237,3596927,0.4753163456916809
41542,1129237,7680658,0.47524774074554443
41543,1129237,1938309,0.4751109778881073
41544,1129237,5021783,0.4751003086566925
41545,1129237,1490302,0.4750836193561554
41546,1129237,8623092,0.47497060894966125
41547,1129237,1864853,0.47492319345474243
41548,1129237,2079664,0.4749148190021515
41549,1129237,8215588,0.4748612642288208
41550,1129237,1849522,0.47482866048812866
41551,1129237,4003050,0.474800705909729
41552,1129237,1510445,0.47471120953559875
41553,1129237,5112696,0.47469064593315125
41554,1129237,4621201,0.4746703803539276
41555,1129237,3598565,0.47461074590682983
41556,1129237,1094725,0.47459134459495544
41557,1129237,637466,0.47457215189933777
41558,1129237,4904403,0.474562406539917
41559,1129237,4630041,0.47444024682044983
41560,1129237,1486262,0.47441497445106506
41561,1129237,1049119,0.47426390647888184
41562,1129237,3411649,0.4741446077823639
41563,1129237,3231300,0.47404417395591736
41564,1129237,6271568,0.4738236665725708
41565,1129237,6911728,0.4736219048500061
41566,1129237,8415465,0.47361743450164795
41567,1129237,146269,0.4734165668487549
41568,1129237,2333610,0.4734005331993103
41569,1129237,2203264,0.4733264148235321
41570,1129237,8093065,0.4732944369316101
41571,1129237,554721,0.4732252061367035
41572,1129237,7371133,0.4731878638267517
41573,1129237,6994896,0.4731779992580414
41574,1129237,5894033,0.4731006622314453
41575,1129237,8370082,0.4730699360370636
41576,1129237,4487216,0.47305285930633545
41577,1129237,7813668,0.4729594588279724
41578,1129237,2837792,0.47274163365364075
41579,1129237,659736,0.4727014899253845
41580,1129237,2098376,0.47259581089019775
41581,1129237,6911732,0.4725857377052307
41582,1129237,5182311,0.472568154335022
41583,1129237,8759936,0.47256118059158325
41584,1129237,5127612,0.4725351929664612
41585,1129237,3512834,0.4725058078765869
41586,1129237,2633577,0.47249457240104675
41587,1129237,2972913,0.47245103120803833
41588,1129237,1436868,0.4724486768245697
41589,1129237,4418244,0.4724463224411011
41590,1129237,2964512,0.47240200638771057
41591,1129237,8658472,0.47236448526382446
41592,1129237,2964516,0.4720497131347656
41593,1129237,458169,0.4720492362976074
41594,1129237,6214923,0.47184765338897705
41595,1129237,8304061,0.4718289375305176
41596,1129237,5525705,0.4716569781303406
41597,1129237,7004451,0.47165367007255554
41598,1129237,1198809,0.47160592675209045
41599,1129237,8374507,0.47159725427627563
41600,1129237,2188736,0.47157514095306396
41601,1129237,6081392,0.4715268611907959
41602,1129237,4128828,0.47151392698287964
41603,1129237,6009150,0.47143393754959106
41604,1129237,6555632,0.4712735116481781
41605,1129237,7050921,0.4712541401386261
41606,1129237,2014982,0.47101283073425293
41607,1129237,3145951,0.4709377884864807
41608,1129237,6911731,0.4708140194416046
41609,1129237,7860570,0.47072798013687134
41610,1129237,6196829,0.4706817865371704
41611,1129237,2872341,0.4706239104270935
41612,1129237,305086,0.470549076795578
41613,1129237,120313,0.47046729922294617
41614,1129237,3913816,0.4704551100730896
41615,1129237,2650084,0.47031301259994507
41616,1129237,8389335,0.4701886475086212
41617,1129237,3361426,0.47017717361450195
41618,1129237,4211656,0.4700285792350769
41619,1129237,5173009,0.46991604566574097
41620,1129237,7585240,0.4698660373687744
41621,1129237,275594,0.4698462188243866
41622,1129237,2015114,0.4698285460472107
41623,1129237,5045137,0.46977412700653076
41624,1129237,7052157,0.4696512520313263
41625,1129237,6280895,0.46952056884765625
41626,1129237,4974609,0.4695095121860504
41627,1129237,1304127,0.4694782495498657
41628,1129237,6790708,0.46945369243621826
41629,1129237,3683095,0.4694436490535736
41630,1129237,7932375,0.4694303274154663
41631,1129237,8469255,0.4693794846534729
41632,1129237,2511841,0.46928250789642334
41633,1129237,5310840,0.46924954652786255
41634,1129237,608384,0.46912986040115356
41635,1129237,6221461,0.4691060483455658
41636,1129237,8370083,0.4691019058227539
41637,1129237,1092183,0.4690946340560913
41638,1129237,1987140,0.4690675139427185
41639,1129237,2991218,0.4690500795841217
41640,1129237,4769978,0.4689617455005646
41641,1129237,126444,0.46894556283950806
41642,1129237,1768895,0.46873289346694946
41643,1129237,7530673,0.46872708201408386
41644,1129237,1143842,0.46869850158691406
41645,1129237,7421561,0.4686224162578583
41646,1129237,2396048,0.4686024785041809
41647,1129237,8431278,0.4685404896736145
41648,1129237,5101288,0.46848148107528687
41649,1129237,1850253,0.4684581160545349
41650,1129237,767820,0.4684494137763977
41651,1129237,4261968,0.46839386224746704
41652,1129237,219917,0.4683796763420105
41653,1129237,191256,0.46825069189071655
41654,1129237,3745719,0.46823450922966003
41655,1129237,7443834,0.46822768449783325
41656,1129237,8104597,0.4682045578956604
41657,1129237,2991214,0.46783894300460815
41658,1129237,198812,0.46772879362106323
41659,1129237,8449109,0.4677067697048187
41660,1129237,5402076,0.4676414132118225
41661,1129237,6221462,0.46758368611335754
41662,1129237,2633582,0.46749934554100037
41663,1129237,5881440,0.4674835205078125
41664,1129237,8556140,0.4674628973007202
41665,1129237,6285414,0.46744251251220703
41666,1129237,408801,0.467357337474823
41667,1129237,1974174,0.46728187799453735
41668,1129237,3572517,0.4672142267227173
41669,1129237,3843818,0.46719181537628174
41670,1129237,659729,0.46709153056144714
41671,1129237,7530681,0.46698567271232605
41672,1129237,2633578,0.4669625759124756
41673,1129237,1199559,0.46695005893707275
41674,1129237,749264,0.46688514947891235
41675,1129237,689940,0.4668169617652893
41676,1129237,461832,0.4667598009109497
41677,1129237,1078473,0.4666388928890228
41678,1129237,5777521,0.46660637855529785
41679,1129237,8596879,0.4665305018424988
41680,1129237,2969676,0.4665251076221466
41681,1129237,3194634,0.46651944518089294
41682,1129237,5362202,0.46650832891464233
41683,1129237,5370104,0.4663584530353546
41684,1129237,5160156,0.4663495421409607
41685,1129237,8255791,0.4662347137928009
41686,1129237,1490303,0.4662318825721741
41687,1129237,4187450,0.46616917848587036
41688,1129237,7903458,0.4661468267440796
41689,1129237,4974616,0.46610933542251587
41690,1129237,5548161,0.46606627106666565
41691,1129237,1412899,0.4658879041671753
41692,1129237,3871074,0.4656839072704315
41693,1129237,8217761,0.465643972158432
41694,1129237,8266727,0.4656311273574829
41695,1129237,1896185,0.46557897329330444
41696,1129237,608379,0.4655560255050659
41697,1129237,2926501,0.4655308127403259
41698,1129237,4875201,0.4654886722564697
41699,1129237,6555637,0.46547263860702515
41700,1129237,1883293,0.4654131829738617
41701,1129237,6492895,0.4653559923171997
41702,1129237,6790710,0.4653041362762451
41703,1129237,4538136,0.4652344882488251
41704,1129237,4092979,0.4652092456817627
41705,1129237,806659,0.46509698033332825
41706,1129237,1996905,0.4650370478630066
41707,1129237,2964513,0.4649813175201416
41708,1129237,4141004,0.4649014174938202
41709,1129237,2113157,0.46489959955215454
41710,1129237,1904809,0.46485137939453125
41711,1129237,8174971,0.4645363688468933
41712,1129237,483367,0.4645291566848755
41713,1129237,5008788,0.4643852412700653
41714,1129237,1837387,0.464340478181839
41715,1129237,4645723,0.46432873606681824
41716,1129237,5687358,0.4642969071865082
41717,1129237,4743442,0.46421486139297485
41718,1129237,4921412,0.4642098546028137
41719,1129237,8415459,0.4641890227794647
41720,1129237,5021777,0.4641519784927368
41721,1129237,6081080,0.46402204036712646
41722,1129237,339127,0.4639945924282074
41723,1129237,3181955,0.4639323353767395
41724,1129237,3395821,0.4638427495956421
41725,1129237,1296736,0.463661253452301
41726,1129237,2109712,0.46337613463401794
41727,1129237,4750666,0.4631202816963196
41728,1129237,1887365,0.4629049301147461
41729,1129237,4492862,0.46273791790008545
41730,1129237,4101349,0.4626542031764984
41731,1129237,7903457,0.4626532196998596
41732,1129237,5156837,0.4626156687736511
41733,1129237,1218686,0.4625778794288635
41734,1129237,6882288,0.4625535011291504
41735,1129237,6102188,0.4625447690486908
41736,1129237,6719671,0.46253034472465515
41737,1129237,1574730,0.4622972011566162
41738,1129237,5880571,0.46227237582206726
41739,1129237,5838273,0.4622708559036255
41740,1129237,3075236,0.4622580409049988
41741,1129237,7486241,0.46222662925720215
41742,1129237,7452811,0.4621874690055847
41743,1129237,3548467,0.46213972568511963
41744,1129237,2370018,0.46205875277519226
41745,1129237,1850255,0.4620399475097656
41746,1129237,2560329,0.46203339099884033
41747,1129237,721370,0.4617961645126343
41748,1129237,3144465,0.46178215742111206
41749,1129237,955380,0.4617725908756256
41750,1129237,8145153,0.4617515504360199
41751,1129237,3227852,0.46173882484436035
41752,1129237,2408018,0.461722731590271
41753,1129237,4509079,0.46158567070961
41754,1129237,998747,0.46158307790756226
41755,1129237,2913077,0.4614570736885071
41756,1129237,1150802,0.46145638823509216
41757,1129237,3195674,0.4614374041557312
41758,1129237,4417907,0.4613882005214691
41759,1129237,1606081,0.4613787829875946
41760,1129237,5385537,0.46134254336357117
41761,1129237,1092188,0.4613001346588135
41762,1129237,6475004,0.46126580238342285
41763,1129237,6575034,0.46118688583374023
41764,1129237,1904803,0.46112245321273804
41765,1129237,3767244,0.4610278606414795
41766,1129237,2370954,0.46100759506225586
41767,1129237,1001996,0.46095412969589233
41768,1129237,8586422,0.46094584465026855
41769,1129237,3648231,0.46083566546440125
41770,1129237,2840904,0.4607253074645996
41771,1129237,4315656,0.4607054591178894
41772,1129237,1904808,0.4606708884239197
41773,1129237,7947174,0.46064409613609314
41774,1129237,1345496,0.46059054136276245
41775,1129237,3231295,0.4605365991592407
41776,1129237,5218025,0.46052318811416626
41777,1129237,8779108,0.4604959487915039
41778,1129237,5112768,0.46042561531066895
41779,1129237,1452727,0.4604231119155884
41780,1129237,8246715,0.4604231119155884
41781,1129237,7520892,0.46040022373199463
41782,1129237,7633437,0.460384339094162
41783,1129237,7949257,0.4601188004016876
41784,1129237,6225977,0.4600554406642914
41785,1129237,4097231,0.46004897356033325
41786,1129237,3858678,0.460008829832077
41787,1129237,1049124,0.4598901867866516
41788,1129237,1413025,0.4598672389984131
41789,1129237,6225941,0.4598146080970764
41790,1129237,2522498,0.45981037616729736
41791,1129237,392579,0.45977187156677246
41792,1129237,3683094,0.45975756645202637
41793,1129237,4738930,0.4596831202507019
41794,1129237,2346475,0.459675669670105
41795,1129237,7816836,0.459675669670105
41796,1129237,7429509,0.45961707830429077
41797,1129237,4875197,0.45959657430648804
41798,1129237,339125,0.4595651626586914
41799,1129237,5057780,0.45946308970451355
41800,1129237,2188740,0.459402859210968
41801,1129237,5031259,0.45937463641166687
41802,1129237,7342258,0.45936232805252075
41803,1129237,5823240,0.4593411087989807
41804,1129237,2703466,0.4591940641403198
41805,1129237,6355713,0.4591795802116394
41806,1129237,4818091,0.4590906500816345
41807,1129237,3575887,0.4590740203857422
41808,1129237,4967872,0.4589974284172058
41809,1129237,8469253,0.4589649736881256
41810,1129237,4799877,0.45894384384155273
41811,1129237,8050035,0.4589278995990753
41812,1129237,1622292,0.4589082598686218
41813,1129237,2203268,0.4588637351989746
41814,1129237,2964511,0.4588485360145569
41815,1129237,3362515,0.45877736806869507
41816,1129237,5910034,0.45876479148864746
41817,1129237,1150798,0.45874127745628357
41818,1129237,8374511,0.45866602659225464
41819,1129237,8612868,0.45862749218940735
41820,1129237,985077,0.4585740864276886
41821,1129237,6911735,0.45847535133361816
41822,1129237,1622544,0.4584594964981079
41823,1129237,5112694,0.45838800072669983
41824,1129237,4921413,0.4583277106285095
41825,1129237,8764651,0.4582717716693878
41826,1129237,6868144,0.4581209123134613
41827,1129237,2945332,0.4580901861190796
41828,1129237,1904805,0.45808303356170654
41829,1129237,6081086,0.458068311214447
41830,1129237,19254,0.4579862356185913
41831,1129237,3858676,0.4578569829463959
41832,1129237,884450,0.4577924311161041
41833,1129237,5823948,0.457713782787323
41834,1129237,2328129,0.4577118754386902
41835,1129237,6102182,0.45766595005989075
41836,1129237,5805080,0.4576405882835388
41837,1129237,1988897,0.45751863718032837
41838,1129237,1668945,0.45751577615737915
41839,1129237,2203270,0.4574814438819885
41840,1129237,461829,0.4574284553527832
41841,1129237,7858275,0.45735660195350647
41842,1129237,3572526,0.45733708143234253
41843,1129237,4182088,0.45732414722442627
41844,1129237,2188737,0.45729076862335205
41845,1129237,5299116,0.45728975534439087
41846,1129237,5644713,0.4572584629058838
41847,1129237,861005,0.45713886618614197
41848,1129237,1928648,0.4570499062538147
41849,1129237,664279,0.45704489946365356
41850,1129237,3636926,0.4570200443267822
41851,1129237,2156395,0.45693695545196533
41852,1129237,1326052,0.4569275975227356
41853,1129237,8588221,0.4568418264389038
41854,1129237,3028648,0.4568341374397278
41855,1129237,8614029,0.45675867795944214
41856,1129237,31423,0.4566901624202728
41857,1129237,5351993,0.45667970180511475
41858,1129237,3476479,0.4566648006439209
41859,1129237,8647499,0.4566200375556946
41860,1129237,689936,0.45658165216445923
41861,1129237,8571975,0.4565699100494385
41862,1129237,7641628,0.45650845766067505
41863,1129237,6575090,0.45643043518066406
41864,1129237,887300,0.45640110969543457
41865,1129237,4743441,0.4562627673149109
41866,1129237,7668402,0.4561559855937958
41867,1129237,2546775,0.45600318908691406
41868,1129237,6363790,0.45599257946014404
41869,1129237,1128331,0.45598357915878296
41870,1129237,8478469,0.4558628499507904
41871,1129237,6452738,0.4557681083679199
41872,1129237,3742203,0.4557565748691559
41873,1129237,2972915,0.4557012915611267
41874,1129237,3361423,0.45563599467277527
41875,1129237,267272,0.4556359350681305
41876,1129237,6820457,0.4555709958076477
41877,1129237,7607835,0.45550405979156494
41878,1129237,1345498,0.4553905129432678
41879,1129237,5856803,0.45538026094436646
41880,1129237,6419037,0.45533186197280884
41881,1129237,4800876,0.45529887080192566
41882,1129237,8682826,0.455288827419281
41883,1129237,1175281,0.45527297258377075
41884,1129237,2872343,0.45523911714553833
41885,1129237,6980312,0.4552159309387207
41886,1129237,7197445,0.45521456003189087
41887,1129237,5650329,0.4552115499973297
41888,1129237,2018355,0.45518258213996887
41889,1129237,4299267,0.4551700949668884
41890,1129237,6100543,0.4551631808280945
41891,1129237,6854182,0.4550992250442505
41892,1129237,1199556,0.4549303352832794
41893,1129237,6225943,0.454850435256958
41894,1129237,3109558,0.4548461139202118
41895,1129237,1296733,0.4548107087612152
41896,1129237,4492863,0.4548082947731018
41897,1129237,7352221,0.4546903669834137
41898,1129237,4565937,0.4545486867427826
41899,1129237,3679529,0.4545382261276245
41900,1129237,2697426,0.454479843378067
41901,1129237,8813636,0.454479843378067
41902,1129237,6808927,0.45446503162384033
41903,1129237,6009157,0.4544316828250885
41904,1129237,2590527,0.45439088344573975
41905,1129237,6225947,0.4543590545654297
41906,1129237,3828395,0.454340398311615
41907,1129237,6706718,0.4542549252510071
41908,1129237,8698591,0.4541301727294922
41909,1129237,2580204,0.45407065749168396
41910,1129237,4509179,0.453965425491333
41911,1129237,2014974,0.45392781496047974
41912,1129237,3456618,0.45389920473098755
41913,1129237,2871774,0.45387646555900574
41914,1129237,4172035,0.45387619733810425
41915,1129237,5101289,0.45364630222320557
41916,1129237,580299,0.45353278517723083
41917,1129237,1307024,0.45352691411972046
41918,1129237,7025692,0.45344215631484985
41919,1129237,2441651,0.453366219997406
41920,1129237,650565,0.453294038772583
41921,1129237,1542766,0.4532771706581116
41922,1129237,8349993,0.453257292509079
41923,1129237,4101355,0.4532490670681
41924,1129237,8724540,0.453173965215683
41925,1129237,1998175,0.45316082239151
41926,1129237,2991211,0.45315611362457275
41927,1129237,3129072,0.4531455934047699
41928,1129237,7350960,0.45308583974838257
41929,1129237,1224577,0.45300936698913574
41930,1129237,8406179,0.4529980719089508
41931,1129237,5896452,0.4529682993888855
41932,1129237,4298664,0.45294755697250366
41933,1129237,2872339,0.45290666818618774
41934,1129237,5571372,0.4528365135192871
41935,1129237,777763,0.45282381772994995
41936,1129237,3156016,0.4527698755264282
41937,1129237,5712461,0.4527592360973358
41938,1129237,3978362,0.4527292251586914
41939,1129237,1424358,0.45270606875419617
41940,1129237,8215589,0.45268917083740234
41941,1129237,7305471,0.4526873826980591
41942,1129237,2338534,0.45267540216445923
41943,1129237,5779463,0.45267295837402344
41944,1129237,3258152,0.4526079297065735
41945,1129237,7177120,0.4525615870952606
41946,1129237,1270333,0.4525389075279236
41947,1129237,8729583,0.45251554250717163
41948,1129237,7880081,0.4524309039115906
41949,1129237,3240482,0.4523802399635315
41950,1129237,7528054,0.45227405428886414
41951,1129237,7012978,0.4522191286087036
41952,1129237,6343520,0.4521901607513428
41953,1129237,6255871,0.4521012306213379
41954,1129237,2776049,0.45208799839019775
41955,1129237,4627260,0.4520290195941925
41956,1129237,1335591,0.4519693851470947
41957,1129237,4136988,0.451967716217041
41958,1129237,2270040,0.45196396112442017
41959,1129237,5855938,0.4517773985862732
41960,1129237,4904405,0.4517199397087097
41961,1129237,3893349,0.4517173767089844
41962,1129237,1996908,0.45168015360832214
41963,1129237,2270491,0.4516659379005432
41964,1129237,8093067,0.4516449272632599
41965,1129237,432155,0.45137423276901245
41966,1129237,3065443,0.4511943757534027
41967,1129237,3470599,0.4511609673500061
41968,1129237,7857421,0.4510961174964905
41969,1129237,236144,0.45108121633529663
41970,1129237,5513583,0.45106229186058044
41971,1129237,191262,0.45105209946632385
41972,1129237,2540963,0.4510371685028076
41973,1129237,1974957,0.4510195553302765
41974,1129237,3258158,0.4509025514125824
41975,1129237,4723970,0.45085352659225464
41976,1129237,94753,0.45082056522369385
41977,1129237,4509080,0.4508203864097595
41978,1129237,4407999,0.45081591606140137
41979,1129237,1949273,0.45078742504119873
41980,1129237,2888612,0.45072001218795776
41981,1129237,8779104,0.4506881833076477
41982,1129237,2972921,0.45067211985588074
41983,1129237,4565944,0.45066511631011963
41984,1129237,2669198,0.4506058096885681
41985,1129237,8446714,0.4504697918891907
41986,1129237,8808560,0.45042499899864197
41987,1129237,7845727,0.4504242539405823
41988,1129237,5656651,0.4504188597202301
41989,1129237,3337221,0.4503568112850189
41990,1129237,2015116,0.45034387707710266
41991,1129237,4895689,0.45010656118392944
41992,1129237,8087218,0.45009955763816833
41993,1129237,5541680,0.45007142424583435
41994,1129237,6209023,0.44999778270721436
41995,1129237,3337077,0.44995933771133423
41996,1129237,8217253,0.4499310255050659
41997,1129237,7422542,0.44988834857940674
41998,1129237,2197619,0.4498854875564575
41999,1129237,6474492,0.4498405158519745
42000,1133167,4922619,0.8656044006347656
42001,1133167,1824480,0.855587899684906
42002,1133167,190804,0.8527191877365112
42003,1133167,1824479,0.8503755331039429
42004,1133167,190806,0.8474887609481812
42005,1133167,4498474,0.8463120460510254
42006,1133167,434125,0.8448408842086792
42007,1133167,4498479,0.841510534286499
42008,1133167,2276678,0.8369824886322021
42009,1133167,190802,0.8360453844070435
42010,1133167,1824486,0.8344436883926392
42011,1133167,434121,0.8338459730148315
42012,1133167,6112586,0.8334395885467529
42013,1133167,6112587,0.8316073417663574
42014,1133167,3023120,0.8312214612960815
42015,1133167,4926197,0.8287310600280762
42016,1133167,4973626,0.8283650875091553
42017,1133167,823272,0.8241632580757141
42018,1133167,1824488,0.8232762813568115
42019,1133167,434120,0.8232593536376953
42020,1133167,3391439,0.8229942321777344
42021,1133167,3421899,0.8221079111099243
42022,1133167,3023123,0.8208090662956238
42023,1133167,6467518,0.8194544315338135
42024,1133167,2613296,0.8180878162384033
42025,1133167,4550240,0.8164829611778259
42026,1133167,8033647,0.8141823410987854
42027,1133167,8415743,0.8135143518447876
42028,1133167,3074599,0.8114427328109741
42029,1133167,190803,0.8113882541656494
42030,1133167,1824485,0.8094960451126099
42031,1133167,7762240,0.8094049692153931
42032,1133167,4550244,0.8087560534477234
42033,1133167,1824487,0.807100772857666
42034,1133167,434119,0.8052296042442322
42035,1133167,6112590,0.8031448125839233
42036,1133167,823274,0.8028031587600708
42037,1133167,1824481,0.8024577498435974
42038,1133167,7217705,0.7992832064628601
42039,1133167,190805,0.7988250255584717
42040,1133167,8033650,0.7975121736526489
42041,1133167,5674623,0.7964818477630615
42042,1133167,7093511,0.7958360910415649
42043,1133167,190810,0.7949987649917603
42044,1133167,7093510,0.7928338646888733
42045,1133167,3355083,0.7912998199462891
42046,1133167,6467517,0.7912513017654419
42047,1133167,8160224,0.7893911600112915
42048,1133167,4498476,0.7889914512634277
42049,1133167,8255706,0.7881379127502441
42050,1133167,823277,0.7874273061752319
42051,1133167,1824484,0.7857307195663452
42052,1133167,6467523,0.7852645516395569
42053,1133167,7793408,0.7809044718742371
42054,1133167,3421897,0.7808425426483154
42055,1133167,1824483,0.778960108757019
42056,1133167,7218015,0.7788296937942505
42057,1133167,7793411,0.7787429690361023
42058,1133167,1883280,0.7745053172111511
42059,1133167,190811,0.7730017304420471
42060,1133167,6257034,0.7726004123687744
42061,1133167,8003301,0.7705445289611816
42062,1133167,8033645,0.7703518271446228
42063,1133167,3421906,0.7662470936775208
42064,1133167,2613291,0.7647106051445007
42065,1133167,1883273,0.7604622840881348
42066,1133167,434123,0.7594952583312988
42067,1133167,1883276,0.7581537365913391
42068,1133167,4712279,0.7578597664833069
42069,1133167,6112584,0.7561655044555664
42070,1133167,7218016,0.7561183571815491
42071,1133167,7793416,0.7542877793312073
42072,1133167,4550243,0.7539000511169434
42073,1133167,1883272,0.7513092160224915
42074,1133167,8033648,0.751061201095581
42075,1133167,7486600,0.750613808631897
42076,1133167,3421903,0.7490091323852539
42077,1133167,6999440,0.7464963793754578
42078,1133167,1379370,0.7425788044929504
42079,1133167,3421900,0.7400907874107361
42080,1133167,823275,0.7380707263946533
42081,1133167,7486594,0.7361828088760376
42082,1133167,7093513,0.7339630126953125
42083,1133167,190808,0.733695387840271
42084,1133167,823280,0.7328053712844849
42085,1133167,8033644,0.7258743047714233
42086,1133167,6299572,0.7231428623199463
42087,1133167,7218012,0.7227852940559387
42088,1133167,4498477,0.7226285934448242
42089,1133167,3074598,0.7221561670303345
42090,1133167,5787117,0.7193701267242432
42091,1133167,6112585,0.7188692688941956
42092,1133167,7486602,0.7188537120819092
42093,1133167,8250498,0.7176034450531006
42094,1133167,6103289,0.7135814428329468
42095,1133167,7793414,0.7118880152702332
42096,1133167,6467524,0.7110909223556519
42097,1133167,7093509,0.7088308930397034
42098,1133167,823276,0.706247091293335
42099,1133167,8160243,0.7062087059020996
42100,1133167,4687601,0.7003763914108276
42101,1133167,3944276,0.7000240087509155
42102,1133167,6299575,0.697539210319519
42103,1133167,3953805,0.6966588497161865
42104,1133167,4443370,0.6960721015930176
42105,1133167,4443372,0.6960419416427612
42106,1133167,7762245,0.6935862302780151
42107,1133167,8160241,0.6889140605926514
42108,1133167,8255704,0.6826317310333252
42109,1133167,1883281,0.679704487323761
42110,1133167,7486597,0.6793191432952881
42111,1133167,4443375,0.6786665916442871
42112,1133167,4498473,0.6772398948669434
42113,1133167,434124,0.6751655340194702
42114,1133167,4712275,0.6736157536506653
42115,1133167,2070087,0.6717793941497803
42116,1133167,1883277,0.6688690185546875
42117,1133167,6103291,0.6673335433006287
42118,1133167,7217703,0.6663378477096558
42119,1133167,1379376,0.6636565923690796
42120,1133167,2613293,0.6631502509117126
42121,1133167,8255703,0.6605405807495117
42122,1133167,434126,0.6581891775131226
42123,1133167,6999439,0.6574205160140991
42124,1133167,8255705,0.652236819267273
42125,1133167,3944277,0.6516942977905273
42126,1133167,1379377,0.6513376235961914
42127,1133167,190809,0.6500175595283508
42128,1133167,7007413,0.6496449112892151
42129,1133167,1379371,0.647940993309021
42130,1133167,4557439,0.6450533866882324
42131,1133167,8415747,0.6436913013458252
42132,1133167,4498478,0.6432266235351562
42133,1133167,3023125,0.636573076248169
42134,1133167,8255702,0.6356165409088135
42135,1133167,4712273,0.6300087571144104
42136,1133167,6299576,0.6288292407989502
42137,1133167,3421898,0.6281588673591614
42138,1133167,8160225,0.6273394823074341
42139,1133167,6140,0.6231666207313538
42140,1133167,4498475,0.6222950220108032
42141,1133167,8484851,0.6219500303268433
42142,1133167,6999442,0.6210596561431885
42143,1133167,4926204,0.6198580265045166
42144,1133167,4443371,0.6192818284034729
42145,1133167,6142,0.6163337230682373
42146,1133167,6999438,0.6152825951576233
42147,1133167,4625141,0.614483118057251
42148,1133167,6257038,0.6144441962242126
42149,1133167,4494104,0.6138890385627747
42150,1133167,1799506,0.611136794090271
42151,1133167,434122,0.6092342138290405
42152,1133167,6467522,0.6076027154922485
42153,1133167,2276675,0.6061331629753113
42154,1133167,5674622,0.6056839227676392
42155,1133167,4550241,0.6050209999084473
42156,1133167,3477478,0.6019834876060486
42157,1133167,3953807,0.6016408205032349
42158,1133167,1883279,0.6008960008621216
42159,1133167,3477476,0.6007305383682251
42160,1133167,8042859,0.5982156991958618
42161,1133167,823273,0.598038911819458
42162,1133167,4625144,0.5960580110549927
42163,1133167,8415744,0.5947369337081909
42164,1133167,7762244,0.5943394899368286
42165,1133167,8484849,0.5940231084823608
42166,1133167,3023121,0.5929147005081177
42167,1133167,1070102,0.5924835801124573
42168,1133167,7218021,0.5900236368179321
42169,1133167,6252360,0.5871167182922363
42170,1133167,2276677,0.5859237313270569
42171,1133167,5387370,0.5832290649414062
42172,1133167,6488038,0.5827509164810181
42173,1133167,4156325,0.5826406478881836
42174,1133167,3560313,0.579340934753418
42175,1133167,8255707,0.5789417028427124
42176,1133167,2419498,0.57338547706604
42177,1133167,5365832,0.5730497241020203
42178,1133167,4194240,0.5727853775024414
42179,1133167,6112592,0.5727354288101196
42180,1133167,332787,0.5722451210021973
42181,1133167,4902645,0.5719760656356812
42182,1133167,6138,0.5708113312721252
42183,1133167,2010279,0.5691666603088379
42184,1133167,5015939,0.568079948425293
42185,1133167,6020867,0.5678790807723999
42186,1133167,4625145,0.5674841403961182
42187,1133167,4494101,0.5663413405418396
42188,1133167,4443368,0.5660967826843262
42189,1133167,7217710,0.5656600594520569
42190,1133167,3391436,0.5639365911483765
42191,1133167,8839922,0.5635330677032471
42192,1133167,823278,0.5634167194366455
42193,1133167,7217706,0.5625925064086914
42194,1133167,7486599,0.5607997179031372
42195,1133167,7093592,0.5607904195785522
42196,1133167,823279,0.5603731870651245
42197,1133167,8160230,0.5600878596305847
42198,1133167,4712277,0.5597103238105774
42199,1133167,2675885,0.5594464540481567
42200,1133167,4489251,0.5576549172401428
42201,1133167,6143,0.5565316677093506
42202,1133167,2491371,0.5558182001113892
42203,1133167,3895194,0.5547094345092773
42204,1133167,2010280,0.5542820692062378
42205,1133167,7762241,0.5539675951004028
42206,1133167,6020866,0.5522028803825378
42207,1133167,4687602,0.5513001680374146
42208,1133167,6020865,0.5494537353515625
42209,1133167,3421902,0.5491458177566528
42210,1133167,4625147,0.5489755272865295
42211,1133167,4926199,0.5485861897468567
42212,1133167,7760623,0.5469257831573486
42213,1133167,4926201,0.5468981266021729
42214,1133167,4226020,0.5464292764663696
42215,1133167,8411151,0.5463827848434448
42216,1133167,1799505,0.5462077856063843
42217,1133167,6020864,0.5460264682769775
42218,1133167,8033646,0.5455374121665955
42219,1133167,7007417,0.5454989671707153
42220,1133167,3477480,0.5451892614364624
42221,1133167,6231738,0.5450263023376465
42222,1133167,5365830,0.544790506362915
42223,1133167,69053,0.5442055463790894
42224,1133167,3477475,0.5433669090270996
42225,1133167,8003295,0.5431150197982788
42226,1133167,8003293,0.5426852703094482
42227,1133167,4361443,0.5422316193580627
42228,1133167,5985458,0.5421494245529175
42229,1133167,7236844,0.5411966443061829
42230,1133167,4494097,0.5409560203552246
42231,1133167,4361440,0.5407520532608032
42232,1133167,5812885,0.5400828123092651
42233,1133167,2796489,0.5398590564727783
42234,1133167,563738,0.5384155511856079
42235,1133167,6298420,0.5377031564712524
42236,1133167,3964289,0.5371333360671997
42237,1133167,6103296,0.5370292663574219
42238,1133167,6299574,0.5370113849639893
42239,1133167,6957449,0.5366900563240051
42240,1133167,820732,0.5365106463432312
42241,1133167,8482782,0.5363600254058838
42242,1133167,8482780,0.5356351733207703
42243,1133167,7195780,0.5356327295303345
42244,1133167,6957457,0.5352694988250732
42245,1133167,7919531,0.5344067811965942
42246,1133167,4926202,0.5321059226989746
42247,1133167,6103292,0.5320465564727783
42248,1133167,7091944,0.5320159196853638
42249,1133167,6231745,0.5318262577056885
42250,1133167,2675883,0.5315977334976196
42251,1133167,4361444,0.5301263928413391
42252,1133167,5664807,0.5296070575714111
42253,1133167,2439240,0.5289930701255798
42254,1133167,2675877,0.5289843082427979
42255,1133167,6488041,0.528863251209259
42256,1133167,7093512,0.528317928314209
42257,1133167,6159718,0.5282452702522278
42258,1133167,4943772,0.5279839038848877
42259,1133167,7526204,0.527551531791687
42260,1133167,3391433,0.5273131132125854
42261,1133167,500380,0.5269088745117188
42262,1133167,5990516,0.526839554309845
42263,1133167,5664808,0.5260549783706665
42264,1133167,7486595,0.5258215665817261
42265,1133167,5015942,0.5254303216934204
42266,1133167,7793409,0.5251411199569702
42267,1133167,4712276,0.5247690081596375
42268,1133167,4443374,0.5246639251708984
42269,1133167,7080082,0.5245216488838196
42270,1133167,3074597,0.5239568948745728
42271,1133167,3122937,0.5236958265304565
42272,1133167,2850165,0.5234310626983643
42273,1133167,7486596,0.5232605338096619
42274,1133167,8839920,0.5225964188575745
42275,1133167,5812891,0.5221991539001465
42276,1133167,3023122,0.5219129323959351
42277,1133167,8482778,0.5218757390975952
42278,1133167,4226023,0.5216803550720215
42279,1133167,3598497,0.5214539766311646
42280,1133167,6020871,0.5210837721824646
42281,1133167,4316457,0.5205918550491333
42282,1133167,4361441,0.5205312967300415
42283,1133167,5399036,0.5204426646232605
42284,1133167,3421901,0.5200717449188232
42285,1133167,5311704,0.5200279355049133
42286,1133167,6364212,0.5192591547966003
42287,1133167,1371675,0.5190650224685669
42288,1133167,4712274,0.5189394950866699
42289,1133167,7217701,0.5188843011856079
42290,1133167,8415746,0.5188490152359009
42291,1133167,6467519,0.5185734033584595
42292,1133167,7405270,0.51802659034729
42293,1133167,2613290,0.5171496868133545
42294,1133167,2535372,0.5170087814331055
42295,1133167,4902647,0.5165460109710693
42296,1133167,5015943,0.5158430337905884
42297,1133167,4703845,0.5155683755874634
42298,1133167,6288634,0.5155434608459473
42299,1133167,4902649,0.5153933763504028
42300,1133167,2010281,0.5153769254684448
42301,1133167,7091943,0.5147712826728821
42302,1133167,8250501,0.5147403478622437
42303,1133167,6957453,0.5144974589347839
42304,1133167,4922622,0.5140457153320312
42305,1133167,4494100,0.5134415030479431
42306,1133167,7526209,0.5129786729812622
42307,1133167,1826920,0.5126810073852539
42308,1133167,5985452,0.5122633576393127
42309,1133167,8230625,0.5115809440612793
42310,1133167,6778267,0.511182427406311
42311,1133167,4625148,0.5111470222473145
42312,1133167,4902641,0.5109740495681763
42313,1133167,500384,0.510771632194519
42314,1133167,8019295,0.5105366110801697
42315,1133167,6288636,0.5099540948867798
42316,1133167,3238893,0.5094802975654602
42317,1133167,4902648,0.5093782544136047
42318,1133167,7080083,0.5080892443656921
42319,1133167,2675879,0.5079977512359619
42320,1133167,5904620,0.5077333450317383
42321,1133167,5311699,0.5077300667762756
42322,1133167,4902643,0.5076202154159546
42323,1133167,8350596,0.5075638890266418
42324,1133167,5143525,0.5072275996208191
42325,1133167,4194241,0.5071998834609985
42326,1133167,7835483,0.5059778690338135
42327,1133167,6337250,0.5059219598770142
42328,1133167,487669,0.5056461095809937
42329,1133167,5812888,0.5055142045021057
42330,1133167,3895193,0.5051345229148865
42331,1133167,5311697,0.5048425793647766
42332,1133167,1572515,0.5042635798454285
42333,1133167,6020872,0.504201352596283
42334,1133167,6015202,0.5036420822143555
42335,1133167,6957458,0.5033547878265381
42336,1133167,6360446,0.5030789375305176
42337,1133167,6257037,0.5030393600463867
42338,1133167,3017860,0.502608597278595
42339,1133167,7011590,0.5025945901870728
42340,1133167,4226022,0.5022212266921997
42341,1133167,7919528,0.502199649810791
42342,1133167,8484845,0.5019010305404663
42343,1133167,2982587,0.5016309022903442
42344,1133167,7218013,0.5012824535369873
42345,1133167,5942016,0.501207172870636
42346,1133167,798141,0.5010564923286438
42347,1133167,8019297,0.5007581114768982
42348,1133167,4902640,0.5006892681121826
42349,1133167,3598492,0.5005615949630737
42350,1133167,6879650,0.5005368590354919
42351,1133167,3705238,0.5001673698425293
42352,1133167,4973623,0.5001091957092285
42353,1133167,8405628,0.49996522068977356
42354,1133167,6020873,0.49989748001098633
42355,1133167,4902646,0.4997645318508148
42356,1133167,6957456,0.4996348023414612
42357,1133167,7451223,0.49864041805267334
42358,1133167,2850167,0.4985594153404236
42359,1133167,4902644,0.4984516203403473
42360,1133167,820733,0.49842655658721924
42361,1133167,4310353,0.4978362023830414
42362,1133167,6231747,0.497761994600296
42363,1133167,7080086,0.49735361337661743
42364,1133167,5015941,0.4969503879547119
42365,1133167,3803848,0.49694302678108215
42366,1133167,4641384,0.4957599639892578
42367,1133167,8576589,0.49572446942329407
42368,1133167,6103297,0.49528616666793823
42369,1133167,8003299,0.4951578974723816
42370,1133167,1561041,0.49498090147972107
42371,1133167,6360448,0.49481093883514404
42372,1133167,6360449,0.49462729692459106
42373,1133167,2996829,0.4943579435348511
42374,1133167,820734,0.49383509159088135
42375,1133167,189068,0.4935232102870941
42376,1133167,1418784,0.4931402802467346
42377,1133167,1826924,0.4925863742828369
42378,1133167,2850172,0.49227970838546753
42379,1133167,2996833,0.49221357703208923
42380,1133167,1883278,0.49162599444389343
42381,1133167,1859301,0.4916115403175354
42382,1133167,5866526,0.49141258001327515
42383,1133167,8415742,0.4911794066429138
42384,1133167,1371677,0.49078935384750366
42385,1133167,5015937,0.49066033959388733
42386,1133167,8666997,0.4905070662498474
42387,1133167,3122361,0.4903407394886017
42388,1133167,6257035,0.49024224281311035
42389,1133167,3280207,0.48974692821502686
42390,1133167,7778563,0.48973947763442993
42391,1133167,7835485,0.4895144999027252
42392,1133167,6298419,0.48950889706611633
42393,1133167,1725204,0.4890073835849762
42394,1133167,3794739,0.4883943200111389
42395,1133167,5961274,0.488203227519989
42396,1133167,4703846,0.488153874874115
42397,1133167,7080080,0.48810237646102905
42398,1133167,5106610,0.48791050910949707
42399,1133167,7919534,0.48778778314590454
42400,1133167,4703850,0.4877776503562927
42401,1133167,3158421,0.4877000153064728
42402,1133167,4184340,0.4873769283294678
42403,1133167,8507216,0.4868749678134918
42404,1133167,4266341,0.48640501499176025
42405,1133167,2863339,0.4862825572490692
42406,1133167,7236846,0.486219584941864
42407,1133167,5015940,0.48606032133102417
42408,1133167,7939337,0.48597630858421326
42409,1133167,5093353,0.4857720136642456
42410,1133167,2192829,0.4857342541217804
42411,1133167,1349235,0.485374391078949
42412,1133167,3122366,0.48532581329345703
42413,1133167,6861505,0.4851192235946655
42414,1133167,2535365,0.48506829142570496
42415,1133167,3115369,0.48476970195770264
42416,1133167,4212709,0.48443150520324707
42417,1133167,5961275,0.4837097227573395
42418,1133167,7203795,0.4825250208377838
42419,1133167,4926200,0.4824512302875519
42420,1133167,6298416,0.48214107751846313
42421,1133167,7700113,0.48211008310317993
42422,1133167,4266336,0.4817328453063965
42423,1133167,5731811,0.481123149394989
42424,1133167,7217702,0.4810289144515991
42425,1133167,5942020,0.48085927963256836
42426,1133167,7835481,0.48061445355415344
42427,1133167,2491369,0.4804709553718567
42428,1133167,2417537,0.47983604669570923
42429,1133167,5985451,0.47979438304901123
42430,1133167,7010346,0.4794777035713196
42431,1133167,7236839,0.47942864894866943
42432,1133167,4361447,0.47937721014022827
42433,1133167,1572506,0.47881215810775757
42434,1133167,5985449,0.47857794165611267
42435,1133167,4760929,0.47854316234588623
42436,1133167,3421904,0.4780231714248657
42437,1133167,6800146,0.478019118309021
42438,1133167,7080087,0.4764772057533264
42439,1133167,500382,0.4758518934249878
42440,1133167,5602357,0.47566694021224976
42441,1133167,168604,0.47546932101249695
42442,1133167,279454,0.4753100872039795
42443,1133167,6879655,0.475063681602478
42444,1133167,7586691,0.47473782300949097
42445,1133167,2675884,0.4745280146598816
42446,1133167,6231739,0.47424328327178955
42447,1133167,487675,0.47407323122024536
42448,1133167,5311700,0.4738982915878296
42449,1133167,2613294,0.4738094210624695
42450,1133167,6718017,0.4729948043823242
42451,1133167,7236843,0.4725238084793091
42452,1133167,2039848,0.4722449779510498
42453,1133167,3023124,0.4722074270248413
42454,1133167,7669693,0.47220635414123535
42455,1133167,7489640,0.471986323595047
42456,1133167,1414421,0.4717654585838318
42457,1133167,5904614,0.4717397391796112
42458,1133167,6015205,0.47119802236557007
42459,1133167,7762242,0.4711205065250397
42460,1133167,7091940,0.4706536829471588
42461,1133167,1826925,0.47023242712020874
42462,1133167,5985453,0.47009292244911194
42463,1133167,7236845,0.47005343437194824
42464,1133167,2750180,0.470039963722229
42465,1133167,3362940,0.4699924886226654
42466,1133167,2991265,0.4699804186820984
42467,1133167,7093589,0.46965157985687256
42468,1133167,7939338,0.4696446657180786
42469,1133167,6488039,0.469429612159729
42470,1133167,5812886,0.4693719446659088
42471,1133167,6231741,0.46898630261421204
42472,1133167,1026747,0.46867990493774414
42473,1133167,18344,0.4686177372932434
42474,1133167,7944845,0.4685477018356323
42475,1133167,2575064,0.46832704544067383
42476,1133167,4194236,0.46830451488494873
42477,1133167,6337253,0.4682721793651581
42478,1133167,5942019,0.4679267108440399
42479,1133167,7010348,0.4677794873714447
42480,1133167,5176967,0.4676646292209625
42481,1133167,7942854,0.46743839979171753
42482,1133167,6013107,0.4672470688819885
42483,1133167,3158424,0.4668560028076172
42484,1133167,7514529,0.46668940782546997
42485,1133167,8484844,0.46663105487823486
42486,1133167,4156324,0.46655702590942383
42487,1133167,7919533,0.4664956331253052
42488,1133167,8350603,0.4664493799209595
42489,1133167,8841218,0.4660736620426178
42490,1133167,8332519,0.46591776609420776
42491,1133167,3921773,0.46587109565734863
42492,1133167,500376,0.4658229947090149
42493,1133167,3225169,0.46576300263404846
42494,1133167,2491370,0.4655357599258423
42495,1133167,7962711,0.4653565585613251
42496,1133167,3752791,0.4653084874153137
42497,1133167,4902642,0.46523919701576233
42498,1133167,6112589,0.4652343988418579
42499,1133167,6357278,0.4651898741722107
42500,1133167,4830306,0.465114951133728
42501,1133167,563742,0.46437203884124756
42502,1133167,6957451,0.4638957977294922
42503,1133167,5023250,0.463823139667511
42504,1133167,1572507,0.46382057666778564
42505,1133167,8055046,0.4635002017021179
42506,1133167,2535366,0.4634917974472046
42507,1133167,949411,0.4634726047515869
42508,1133167,5015936,0.4630470871925354
42509,1133167,1414426,0.4629911184310913
42510,1133167,8034411,0.4627813696861267
42511,1133167,8839925,0.4626692235469818
42512,1133167,4149471,0.46248501539230347
42513,1133167,7218019,0.4623529314994812
42514,1133167,2003114,0.4623345732688904
42515,1133167,5974646,0.4623240828514099
42516,1133167,8363938,0.46222496032714844
42517,1133167,6691419,0.4622071385383606
42518,1133167,2290065,0.4620606303215027
42519,1133167,6231740,0.46199342608451843
42520,1133167,7320500,0.4619467854499817
42521,1133167,6239574,0.4616876244544983
42522,1133167,2039845,0.46166282892227173
42523,1133167,3944272,0.4615781605243683
42524,1133167,3158419,0.4615774154663086
42525,1133167,6859186,0.46138256788253784
42526,1133167,2077994,0.46123141050338745
42527,1133167,5922053,0.4612244963645935
42528,1133167,2850169,0.46120256185531616
42529,1133167,487673,0.4611770808696747
42530,1133167,3752794,0.46116024255752563
42531,1133167,6020868,0.4610450565814972
42532,1133167,4940759,0.4610232710838318
42533,1133167,4742241,0.46100109815597534
42534,1133167,6112593,0.46092626452445984
42535,1133167,6090702,0.46081942319869995
42536,1133167,5833037,0.46070408821105957
42537,1133167,1451917,0.46069931983947754
42538,1133167,7218041,0.4605218768119812
42539,1133167,2750177,0.4604160785675049
42540,1133167,515476,0.46030542254447937
42541,1133167,1204101,0.4600690007209778
42542,1133167,3893637,0.4599947929382324
42543,1133167,973584,0.4599219560623169
42544,1133167,5015938,0.4597673714160919
42545,1133167,3944275,0.45970970392227173
42546,1133167,6090708,0.4596315026283264
42547,1133167,6488033,0.4594668447971344
42548,1133167,1883274,0.4591141939163208
42549,1133167,5394527,0.45907527208328247
42550,1133167,2996836,0.45899805426597595
42551,1133167,8250497,0.45879364013671875
42552,1133167,8003297,0.45851415395736694
42553,1133167,8042854,0.45850664377212524
42554,1133167,4184347,0.45846378803253174
42555,1133167,4149473,0.4584122598171234
42556,1133167,7080088,0.458290159702301
42557,1133167,1864923,0.4582333266735077
42558,1133167,3136501,0.4582028090953827
42559,1133167,3598499,0.4579150974750519
42560,1133167,3433638,0.45758718252182007
42561,1133167,2758582,0.45757609605789185
42562,1133167,7010351,0.45755258202552795
42563,1133167,7669697,0.45754095911979675
42564,1133167,5781637,0.45751142501831055
42565,1133167,6488040,0.45745426416397095
42566,1133167,6357279,0.4572595953941345
42567,1133167,4347935,0.45723792910575867
42568,1133167,7376039,0.45685815811157227
42569,1133167,6275433,0.4568381905555725
42570,1133167,7835489,0.4567177891731262
42571,1133167,6234700,0.4566788375377655
42572,1133167,7010350,0.45667335391044617
42573,1133167,1572511,0.4563599228858948
42574,1133167,1204102,0.4563562273979187
42575,1133167,8839919,0.4562861919403076
42576,1133167,6252359,0.45610547065734863
42577,1133167,7760625,0.4560885727405548
42578,1133167,1789857,0.45582881569862366
42579,1133167,8679277,0.45568403601646423
42580,1133167,8019298,0.4556095600128174
42581,1133167,6298422,0.45553672313690186
42582,1133167,3964286,0.4554496109485626
42583,1133167,8407115,0.4554266035556793
42584,1133167,1349230,0.4552254378795624
42585,1133167,2039841,0.4551880955696106
42586,1133167,783276,0.4547595977783203
42587,1133167,8743211,0.45469364523887634
42588,1133167,4703847,0.45461225509643555
42589,1133167,6488034,0.45457398891448975
42590,1133167,7010349,0.45418041944503784
42591,1133167,8003294,0.45411574840545654
42592,1133167,3010918,0.4541061520576477
42593,1133167,7218055,0.4540408253669739
42594,1133167,1572514,0.4537755250930786
42595,1133167,2798972,0.45367082953453064
42596,1133167,4316456,0.45362389087677
42597,1133167,5664803,0.45335444808006287
42598,1133167,3295361,0.45333850383758545
42599,1133167,1303992,0.4532736837863922
42600,1133167,7182765,0.4532373249530792
42601,1133167,6090704,0.4531979560852051
42602,1133167,5602353,0.4531468152999878
42603,1133167,4316453,0.4529374837875366
42604,1133167,1303994,0.45292413234710693
42605,1133167,3143111,0.45284757018089294
42606,1133167,2077997,0.45284631848335266
42607,1133167,3698122,0.45284342765808105
42608,1133167,5731812,0.45270028710365295
42609,1133167,189070,0.45247602462768555
42610,1133167,4687604,0.4522336423397064
42611,1133167,7621417,0.45218026638031006
42612,1133167,3283700,0.45210403203964233
42613,1133167,820730,0.4520871043205261
42614,1133167,2575067,0.45198506116867065
42615,1133167,3477477,0.45183247327804565
42616,1133167,2575063,0.45181265473365784
42617,1133167,3281559,0.4517575800418854
42618,1133167,5979777,0.4517419934272766
42619,1133167,6597312,0.45160800218582153
42620,1133167,7760626,0.4515317976474762
42621,1133167,4473259,0.45152968168258667
42622,1133167,2838247,0.4514254331588745
42623,1133167,736504,0.45140159130096436
42624,1133167,7203794,0.4513950049877167
42625,1133167,3598498,0.451337069272995
42626,1133167,8841219,0.45130038261413574
42627,1133167,7919527,0.45121443271636963
42628,1133167,6866257,0.4511972665786743
42629,1133167,92965,0.45116540789604187
42630,1133167,7556813,0.4510747492313385
42631,1133167,7195787,0.45100659132003784
42632,1133167,5942018,0.45099934935569763
42633,1133167,7080084,0.45096656680107117
42634,1133167,5675129,0.4507747292518616
42635,1133167,6861504,0.4502720534801483
42636,1133167,3023119,0.45016786456108093
42637,1133167,1518522,0.4501130282878876
42638,1133167,682709,0.45004451274871826
42639,1133167,6252354,0.4499540627002716
42640,1133167,6298244,0.4498039484024048
42641,1133167,1471642,0.44979727268218994
42642,1133167,2972292,0.4497191905975342
42643,1133167,1303996,0.4495093822479248
42644,1133167,6090707,0.44946396350860596
42645,1133167,121823,0.44944825768470764
42646,1133167,6112588,0.449370801448822
42647,1133167,944810,0.44936656951904297
42648,1133167,6313837,0.4493038058280945
42649,1133167,5725765,0.4492781162261963
42650,1133167,7939416,0.44923949241638184
42651,1133167,5079598,0.4491739273071289
42652,1133167,3605494,0.44912290573120117
42653,1133167,4255858,0.4487219452857971
42654,1133167,5270369,0.4487121105194092
42655,1133167,424902,0.4487048387527466
42656,1133167,5602355,0.4486069083213806
42657,1133167,3023126,0.4483765959739685
42658,1133167,3839432,0.44835489988327026
42659,1133167,8500823,0.4482954144477844
42660,1133167,4212716,0.4481683373451233
42661,1133167,5362319,0.44815924763679504
42662,1133167,4697616,0.44814372062683105
42663,1133167,4742237,0.4480844736099243
42664,1133167,6429372,0.4480043947696686
42665,1133167,49292,0.4480012357234955
42666,1133167,8804474,0.44783562421798706
42667,1133167,7621422,0.4477880001068115
42668,1133167,3560910,0.4477718770503998
42669,1133167,2192761,0.4477549195289612
42670,1133167,7990566,0.44770902395248413
42671,1133167,8679279,0.44763797521591187
42672,1133167,4521040,0.4475802183151245
42673,1133167,6275435,0.4474472403526306
42674,1133167,3675052,0.4474344253540039
42675,1133167,4877974,0.44743436574935913
42676,1133167,4494102,0.44715416431427
42677,1133167,2798971,0.44715142250061035
42678,1133167,6259728,0.44696295261383057
42679,1133167,189066,0.4468541741371155
42680,1133167,1154651,0.446831077337265
42681,1133167,2575062,0.4467841386795044
42682,1133167,778173,0.4466816782951355
42683,1133167,555045,0.44656234979629517
42684,1133167,1640582,0.4464966058731079
42685,1133167,8841220,0.4464062452316284
42686,1133167,7919530,0.44615304470062256
42687,1133167,944807,0.4458473324775696
42688,1133167,663866,0.4458038806915283
42689,1133167,7556817,0.4457632899284363
42690,1133167,2896539,0.445686399936676
42691,1133167,5849391,0.4456329345703125
42692,1133167,5908479,0.4454789161682129
42693,1133167,4156326,0.4454072117805481
42694,1133167,6252355,0.4453510046005249
42695,1133167,6112591,0.4453268051147461
42696,1133167,4226019,0.44529247283935547
42697,1133167,6718026,0.445237398147583
42698,1133167,3283703,0.4452212452888489
42699,1133167,7666813,0.4451711177825928
42700,1133167,3143114,0.4451609253883362
42701,1133167,3319593,0.44500184059143066
42702,1133167,3310520,0.44499173760414124
42703,1133167,7203792,0.4449743628501892
42704,1133167,1451911,0.4448527693748474
42705,1133167,7210937,0.4448167681694031
42706,1133167,944813,0.44480353593826294
42707,1133167,7580378,0.44480234384536743
42708,1133167,4184345,0.44448405504226685
42709,1133167,2039840,0.4444802403450012
42710,1133167,8451125,0.44443279504776
42711,1133167,7236840,0.4443546533584595
42712,1133167,7204035,0.44433820247650146
42713,1133167,8003296,0.4442591071128845
42714,1133167,8679278,0.44418346881866455
42715,1133167,7568559,0.44417425990104675
42716,1133167,7203786,0.44403454661369324
42717,1133167,8055040,0.4439247250556946
42718,1133167,1526846,0.44392386078834534
42719,1133167,2353827,0.4437938928604126
42720,1133167,3081846,0.44375360012054443
42721,1133167,6778270,0.44368308782577515
42722,1133167,8679280,0.4435412287712097
42723,1133167,7835484,0.44353973865509033
42724,1133167,4316451,0.4435201585292816
42725,1133167,7236838,0.44348227977752686
42726,1133167,1407616,0.4433612823486328
42727,1133167,5160044,0.44333380460739136
42728,1133167,6313836,0.44328248500823975
42729,1133167,1234190,0.44323012232780457
42730,1133167,3656929,0.44319072365760803
42731,1133167,8162664,0.4431760907173157
42732,1133167,1577730,0.4430478811264038
42733,1133167,1131583,0.44294244050979614
42734,1133167,8585873,0.4427255392074585
42735,1133167,2623303,0.44266411662101746
42736,1133167,56745,0.4425921142101288
42737,1133167,2278260,0.4424951672554016
42738,1133167,2613879,0.4424815773963928
42739,1133167,3158420,0.4424514174461365
42740,1133167,8262417,0.44237732887268066
42741,1133167,2991267,0.4422762989997864
42742,1133167,3143117,0.44226574897766113
42743,1133167,6637205,0.4420876204967499
42744,1133167,4877976,0.442085325717926
42745,1133167,5942021,0.4420000910758972
42746,1133167,6882194,0.44174832105636597
42747,1133167,5148289,0.4417426586151123
42748,1133167,4316448,0.4417196810245514
42749,1133167,6692153,0.44169121980667114
42750,1133167,8482785,0.4416619539260864
42751,1133167,2242501,0.44148918986320496
42752,1133167,7320498,0.4413909316062927
42753,1133167,2777577,0.44138103723526
42754,1133167,5974647,0.4411201477050781
42755,1133167,7386855,0.4409974217414856
42756,1133167,2242496,0.4407532513141632
42757,1133167,402080,0.4405299127101898
42758,1133167,1826922,0.44034847617149353
42759,1133167,8156798,0.44030240178108215
42760,1133167,5833036,0.440279483795166
42761,1133167,6740658,0.44023290276527405
42762,1133167,1026745,0.440059095621109
42763,1133167,2613875,0.4400408864021301
42764,1133167,8021464,0.4398902654647827
42765,1133167,8003298,0.4398755431175232
42766,1133167,4691229,0.4397711753845215
42767,1133167,7210929,0.43973666429519653
42768,1133167,7939421,0.4396233856678009
42769,1133167,8679283,0.43954962491989136
42770,1133167,7671674,0.43951937556266785
42771,1133167,4212708,0.43947476148605347
42772,1133167,6402235,0.43936261534690857
42773,1133167,4457260,0.43927979469299316
42774,1133167,4040407,0.43925851583480835
42775,1133167,5283198,0.43912214040756226
42776,1133167,4135720,0.4390476942062378
42777,1133167,3768169,0.4390261173248291
42778,1133167,8369363,0.438930869102478
42779,1133167,1518523,0.43878746032714844
42780,1133167,7264853,0.43868690729141235
42781,1133167,3283696,0.4386417269706726
42782,1133167,4943767,0.43861889839172363
42783,1133167,3432696,0.43861493468284607
42784,1133167,1427368,0.43853840231895447
42785,1133167,7684531,0.43847793340682983
42786,1133167,1154650,0.43844446539878845
42787,1133167,3325645,0.43844133615493774
42788,1133167,4067767,0.43839794397354126
42789,1133167,5844815,0.43828487396240234
42790,1133167,1299748,0.438246488571167
42791,1133167,6637208,0.4381769299507141
42792,1133167,5664804,0.43803536891937256
42793,1133167,6279587,0.4379820227622986
42794,1133167,3122931,0.4379745423793793
42795,1133167,8391784,0.4379686713218689
42796,1133167,7024607,0.43783503770828247
42797,1133167,2353819,0.4377696216106415
42798,1133167,7939419,0.4377096891403198
42799,1133167,6715852,0.437671035528183
42800,1133167,4742235,0.4376540184020996
42801,1133167,7809376,0.4376412630081177
42802,1133167,4804530,0.4374001622200012
42803,1133167,6159711,0.43728864192962646
42804,1133167,7180900,0.4372705817222595
42805,1133167,8585875,0.4371502697467804
42806,1133167,7919532,0.4371439218521118
42807,1133167,8156852,0.43709492683410645
42808,1133167,6364211,0.43706849217414856
42809,1133167,2242497,0.43696871399879456
42810,1133167,8156633,0.4369117021560669
42811,1133167,6337247,0.43688642978668213
42812,1133167,4557437,0.4366995394229889
42813,1133167,4691227,0.43669551610946655
42814,1133167,8666995,0.43667978048324585
42815,1133167,7671672,0.4366312623023987
42816,1133167,1577725,0.4366307854652405
42817,1133167,8526606,0.43662822246551514
42818,1133167,157948,0.43651148676872253
42819,1133167,8162661,0.43646055459976196
42820,1133167,8019292,0.43645134568214417
42821,1133167,6698870,0.43643295764923096
42822,1133167,3017854,0.43637537956237793
42823,1133167,5836570,0.43628793954849243
42824,1133167,8507215,0.43625620007514954
42825,1133167,1192396,0.4361797273159027
42826,1133167,767472,0.43612098693847656
42827,1133167,4184339,0.43608105182647705
42828,1133167,5010570,0.4360416531562805
42829,1133167,8576585,0.4360118508338928
42830,1133167,5309364,0.43598246574401855
42831,1133167,6753336,0.4359780550003052
42832,1133167,6157112,0.4359074831008911
42833,1133167,3477479,0.4358188509941101
42834,1133167,1698019,0.43577203154563904
42835,1133167,7203787,0.4357483386993408
42836,1133167,4877975,0.43568724393844604
42837,1133167,7526205,0.43568557500839233
42838,1133167,4589873,0.43562620878219604
42839,1133167,3921780,0.43560898303985596
42840,1133167,3238898,0.435581237077713
42841,1133167,4668282,0.43557286262512207
42842,1133167,5780610,0.43555235862731934
42843,1133167,4606105,0.435345858335495
42844,1133167,1192395,0.43520522117614746
42845,1133167,5950015,0.43517568707466125
42846,1133167,2584188,0.43512457609176636
42847,1133167,5985456,0.43511271476745605
42848,1133167,2662572,0.435067355632782
42849,1133167,7079195,0.43505218625068665
42850,1133167,2758590,0.43488800525665283
42851,1133167,7053535,0.43484076857566833
42852,1133167,2982589,0.43483245372772217
42853,1133167,1451918,0.4348117411136627
42854,1133167,6279586,0.4347899556159973
42855,1133167,5850930,0.4347706437110901
42856,1133167,7697415,0.4345877170562744
42857,1133167,7990570,0.434512734413147
42858,1133167,232758,0.43447139859199524
42859,1133167,3010919,0.43447017669677734
42860,1133167,6090706,0.43429481983184814
42861,1133167,288942,0.4342260956764221
42862,1133167,5990525,0.43421512842178345
42863,1133167,168597,0.43407106399536133
42864,1133167,902115,0.43406862020492554
42865,1133167,2758587,0.43404361605644226
42866,1133167,1510809,0.43402522802352905
42867,1133167,6247814,0.4340217709541321
42868,1133167,4557442,0.43390947580337524
42869,1133167,2785397,0.4339020550251007
42870,1133167,6013109,0.43386465311050415
42871,1133167,8484846,0.43376585841178894
42872,1133167,8724232,0.4337128698825836
42873,1133167,8002815,0.43364018201828003
42874,1133167,1682798,0.43344947695732117
42875,1133167,7616511,0.4334419071674347
42876,1133167,6259726,0.4334391951560974
42877,1133167,1008744,0.4334363341331482
42878,1133167,8724234,0.43340450525283813
42879,1133167,8403740,0.4332568049430847
42880,1133167,538291,0.4332312345504761
42881,1133167,4151199,0.4332241714000702
42882,1133167,2730471,0.4332212209701538
42883,1133167,168602,0.4331481456756592
42884,1133167,7988321,0.43310439586639404
42885,1133167,1940341,0.4330275058746338
42886,1133167,5093348,0.43299970030784607
42887,1133167,1859306,0.4329602122306824
42888,1133167,6090701,0.43289485573768616
42889,1133167,916901,0.4328267574310303
42890,1133167,2795379,0.43280845880508423
42891,1133167,2192763,0.4327392280101776
42892,1133167,5311702,0.432583749294281
42893,1133167,8332517,0.43250560760498047
42894,1133167,232757,0.43240606784820557
42895,1133167,4308071,0.43239840865135193
42896,1133167,7778556,0.4323543906211853
42897,1133167,5134421,0.43228042125701904
42898,1133167,8274656,0.4322424530982971
42899,1133167,8803282,0.4322318434715271
42900,1133167,1194294,0.43211621046066284
42901,1133167,4940762,0.4320874810218811
42902,1133167,678473,0.4319985508918762
42903,1133167,1192388,0.43198123574256897
42904,1133167,7182761,0.4318617284297943
42905,1133167,1726006,0.43183279037475586
42906,1133167,7919525,0.4317976236343384
42907,1133167,1688903,0.43178606033325195
42908,1133167,6859194,0.43170490860939026
42909,1133167,1726003,0.4316510558128357
42910,1133167,56748,0.4314935803413391
42911,1133167,8037286,0.431415319442749
42912,1133167,3433633,0.43141478300094604
42913,1133167,1833598,0.43130847811698914
42914,1133167,2459632,0.431269109249115
42915,1133167,3158416,0.4311513900756836
42916,1133167,6153036,0.43104875087738037
42917,1133167,5881055,0.4310142993927002
42918,1133167,5160041,0.4309832453727722
42919,1133167,7024606,0.4309486150741577
42920,1133167,2996831,0.43094688653945923
42921,1133167,6010156,0.43094635009765625
42922,1133167,4880066,0.4309234619140625
42923,1133167,2226040,0.4308502674102783
42924,1133167,6020824,0.4308435916900635
42925,1133167,3921778,0.4307708740234375
42926,1133167,3851743,0.43074995279312134
42927,1133167,7011588,0.4307488203048706
42928,1133167,6020816,0.43073177337646484
42929,1133167,5836571,0.4307200312614441
42930,1133167,4922620,0.4306827783584595
42931,1133167,1644362,0.4306696057319641
42932,1133167,1451916,0.4305519461631775
42933,1133167,8839923,0.4305359721183777
42934,1133167,6352487,0.4305265545845032
42935,1133167,3921779,0.4305155873298645
42936,1133167,2077995,0.43046730756759644
42937,1133167,1303999,0.4304651916027069
42938,1133167,2996828,0.4304552674293518
42939,1133167,3143112,0.4303790330886841
42940,1133167,8188050,0.4302046597003937
42941,1133167,3664592,0.4301011562347412
42942,1133167,2063572,0.430087685585022
42943,1133167,1982023,0.430064857006073
42944,1133167,3964694,0.4299742579460144
42945,1133167,2575065,0.42987099289894104
42946,1133167,1164676,0.42986077070236206
42947,1133167,1474609,0.4297351837158203
42948,1133167,5362315,0.42968565225601196
42949,1133167,1379378,0.42965877056121826
42950,1133167,4877973,0.4296247661113739
42951,1133167,7964421,0.429598331451416
42952,1133167,5159237,0.4295804798603058
42953,1133167,2654288,0.4295710325241089
42954,1133167,3803846,0.4295095205307007
42955,1133167,916906,0.4294798672199249
42956,1133167,5362314,0.4294424057006836
42957,1133167,1726004,0.42941075563430786
42958,1133167,1192391,0.42917534708976746
42959,1133167,4212710,0.4290187656879425
42960,1133167,314850,0.42896050214767456
42961,1133167,8335769,0.42893797159194946
42962,1133167,7195806,0.42884284257888794
42963,1133167,4040412,0.4288148283958435
42964,1133167,7809374,0.4288129210472107
42965,1133167,7193632,0.42861878871917725
42966,1133167,7666814,0.42856743931770325
42967,1133167,6250417,0.4284605383872986
42968,1133167,6781077,0.42844459414482117
42969,1133167,6345397,0.42836475372314453
42970,1133167,5731807,0.4283459186553955
42971,1133167,1239951,0.42821815609931946
42972,1133167,6157114,0.4281791150569916
42973,1133167,6488037,0.42801642417907715
42974,1133167,4683944,0.4279627799987793
42975,1133167,7193633,0.42795121669769287
42976,1133167,2161379,0.42794138193130493
42977,1133167,1760039,0.42787986993789673
42978,1133167,7526207,0.4278795123100281
42979,1133167,8013045,0.4278510808944702
42980,1133167,515473,0.4278056025505066
42981,1133167,3826851,0.42778903245925903
42982,1133167,8405630,0.4277435839176178
42983,1133167,5725762,0.4277079403400421
42984,1133167,4224209,0.4275595545768738
42985,1133167,1859309,0.4274337887763977
42986,1133167,6467521,0.42740899324417114
42987,1133167,2106625,0.42738109827041626
42988,1133167,373457,0.4273587167263031
42989,1133167,8003300,0.42715543508529663
42990,1133167,8350598,0.4271322786808014
42991,1133167,8156619,0.42703306674957275
42992,1133167,2242499,0.4269842803478241
42993,1133167,1313346,0.42697370052337646
42994,1133167,8403745,0.42686426639556885
42995,1133167,1259996,0.42683711647987366
42996,1133167,4742238,0.4268242418766022
42997,1133167,1668325,0.42671144008636475
42998,1133167,3752795,0.4266785979270935
42999,1133167,4087506,0.4266166388988495
